# Cpu scheduler: sjf
# Quantum: None
pid arrival_time cpu_bursts_time io_bursts_time bursts_time tat ready_wait_time io_wait_time
2 8.33688817761712 53.73258463114279 14.660324734418865 68.39290936556166 160.6968467625553 92.30393739699363 14.660324734418873
20 207.8899576939742 25.79959554792955 9.33253006933569 35.13212561726524 63.43945857086206 28.30733295359684 9.332530069335718
14 169.40535166101768 48.51460606860836 14.586279177220101 63.100885245828465 179.1746738959988 116.07378865017037 14.586279177220035
31 349.7341363331574 27.309407267934183 8.727964200197956 36.03737146813214 73.12566507697414 37.065192771656825 8.75106503738317
55 584.7173047420292 40.390587246109256 10.040196753217408 50.43078399932666 152.41533732934636 101.98455333001982 10.040196753217401
89 865.5456167971627 53.45016423467056 14.513663741709301 67.96382797637986 129.00621961572847 61.04239163934881 14.513663741709252
87 859.4690429935634 36.82628663292457 8.165888071389944 44.992174704314515 387.1501688803377 342.15799417602295 8.1658880713901
16 173.3355292534047 24.187582799651302 5.333622469764192 29.521205269415496 1229.1915375021158 1199.3533903523887 5.6505643500757685
26 291.7773616543683 29.330225645776 9.266450712533285 38.59667635830928 1139.1142227250543 1100.2302122359808 9.553784843297649
23 234.56791856724453 53.289742923094394 16.506443356375744 69.79618627947013 1257.444916272242 1187.6487299927721 16.50644335637554
83 844.2986651405454 44.60983075654744 15.668837303592861 60.278668060140305 701.5847554912241 640.7783240762737 16.196600658402872
88 860.5540124787514 38.54785959950038 10.312190623400866 48.860050222901236 704.5167505123903 655.6567002894893 10.312190623400738
21 216.3463199800093 69.19020245235859 23.059001458975867 92.24920391133446 1379.0740885080227 1284.8224114442226 25.06147461144144
90 872.4284945554164 71.70779041431041 19.954106091184812 91.66189650549522 971.5835534352123 879.7948529464215 20.08091007447956
48 538.1664791238372 38.08816012521686 8.557572544396947 46.64573266961382 1363.9204169084508 1317.1872318557841 8.645024927449867
64 666.6340524240218 62.281963932571394 13.492874218405658 75.77483815097705 1316.3689489299682 1240.5941107789913 13.492874218405518
1 7.257311225422684 78.96994286713439 20.80944915390073 99.77939202103514 2083.8645763539193 1984.0851843328835 20.809449153901078
42 427.5083792450374 46.948269496775836 11.122203960029605 58.07047345680544 1804.895575948833 1746.8251024920276 11.122203960029651
6 71.81459143092839 49.11683252172396 9.858395947745237 58.9752284694692 2175.339119090153 2115.595792670274 10.626493898155033
12 130.86284280174687 49.348595679016576 9.228648317306991 58.57724399632357 2214.703872301814 2156.126628305491 9.228648317306124
85 849.0422695642188 42.69566477990974 13.70874782571636 56.4044126056261 1537.885063434821 1481.4806508291947 13.708747825716387
72 721.9045328257798 50.52804366088844 12.844130378286167 63.37217403917461 1753.4430189534523 1690.0708449142776 12.844130378285968
34 369.2899443969924 39.50110225404241 9.893261548210601 49.39436380225301 2353.8360661623087 2304.168774585723 10.166189322543403
79 820.1018188103372 62.99263796359751 12.397961580345633 75.39059954394315 1917.1263247215456 1841.7357251776034 12.397961580345054
46 468.67259795515304 51.86436744179744 14.899434357199695 66.76380179899712 2350.7104967097594 2283.6112175934545 15.234911674508112
91 874.6799079411478 36.824043494556186 11.633770991439835 48.457814485996025 1984.825556641634 1936.367742155638 11.63377099143986
93 908.5308338983907 75.80360958316862 22.67891623456123 98.48252581772984 2012.753303188472 1913.8484652124241 23.101228392879307
28 312.74248847117025 42.170352570446816 10.148068629103836 52.31842119955066 2631.0082689067244 2578.6898477071745 10.148068629103818
60 628.465591297954 59.44188119040898 22.2352020336441 81.67708322405309 2319.7099727748273 2237.351029804512 22.917061779905907
18 203.83902530179023 45.485636530344685 14.601539696097062 60.08717622644175 2786.700384588401 2726.613208361959 14.601539696097007
76 795.1264929534427 45.98026218858562 11.58100680794865 57.561268996534274 2307.8919991264765 2250.3307301299424 11.581006807948711
52 572.4022308575034 68.32680713238977 14.054563720855995 82.38137085324578 2535.0551670053583 2452.6737961521135 14.054563720855185
10 114.91332891087532 84.01522141749777 20.789886465197057 104.80510788269481 3074.5529526546443 2969.747844771949 20.789886465197526
44 459.6764620133114 84.58135313031609 17.59289880552661 102.1742519358427 2738.743619125834 2636.544329105383 17.617936890134956
25 249.2962319039098 34.015143269044785 13.03373176600607 47.048875035050855 3022.819845088403 2975.7709700533524 13.033731766006213
63 643.8552951987936 69.57278493234101 13.655142658356759 83.22792759069777 2654.515986415978 2570.478089457616 14.465112026021188
49 540.3213059263601 76.74013762637931 20.14383533731255 96.88397296369185 2800.3649221361493 2703.1308747541693 20.493909755600725
86 855.6093786899419 82.35086686788588 18.866835833854466 101.21770270174036 2529.489840778993 2428.272138077253 18.866835833854452
11 117.82175554956605 78.63092293368078 21.329102222484966 99.96002515616576 3311.339514495156 3211.3794893389904 21.329102222485147
53 573.7571455103073 45.28302666511906 10.838343497129708 56.12137016224877 2936.6272453929105 2880.19071244765 11.153506280141187
74 775.0198510178216 26.033080612576352 7.771601233268591 33.80468184584495 2784.5820331884825 2750.7773513426378 7.771601233268711
22 223.3685861155171 39.82295359152102 9.890894409211496 49.71384800073252 3367.6549177479824 3316.8445603410946 10.987403815366832
95 940.4722335591398 55.17549518711232 11.740048412404553 66.91554359951687 2691.1699252721983 2624.2543816726807 11.740048412404576
40 424.59851867459605 71.34203954575177 17.70168947275362 89.0437290185054 3337.5812030031852 3248.362063602613 17.877099854820358
33 357.62647109023374 74.44879816776275 18.45522434914278 92.90402251690553 3472.806863606224 3379.9028410893184 18.45522434914278
7 75.63250317271252 53.77790091702051 13.094823212743385 66.8727241297639 3762.7504337896344 3695.75458866188 13.217944210733535
57 598.4706237666975 54.87265090728309 13.020427703742698 67.89307861102579 3288.881599996039 3220.866644130732 13.142304958024397
19 204.1156896430209 64.0461979976889 15.137816090998498 79.1840140886874 3776.4795898181815 3697.181143042765 15.252248777727345
69 690.3595068707062 66.80757993034874 18.46373087699735 85.27131080734608 3306.53126855531 3221.259957747964 18.46373087699726
47 528.5273937962962 72.62643285564982 16.77393637517445 89.40036923082425 3492.3983178431795 3402.842265399503 16.929619588026526
99 950.0996936342475 88.15374224113498 19.17002249311786 107.32376473425282 3167.398215500308 3060.074450766055 19.170022493118722
97 947.421432172233 63.093731014095326 15.917731300948514 79.01146231504384 3204.161833039262 3124.9207933548805 16.147308670286293
29 316.522432840262 52.83895850527275 14.682088036652479 67.52104654192523 3840.923180834805 3773.4021342928804 14.68208803665226
80 828.5650066539216 106.21612374452562 25.811074176229788 132.02719792075538 3403.827716705778 3271.6863503634813 25.925242597771557
15 171.78741804021115 86.42435719321914 19.59331035618212 106.01766754940125 4227.754743435893 4121.413041476888 19.917344765784804
92 907.653212440399 90.07947404520583 19.329568725376895 109.40904277058272 3515.2124985947307 3405.3096259256104 19.823398623915182
67 678.3277712021198 100.75452661092339 23.100232188732523 123.8547587996559 3752.297748098915 3628.289593749404 23.253627738588875
62 642.1351644567916 68.3330845490288 16.43302407409076 84.76610862311954 3821.6912372119955 3736.9251285888768 16.433024074090667
82 837.4568902256447 59.812351172205275 13.955932720041993 73.76828389224727 3629.6053296601144 3555.8370457678675 13.955932720041801
37 390.81400309370883 49.25042518426601 12.866004215848557 62.11642940011457 4240.595425380841 4178.478995980727 12.866004215848307
65 675.0308810417624 75.12371059854719 18.844913924179576 93.96862452272678 3974.5286769238314 3880.560052401106 18.84491392417908
43 448.14942862995304 69.87204750046321 16.55782988977578 86.42987739023899 4348.312382822079 4261.8825054318395 16.55782988977535
71 714.4047855670397 18.780582030971388 2.5061459134906463 21.286727944462033 4110.287746415294 4089.001018470833 2.5061459134904
94 913.7741165762724 49.30840194061431 12.585446699296135 61.893848639910445 3939.5012472579115 3877.6073986180013 12.585446699295971
73 742.7313095311354 116.70931868079698 26.520484978456377 143.22980365925335 4135.020590196651 3991.7907865373977 26.520484978456807
45 468.0625932044005 39.724503332221076 6.948142107190671 46.672645439411745 4497.339404754049 4450.6667593146385 6.948142107190051
8 99.47217416520435 113.83999357088545 24.034289542286935 137.87428311317237 4915.047910648612 4777.090829432056 24.11708764567075
54 581.6637443471283 80.39371304029594 20.57798180059058 100.97169484088651 4454.413598555656 4353.441903714769 20.577981800590464
98 947.573475267916 49.65233858079706 11.057332764034417 60.70967134483147 4113.149713856663 4052.440042511832 11.057332764034527
70 713.6813796803377 64.32399245969845 16.19017260565717 80.51416506535563 4355.416034906145 4274.423148801856 16.66889364459098
30 346.24968037721817 76.2443138564008 16.340742019605493 92.58505587600631 4742.216194950598 4649.591523670935 16.380357423261557
3 22.237600383538858 62.68689307297281 11.29722234624985 73.98411541922266 5162.444273924607 5088.460158505382 11.297222346250237
39 419.8007020258681 61.91972365789766 12.252105240992964 74.17182889889064 4781.476908487923 4707.150523796392 12.406661033632986
61 640.5897761186967 57.4784637392275 16.767995293248187 74.2464590324757 4576.333493415739 4502.087034383263 16.767995293248532
66 677.0610973098388 88.08877571798836 21.007698442017144 109.0964741600055 4572.743725089401 4463.520069813556 21.134879557857403
0 5.396058372591854 74.77501027962298 16.01411178522115 90.78912206484414 5264.537559156177 5173.7484370913335 16.014111785220706
59 606.3425078485803 61.55752848716754 11.78789048357104 73.34541897073859 4707.334212926642 4633.959134611635 11.817549827838775
5 63.61121606848236 52.00126364536339 14.628661669347983 66.62992531471136 5324.557563519942 5257.927638205233 14.628661669346684
41 427.08478207067867 74.50411367037458 18.735811914978136 93.23992558535271 5013.637040337061 4920.397114751706 18.73581191497925
51 567.5085030493797 89.96911553166362 17.695463111791145 107.66457864345476 4896.584385911705 4788.700977398947 17.91429298109483
68 680.7068073587163 109.1868320057482 19.731763753485694 128.91859575923388 4872.927083583497 4744.008487824264 19.731763753484643
24 245.79381386994274 90.06901043671259 18.41101689602595 108.48002733273853 5331.745410517282 5223.265383184543 18.411016896025984
9 105.63181850553832 76.37545396124385 13.73045484764195 90.1059088088858 5481.671457726911 5391.565548918026 13.730454847642193
78 812.5050689851557 75.14339553014919 23.598946663165563 98.74234219331476 4815.40210359509 4716.6597614017755 23.598946663165748
75 785.5028497964279 81.04847333286209 17.766126748270715 98.8146000811328 4889.322383680405 4790.299697762528 17.974212585014584
38 398.0853116863597 45.555412129138965 8.848225151293905 54.40363728043287 5320.486508143567 5266.082870863135 8.848225151293263
84 845.7744583669366 59.08828090381293 12.613425840757415 71.70170674457034 4919.30417800676 4847.60247126219 12.613425840757372
56 594.213513745586 108.54207682884538 23.594190602594608 132.13626743144 5227.4234125467565 5095.056517604338 23.82481811357229
32 353.61756118881374 46.097589746028575 8.906003533755971 55.00359327978455 5472.2369656095025 5417.233372329718 8.90600353375612
81 832.076621556681 43.482471567326 11.10701204038535 54.58948360771136 5003.623832314925 4949.034348707213 11.10701204038503
35 374.89242011720535 61.32638203300648 15.808240408225593 77.13462244123207 5517.621265721722 5440.486643280492 15.80824040822472
96 946.405765685995 73.30567666528505 18.96385485832718 92.26953152361222 4984.22278799678 4891.398134577644 19.518976753851803
17 179.83779527846008 55.11021572174355 16.532983938819896 71.64319966056344 5758.376962086596 5685.686936888576 17.579809476276466
27 311.4554329501681 74.00032699589248 15.79161942835027 89.79194642424274 5731.125723342256 5640.862156620709 16.263239725654557
58 605.7694109905837 59.54804571328681 12.97455855483927 72.52260426812609 5452.0583733103285 5379.5357690422015 12.97455855483986
13 146.24779355242538 65.12381304578815 15.97010952694719 81.09392257273534 5913.867043202809 5832.158080182211 16.58514997481052
50 559.2771116314799 79.69124590098701 17.783892039193198 97.47513794018022 5583.148746531448 5485.673608591266 17.78389203919437
36 380.479238075319 55.16964214669201 16.178217385198227 71.34785953189024 5778.5700518397125 5707.222192307824 16.17821738519649
4 43.94809097096794 59.13329244136932 12.391241873418343 71.52453431478764 6189.655941564801 6117.7934206050195 12.72922851841227
77 804.325299876692 75.0626570981285 16.770414478806718 91.83307157693523 5433.928071114257 5342.094999537324 16.770414478807425
