# Cpu scheduler: rr
# Quantum: 0.01
pid arrival_time cpu_bursts_time io_bursts_time bursts_time tat ready_wait_time io_wait_time
0 13.490145931479635 19.86389003106922 4.40282235704423 24.26671238811345 55.78874953577346 30.726744831075226 5.198114673629311
2 20.842220444042795 14.859176070126978 3.832064946883773 18.69124101701075 48.48034723026592 29.473815209057214 4.147355951082368
1 18.143278063556707 22.107771429681602 5.561889830780146 27.669661260461748 62.81540373390327 35.02375921408395 5.683873090135485
3 55.59400095884714 14.965210341441423 3.0594444692499696 18.02465481069139 33.11618624622212 13.974899010754257 4.176076894020277
4 109.87022742741983 15.459254715707702 3.3782483746836682 18.837503090391372 18.837503090398215 0.0 3.3782483746836647
5 159.02804017120587 15.55569596059593 3.9257323338695964 19.48142829446553 19.481428294451433 0.0 3.925732333869604
6 179.53647857732093 12.568536946858217 2.671679189549047 15.240216136407264 19.2391960993846 3.7237095864753087 2.946949566062443
7 189.08125793178127 14.864211213002278 3.5189646425486774 18.38317585555096 22.11419736700205 3.7310215114645757 3.518964642548667
8 248.68043541301085 27.75999928565394 6.406857908457386 34.16685719411132 53.02263391304831 18.45226885027199 6.8103657771475525
9 264.07954626384577 18.263939329027096 3.7460909695283897 22.01003029855548 45.005522111312644 22.986419531171464 3.755163251130625
10 287.2833222771883 21.77946904638864 5.457977293039412 27.237446339428057 58.21358576127034 30.746809974294536 5.687306740606857
11 294.5543888739151 22.070102548186753 5.665820444496993 27.735922992683747 56.74191324915449 28.640899153504847 6.030911547483015
12 327.15710700436716 12.594288408779619 2.5457296634613984 15.140018072241018 28.647531043155936 12.963364120968038 3.0898785134196487
13 365.6194838810635 17.013757005087573 4.194021905389437 21.207778910477014 21.207778910461514 0.0 4.194021905389434
16 433.3388231335118 7.1319536444057015 1.4667244939528388 8.59867813835854 22.337217634559636 13.699061269034132 1.5062027211262148
14 423.51337915254425 15.168289563178705 3.9172558354440206 19.085545398622727 37.024601482754065 17.672767563588934 4.183544356000198
15 429.46854510052793 22.047150799246573 5.218662071236425 27.265812870482996 53.57086273793226 26.305049867469165 5.2186620712364515
17 449.5944881961503 15.901135080193727 4.306596787763979 20.207731867957705 35.372448384579684 15.164716516636474 4.306596787763908
18 509.59756325447563 13.942848503371632 3.820307939219412 17.763156442591043 37.910153870518 19.94329209213248 4.024013275026505
20 519.7248942349355 9.088843949769949 2.4665060138671375 11.555349963637088 28.38754304016652 16.526366736370164 2.7723323540346883
19 510.2892241075523 16.894021999743213 4.027563218199699 20.921585217942916 44.02154298375547 22.345654782557233 4.781866201470393
22 558.4214652887928 10.646994843502336 2.5781788818422995 13.225173725344634 21.745593736480714 8.112861127204724 2.9857377657833695
21 540.8657999500233 21.91002249470651 6.1118002917951735 28.02182278650168 43.85745717333964 15.17810737113723 6.769327307515937
23 586.4197964181113 16.587749213677156 4.4012886712751484 20.9890378849523 20.98903788493726 0.0 4.401288671275097
25 623.2405797597745 12.668349252116084 3.506746353201214 16.175095605317303 26.955148849405873 10.218616084893483 4.068183512407927
24 614.4845346748568 22.452112270745843 4.98220337920519 27.434315649951028 37.92489335463847 10.206979599328179 5.2658014845845855
26 729.4434041359207 9.481136182864002 2.4532901425066562 11.934426325370657 11.934426325361983 0.0 2.4532901425067166
28 781.8562211779256 11.796705841160758 2.7296137258207676 14.526319566981524 29.82911859013825 15.302799023167381 2.729613725820741
27 778.6385823754201 18.00003633287694 4.158323885670054 22.158360218547 41.23646507955459 18.52324953816901 4.7131792085252755
29 791.306082100655 14.759884278363637 3.8364176073304956 18.596301885694132 34.10139891744916 14.844298356081481 4.497216283017451
31 874.3353408328934 8.367711918659353 2.2455928400395915 10.613304758698945 20.813598434720348 10.200293676028991 2.2455928400396488
30 865.6242009430454 19.138257095155645 4.368148403921099 23.50640549907674 40.549740323400556 16.48524880271566 4.9262344255466815
32 884.0439029720343 11.344176638447621 2.381200706751194 13.725377345198815 30.916028327570643 16.455993620966524 3.115858068166858
33 894.0661777255842 19.827644240862526 4.891044869828557 24.718689110691084 38.9293171055308 14.21062799485776 4.891044869828534
34 923.2248609924809 11.500122472671379 2.6786523096421195 14.178774782313498 20.531328729953543 6.293902629469585 2.737303627823053
35 937.2310502930133 16.59182022588961 4.161648081645119 20.753468307534725 29.74947429876306 8.996005991243123 4.161648081645126
36 951.1980951882973 16.796626905188 4.335643477039644 21.132270382227645 28.57281245065019 7.406905192067256 4.369280353410318
37 977.0350077342719 13.472269464918448 3.373200843169711 16.845470308088156 17.87899598704996 1.0335256789740015 3.373200843169684
38 995.2132792158991 11.28393468101544 2.369645030258781 13.653579711274222 13.653579711264001 0.0 2.3696450302587664
39 1049.50175506467 16.657747073099742 3.4504210481985926 20.108168121298338 33.20424750049551 12.802374461397903 3.744125966013371
42 1068.7709481125935 13.21647438853065 3.0244407920059206 16.240915180536568 42.5393931559438 26.119340518585886 3.203578248838994
40 1061.49629668649 19.482448838416865 4.740337894550724 24.22278673296759 56.56675755341303 31.852872249820166 5.231436465193838
41 1067.7119551766966 19.833790407819393 4.947162382995626 24.78095279081502 55.302380900652 30.521428109854696 4.947162382995657
43 1120.3735715748824 18.430227500051465 4.4115659779551555 22.84179347800662 24.052557980457095 1.2107645024675548 4.411565977954979
44 1149.1911550332782 20.953483681146235 4.718579761105321 25.67206344225156 32.21925135848892 6.547187916256462 4.718579761105275
45 1170.156483011001 9.747167036913455 1.8896284214381343 11.636795458351587 22.29621528019129 10.65941982184836 1.889628421438374
46 1171.6814948878823 15.540485271310827 3.979886871439939 19.520372142750766 29.583134593166278 10.062762450429773 3.9798868714399305
47 1321.3184844907405 18.736270317294423 4.4547872750348905 23.191057592329315 23.191057592311836 0.0 4.454787275034732
48 1345.4161978095929 10.454240013912987 2.3115145088793896 12.765754522792376 17.442235702491416 4.60373611645241 2.3842595721353064
49 1350.8032648158999 20.971126402931034 5.328767067462509 26.299893470393542 30.890129549772382 4.590236079398437 5.328767067462195
50 1398.1927790786992 20.410138433443002 4.75677840783864 25.16691684128164 28.228746527839576 3.061829686576175 4.756778407838738
53 1434.3928637757676 12.142558518346561 2.8676686994259417 15.010227217772503 45.20633730365512 30.039384937193745 3.0243938481255555
51 1418.7712576234487 22.441012836851513 4.839092622358229 27.28010545920974 65.46423290590633 37.62754307202181 5.395676997053215
52 1431.0055771437578 17.3696452369322 3.8109127441711985 21.180557981103398 62.461936889533945 40.50982485013242 4.582466802484987
55 1461.7932618550726 11.598954138456584 2.7080393506434817 14.306993489100066 48.26265082720852 33.95565733811918 2.708039350643503
54 1454.1593608678202 21.377079226699546 5.415596360118116 26.792675586817666 94.12168314841801 66.60712242959448 6.137481492143252
57 1496.1765594167432 14.096961211920343 3.4040855407485395 17.501046752668884 62.07365782042325 43.404842306932096 4.5718543015836985
59 1515.8562696214503 14.83972538746306 3.157578096714208 17.99730348417727 61.14201346798359 42.71905550786937 3.583232572664656
58 1514.4235274764585 15.505338412587424 3.494911710967854 19.000250123555283 63.60743676912989 44.252294743076845 3.8498036134797076
56 1485.5337843639647 27.17134186987171 6.3188381205189215 33.49017999039063 99.6331419758883 65.93679595616118 6.52500414988026
60 1571.1639782448844 20.826875687823218 5.947040406728821 26.77391609455204 38.31569684959982 11.541780755066384 5.9470404067287745
61 1601.4744402967412 16.16427374880306 4.353599058649637 20.517872807452694 46.68698787436415 25.95035253749211 4.572361588083595
62 1605.3379111419786 18.259231616558754 4.386604814818151 22.645836431376907 50.47426313422602 27.577232388923903 4.63779912875998
63 1609.6382379969837 17.508087214704556 3.7310285316713516 21.239115746375905 47.29171514153495 25.421799527505982 4.3618283993405385
64 1666.5851310600542 15.809107103619047 3.598574843681132 19.407681947300176 19.407681947285937 0.0 3.5985748436810354
65 1687.5772026044058 19.90263451094969 4.968982784835916 24.8716172957856 71.74525651906924 46.35782276749069 5.484799240647135
66 1692.6527432745968 23.120975079776485 5.601539688403428 28.722514768179913 94.83453165914807 65.21741049905108 6.496146080341532
67 1695.8194280052994 25.41716962343593 6.120046437746504 31.53721606118244 110.74256123922805 78.45826767855738 6.867123937257702
71 1786.0119639175991 4.753398003441266 0.7012291826981293 5.454627186139394 23.717578312741807 18.26295112660705 0.7012291826979435
69 1725.8987671767654 18.97861999226097 4.892746175399471 23.871366167660444 88.31217255634056 63.9953600958886 5.338192468208035
68 1701.7670183967905 25.46520355619424 5.346352750697137 30.81155630689138 112.98836682884462 81.39583207433111 6.12733119834229
70 1784.2034492008443 16.924888051077605 4.238034521131434 21.16292257220904 52.99303042152337 31.043593768709798 5.024548601751121
72 1804.7613320644496 13.614227073432051 3.3688260756572332 16.983053149089283 32.929666056195856 15.929474291265251 3.385964691510708
73 1856.8282738278383 28.967702075644112 7.004096995691275 35.97179907133539 35.971799071309306 0.0 7.004096995691043
74 1937.549627544554 8.225897845841818 2.0543202466537185 10.280218092495536 10.28021809248844 0.0 2.0543202466537878
75 1963.7571244910698 20.560941481429122 4.753225349654142 25.31416683108326 26.564166831063176 1.2499999999988631 4.753225349653803
76 1987.816232383607 12.220029132065068 3.0162013615897303 15.236230493654798 16.49128943217056 1.2550589385270996 3.0162013615895376
77 2010.8132496917303 19.895850788680946 4.5540828957613435 24.44993368444229 27.601358440324475 2.856599081088234 4.848908570573485
78 2031.2626724628894 21.68259950334991 6.119789332633113 27.80238883598302 38.42720159949249 10.123900595850728 6.620701500060932
79 2050.2545470258433 14.99918199595528 3.2795923160691265 18.278774312024407 28.621025318262127 10.342251005912203 3.279592316068374
81 2080.1915538917024 11.942496840814 2.92140240807707 14.86389924889107 30.601519702380756 15.091335604256528 3.5676872570502383
82 2093.6422255641114 16.423594574689474 3.7911865440083994 20.21478111869787 74.33699632939215 53.789186709281694 4.124215045063465
80 2071.412516634804 28.690680416058402 6.962214835245957 35.65289525130436 109.77881014170407 73.18412811348344 7.904001611537751
83 2110.746662851363 15.623314528505269 4.233767460718572 19.85708198922384 100.80918098434404 80.5081127254839 4.677753730014501
85 2122.605673910547 12.743962753323304 3.541749565143272 16.285712318466576 93.39060317816211 75.79889514468732 4.847745279873379
84 2114.4361459173415 15.454253433756993 3.422685168151483 18.876938601908474 104.29185831636187 85.07632708530264 3.7612777969661693
87 2148.6726074839085 10.31403184810273 2.233177614277989 12.547209462380717 81.30879971095874 68.16058700826807 2.834180854362785
88 2151.385031196878 11.394206622166708 2.7624381246801732 14.156644746846881 85.66778982449978 71.05102962617684 3.222553575908478
91 2186.6997698528694 12.091560388284021 3.1267541982879674 15.218314586571989 70.90469406666352 55.395870125035344 3.417263553081284
89 2163.8640419929066 15.716684914963395 3.90273274834186 19.619417663305253 95.76810987766657 76.14869221401932 3.902732748341805
86 2139.0234467248547 21.594540763098436 5.073367166770892 26.667907929869322 125.1476800647838 98.43065082298153 5.122488478233208
90 2181.071236388541 20.411976712701158 5.290821218236962 25.702797930938118 90.02110553639659 63.597024877779404 6.012103945472518
94 2284.435291440681 13.478711326734924 3.317089339859227 16.79580066659415 39.392386166010965 21.9429424396576 3.970732399325243
92 2269.1330311009974 21.56438600502287 5.065913745075379 26.630299750098246 55.9803967672874 28.66053295095844 5.755477810837419
93 2271.3270847459767 21.755956620352066 5.935783246912245 27.691739867264314 56.20601159787475 27.624481175231722 6.825573801817882
95 2351.1805838978494 14.130610576345813 3.148009682480911 17.278620258826724 20.851537718108375 3.5729174589741888 3.1480096824802786
98 2368.9336881697905 13.51692650897745 3.0114665528068834 16.52839306178433 73.99981614147555 57.41442317740302 3.0684664548011824
100 2387.8118699085812 10.067350487942152 2.101958504850647 12.1693089927928 70.50417437729857 58.18272244524269 2.254101443894797
105 2431.1551548786792 4.260996471202018 0.8381798249885792 5.099176296190597 40.40846623694597 34.99040741955514 1.1570623460961542
97 2368.5535804305828 17.67708122378837 4.283546260189703 21.96062748397807 111.0441851106184 88.75833503038712 4.608768856057395
101 2410.4621477263136 10.007889831109937 2.5969606935317056 12.604850524641641 83.5357637923762 70.34261105778978 3.1852629032587174
96 2366.0144142149875 21.478408518365004 5.192770971665436 26.67117949003044 130.52775234622777 103.29086867626802 5.758475151127641
103 2418.4682979232257 11.911685167409845 2.888669993249179 14.800355160659024 91.30965346687526 76.02408911561088 3.3738791835949087
102 2414.3835605354634 12.569362345425711 3.3272322810617037 15.896594626487415 96.35165101373832 79.40001714714344 4.382271520896211
99 2375.2492340856193 22.23930469345944 5.134004498623573 27.373309192083013 138.48585879252232 110.3526410977197 5.8939130008593565
106 2447.4619699448544 11.528209577924082 3.237718529625064 14.765928107549145 69.33662148848043 53.857920185563216 3.950491724742278
104 2423.6886465710195 20.06332864227647 5.586338332665618 25.64966697494209 105.1805225402295 78.51723032544533 6.599963572071374
107 2518.904062990229 16.226688679905834 4.2451649562662945 20.471853636172128 24.627584633269635 4.155730996743387 4.245164956266763
108 2543.09009112978 13.41601961508144 3.2280761837713623 16.644095798852803 16.865652292859068 0.221556493713706 3.2280761837714635
109 2570.238108895299 16.483379037662647 4.254849687931398 20.73822872559405 45.837095951042556 25.098867225091 4.2548496879308
110 2573.701411701244 14.949418562691553 3.605895001897816 18.555313564589373 48.94313534022376 30.13262951425986 3.861087262946967
112 2586.5106087369672 12.54402355432767 2.7735177314756654 15.317541285803333 49.0434451961778 33.56164589725131 2.9377757443262453
111 2584.5119998782266 26.272583030262652 6.650556743241727 32.92313977350438 107.02286106625297 73.3838877107728 7.3663903246460904
113 2616.229302466041 21.061145755644226 5.473822872880471 26.534968628524695 87.40722154748664 60.425287046869016 5.920788744515903
114 2626.170830242507 19.24279173880278 5.018688610698165 24.261480349500943 80.55019054584727 55.95351435621387 5.353884450411442
115 2647.5890756302424 13.917101007817104 3.02638743987726 16.943488447694364 62.10037659853015 44.83243608430985 3.3508395061003284
116 2652.844503324717 17.197550007559563 4.037975733357268 21.235525740916827 66.81885796589131 44.44535309446792 5.175954863489551
117 2703.6162873301987 12.887851380670867 2.673472615198697 15.561323995869563 23.4179161481793 7.856592152029407 2.673472615198534
118 2788.4555128626607 17.846460934593395 4.209024096467601 22.055485031061 22.05548503144837 0.0 4.209024096467601
119 2818.1207887866426 14.109129235461173 3.215516958878195 17.324646194339365 28.899504210911346 11.353097431288006 3.437277543854634
120 2823.3903425056287 13.583684398606598 3.0475516655861554 16.631236064192752 31.836547459990925 14.511356282496308 3.7415067785923384
121 2835.5399741495166 18.09502692603705 4.324046414276549 22.419073340313602 32.48326196628568 10.064188625577572 4.324046414276836
122 2947.8849092702962 19.71725970518712 5.280516085505795 24.997775790692916 36.432660466686684 11.434884675566536 5.280516085505042
123 2953.1949109376533 16.374283997351135 4.103487389649527 20.47777138700066 32.0028923245809 11.447262000666342 4.181346326207404
125 3023.2219324829175 11.038407152451308 2.565194545243381 13.60360169769469 22.332843706145013 8.393087184042088 2.9013493694110366
126 3045.258804000004 14.107343782619797 3.66751264193556 17.774856424555356 36.57991483438582 18.13611112471699 4.3364599267429185
124 3022.9334631996635 30.740228568507504 7.781944377355979 38.52217294586349 68.7991923962636 30.27701944973205 7.781944377356012
127 3059.6625564432993 21.254313684188553 5.413387242533891 26.667700926722446 43.48201539291858 16.370676430449294 5.857025277818593
128 3169.251068351036 13.447742504112504 3.1235844468883753 16.571326951000877 16.881326951300707 0.31000000000676664 3.123584446888799
129 3185.5210749755533 12.650080092253322 3.23096826580909 15.881048358062412 20.271479055280906 4.23459034328198 3.386808619470685
130 3196.068421537631 7.242465354876696 1.4918256737351954 8.73429102861189 12.674056514275435 3.9397654855060864 1.491825673735093
131 3275.664713284036 19.18162350822497 4.535651897064682 23.717275405289648 23.717275405706914 0.0 4.535651897064781
132 3317.4629189928755 8.515429012004194 1.9479500439486244 10.463379055952817 10.463379056138365 0.0 1.947950043948822
133 3338.881606422634 12.656852043673641 2.756203460530448 15.413055504204088 15.413055504479416 0.0 2.756203460530287
134 3398.3880308289945 20.983993135624253 5.230876904802975 26.21487004042723 26.21487004088476 0.0 5.230876904803154
135 3451.381201215073 16.90500349578763 4.020855803231816 20.92585929901945 41.00059048626554 20.074731186878125 4.020855803231825
136 3458.4396094670733 17.259012704388557 3.9570094304533523 21.21602213484191 58.48338062785842 36.414759525047884 4.809608398047203
137 3461.4042501512613 17.79351847466862 4.21635325910586 22.009871733774478 60.82158602777872 38.775578779539956 4.2524887731819945
138 3485.740109141151 10.530625258465548 2.6234213560971478 13.154046614562695 38.13132408531692 24.97727747052477 2.6234213560969692
139 3490.0799095863767 15.106509946671085 3.7028135515716594 18.809323498242744 41.86328925332009 21.504844263187806 5.251935043133017
140 3538.027524046486 8.383285741375937 2.236086749712942 10.61937249108888 10.619372491270951 0.0 2.23608674971274
142 3700.9587231419346 13.322257034931344 2.508399616353068 15.83065665128441 26.257172336261192 10.426515684687274 2.5083996163530173
141 3697.7032490349643 21.76485900395064 4.858617636927683 26.623476640878323 39.27396376038496 12.492392451041724 5.0167123049191105
143 3732.073333447604 16.744664947823825 3.882812244856515 20.62747719268034 26.67870259479014 6.0512254017453415 3.882812244856268
145 3764.744742822902 12.554458885397736 2.6317246563745154 15.186183541772253 31.757385192151105 16.571201650105195 2.6317246563748995
144 3749.1200554835837 22.534176698982257 5.5227320262619175 28.056908725244174 52.28682515072751 22.450452930466327 7.3021955207887
146 3774.124145533265 17.97941454196658 4.886467491478399 22.86588203344498 37.89728090781182 14.97650314364273 4.941363221812935
147 3812.938125933756 5.257814872391034 1.2551091520793434 6.512924024470376 6.512924024584663 0.0 1.2551091520790578
148 3830.2674253788805 15.925745004586446 3.4219768243541915 19.347721828940635 19.347721829287366 0.0 3.4219768243538056
149 3866.235813622118 19.010675232627957 5.038300848989308 24.048976081617262 24.048976082031913 0.0 5.038300848990275
151 3922.7046211778816 18.364082455641356 4.714227757663879 23.078310213305233 60.206678923181244 36.88960675738235 4.9529897097577305
152 3939.5043996127774 10.791852111042582 2.3546478068210255 13.146499917863608 44.93573830424657 31.772800996092883 2.3710851968758107
150 3920.875604433788 21.47636438240675 5.313563328897187 26.78992771130394 68.28359664508343 40.53392392711885 6.273308335090405
153 3942.9272034767087 12.542167316367104 3.194440695566653 15.73660801193376 51.44923578209273 35.4094140624602 3.4976544029932484
155 3989.618642076985 14.598811501256103 3.471199438584624 18.070010939840728 31.36089243187098 13.007701538723268 3.7543793915742754
154 3959.890586901449 21.40538705396916 5.217394283579485 26.622781337548645 62.37667501654323 34.52467266061558 6.446615301492329
156 4020.885478892856 21.636034428283782 5.57872453511039 27.21475896339417 45.46344387915951 17.556618206071562 6.270791244332486
157 4034.7092213139404 13.515260806221495 3.24139188604687 16.756652692268364 36.767846266856395 19.858746701212567 3.393838759128812
160 4074.721592618151 13.918068827141308 3.0349479913528645 16.953016818494174 59.287629440223554 42.05345827649853 3.316102336280892
158 4049.335194808041 23.45882125532816 5.529376285975591 28.98819754130375 91.29915842636183 61.602496472366056 6.237840698157015
159 4053.420819661116 22.957602076103935 4.912177145168638 27.869779221272573 89.23264999297317 61.36287077119914 4.912177145169153
161 4080.0517820161263 17.809530447281308 4.426770947098086 22.236301394379392 76.42898412386648 53.233975071521854 5.385478604674972
162 4104.377881295576 12.109561199905476 2.7497416003397106 14.859302800245187 52.68113468747379 36.69649330651464 3.875080180790974
164 4145.784582078568 13.525211459326279 3.1172828209210612 16.64249428024734 33.11534103161193 16.23839865548962 3.351730916501765
163 4143.38296340839 23.477131514961535 5.713175648721099 29.190307163682633 46.72056163440902 17.190256828556812 6.053173290380073
165 4209.145762174667 14.756462735087545 3.5469900733138857 18.30345280840143 18.303452808721886 0.0 3.5469900733141912
166 4245.971315079464 14.62549908970421 3.5523057423362054 18.17780483204042 18.17780483235856 0.0 3.5523057423361024
167 4285.619949006624 21.712858506695625 5.642268934955017 27.35512744165064 27.355127442123376 0.0 5.642268934955609
168 4327.555864439197 18.89838426762133 5.043602119690044 23.941986387311378 23.941986387722864 0.0 5.04360211968924
170 4365.123769837996 14.536385800379852 3.7141640452310485 18.2505498456109 29.581224975263467 10.932653155470689 4.112186019096953
169 4361.806640536586 29.036465214526356 7.428728428849571 36.465193643375926 48.014345569346915 10.906473923361773 8.071406430826755
171 4503.930463647679 10.81291188350904 2.4149873798606087 13.227899263369649 23.445693588880204 9.827762312217601 2.8050193929193483
173 4510.991860312567 10.245564469429375 2.48124222529711 12.726806694726484 26.392576362589352 12.968910941252943 3.1781009516853373
172 4509.953661515019 15.051891672495247 3.899231796848003 18.95112346934325 32.29745257230661 13.346329102636446 3.8992317968477437
174 4558.033606107823 12.900849735155003 3.161645168039309 16.062494903194313 16.062494903473635 0.0 3.161645168038376
175 4575.244457951251 21.57752530382008 5.493896442552551 27.071421746372632 27.071421746838496 0.0 5.493896442550977
176 4608.2456885042975 13.896023344222346 3.617976653914585 17.51399999813693 27.196754921913453 9.6069928141942 3.693738763194233
178 4623.611524873423 12.765115304985624 2.9855873656663894 15.750702670652014 29.175741617811582 13.425038946882523 2.985587365666106
177 4616.652122339563 16.331897506708092 3.9811707630288673 20.31306826973696 36.8193935616664 15.91669218734296 4.570803867260111
179 4654.484394618176 20.118690262218397 5.77149359448975 25.890183856708152 25.89018385714735 0.0 5.771493594490494
181 4727.455057947709 10.656927300163886 2.5431370218753884 13.200064322039273 21.415030325677435 8.171292719935991 2.586810305346262
180 4722.014111987264 20.646706787176562 4.746539579738742 25.393246366915307 33.72680632946776 8.15025357783179 4.929845964010383
182 4828.497610097321 16.36967931688637 3.9917583912499874 20.36143770813636 20.361437708491394 0.0 3.991758391248368
183 4899.7221143848665 17.930182625929064 4.718669287804151 22.648851913733214 22.648851914122133 0.0 4.718669287803095
184 4928.766775593743 20.2141411879762 5.109875524599859 25.32401671257606 32.1882965607374 6.768877730133681 5.205277642186957
185 4947.988532729781 17.147627419941458 4.376869513603393 21.524496933544846 37.490219927331054 15.965722993412783 4.376869513604106
186 4951.4789417628435 20.453464271498998 5.2119126509527804 25.665376922451777 45.80389295088935 19.358111782885317 5.992316896058583
188 4992.370686293092 16.520632304602497 4.11982417234557 20.640456476948067 53.10776359195552 32.467307114649884 4.119824172345034
189 5003.531484747189 18.45075428065237 4.445108405076618 22.895862685728986 76.20619836532387 52.933278830755626 4.822165253514868
187 4987.334406383251 30.52146702301808 7.050094090916424 37.57156111393451 111.5077173718073 73.04592895265887 7.940321395464707
190 5024.265801928817 27.29780218227478 6.56133491018354 33.85913709245831 125.7146253766341 91.18295494448466 7.233868249280022
192 5043.043147773396 22.73578711533424 5.520550522434846 28.256337637769086 107.56725565014676 78.64177323309104 6.1896953012292215
191 5037.260227804919 29.165821810569298 7.4258917868132235 36.59171359738252 139.14210634993742 101.43295495594157 8.543329582792467
193 5104.563326912127 20.636774150716192 4.904089431121498 25.54086358183769 105.56302695917839 78.69660953476796 6.229643273246438
194 5104.587784075257 20.928836401103794 4.418003787615472 25.346840188719263 106.67004809657465 79.8797481862548 5.861463508759698
195 5140.66203940646 21.986820772612777 5.447171264359248 27.43399203697203 111.52691125225374 82.4117275924018 7.128362886760442
198 5188.573268358246 13.563090408999173 2.6976235349077964 16.260713943906968 68.30907808954817 51.536429645822864 3.2095580344303016
196 5152.185704435866 22.656329123488113 5.446168196403146 28.10249731989126 107.44494897361619 79.02724410357405 5.7613757460621855
197 5188.563441347293 25.76225566206437 6.439190510203902 32.20144617226828 94.55994665963317 61.7733479623048 7.024343034703634
199 5217.647857662776 26.734885077722833 6.059630562896787 32.79451564061962 72.9050200746533 39.974102036711884 6.196032959635886
200 5337.741920197435 13.27474873243969 2.3669380554446278 15.64168678788432 23.56224768152697 7.920560893351649 2.366938055445644
202 5352.588228480527 12.152659942285764 2.710998146257369 14.863658088543131 34.69675607386489 19.385982719123604 3.158113412190687
203 5363.737940731284 9.356066079986697 2.5753975839885364 11.931463663975233 26.622383141712817 14.139894313395416 3.1264227481278795
201 5345.087783832411 20.231910205564958 5.038217631154415 25.27012783671937 50.026404893457766 22.82454985966342 6.969944827789732
206 5412.911700527594 13.127891456908394 2.8133676729686212 15.941259129877013 73.2564132901407 56.996119590350645 3.1324022425951625
204 5411.150035771832 15.425614839929619 4.308778109295583 19.734392949225207 91.02476664172718 70.58960136654514 5.009550434916491
209 5434.903942109485 12.419210607602505 2.974519387942112 15.393729995544616 96.15597905492632 80.56734854231036 3.169419904743336
205 5411.534144233386 18.866741979667605 4.404234771355776 23.270976751023383 121.46157955357467 96.78868520659307 5.806152366903916
210 5441.603571776248 11.631842536065847 3.009214501992863 14.641057038058708 92.85490770209526 77.66816961471432 3.554895551061236
207 5419.823808580704 19.234318277073342 4.552941390754905 23.78725966782825 133.32952927436054 108.2006250666036 5.894585930265748
211 5462.380354435312 12.73081449439431 3.3296167251860957 16.060431219580405 95.49757358248462 79.28820171053303 3.4785573772787757
208 5429.101124510388 18.93464245735197 4.359081737221279 23.293724194573247 131.594929050686 108.30120485570296 4.359081737221459
213 5490.4985277830865 13.813897546131956 3.691987262657882 17.505884808789837 84.65182736158295 66.63911565274248 4.198814162407871
212 5477.556634537792 18.68962646202642 4.740435265019218 23.430061727045643 107.30691142514024 83.13645750911837 5.480827453588063
214 5527.180620060285 15.856746926193692 3.4922685439041943 19.34901547009789 66.44787347620786 46.83639795186173 3.754728597805297
216 5585.279483215349 16.17172000411511 4.0665437002117075 20.238263704326812 35.459696569098924 14.7596062754983 4.528370289133818
215 5564.238129611231 26.722012232537296 7.183447973816593 33.90546020635389 62.631100900443016 28.028595564549505 7.8804931027743805
217 5626.991221740429 12.002814749611197 2.6830206181266694 14.68583536773787 17.819983707790925 3.134148339792773 2.683020618125738
218 5636.920398510089 17.37290810408629 3.677536740998053 21.05044484508434 24.29206036980304 3.1325490719964364 3.786603193342671
220 5687.917423162325 10.933300228500872 2.9427813159241456 13.876081544425016 22.54322349505219 8.296499234561452 3.3134240317531294
219 5682.022027591477 29.23091587931795 7.843300506854038 37.07421638617199 45.351703277267006 8.27748689045984 7.843300506853666
222 5738.11509765079 8.535558646857314 1.9346585775072058 10.470217224364518 26.15528484710012 15.685067622549468 1.9346585775074345
223 5744.032579382595 10.452497988836054 2.71191306052654 13.164411049362599 46.63965934428961 33.47524829469967 2.711913060526058
224 5753.231285942824 12.151109646297419 2.9198933616738914 15.07100300797131 71.98722205511604 55.90936648384741 3.926745924707575
221 5732.025230712671 27.40680323133272 6.989576761497058 34.39637999282977 125.11568320883816 89.41977365822004 8.289106318688937
225 5761.29376983214 16.32808369171428 4.570795162915266 20.89887885462955 105.70355363412818 84.80467477914408 4.570795162915601
226 5766.006299540018 17.055474991187737 3.900298179092339 20.955773170280075 111.85304240171263 90.06908034373464 4.728487066418893
227 5779.541075595333 16.06537587838185 4.258207052397011 20.323582930778855 107.53693426908649 86.32904962766042 5.1425087626957975
229 5791.217601322605 21.244085411069854 5.873226662787949 27.117312073857807 123.43265727234848 96.01705594208033 6.171515918736986
228 5780.725253827835 23.072412352378393 6.023903344908201 29.096315697286588 134.76627742067558 104.97547137615402 6.718393691640813
231 5838.127055366794 17.230896992173257 3.9563296065708844 21.18722659874414 81.97645327135069 60.65098398306418 4.094572295736725
230 5836.690205688055 22.339345927578965 5.039580520777501 27.37892644835646 89.79024175272389 61.79543232167998 5.655463502977909
232 5941.058588177411 16.525655994068373 3.854399184109019 20.380055178177386 20.38005517853435 0.0 3.8543991841088427
234 5970.500756067715 16.3256569039914 3.4653066491633724 19.790963553154768 31.880969159075903 12.090005605567058 3.4653066491628124
233 5965.736553303593 24.733182755801607 6.4102002783986 31.143383034200212 43.37551797355536 12.069527939792351 6.572807277423635
235 6073.953879879065 8.26832652357747 2.073466161343567 10.341792684921037 10.3417926851007 0.0 2.073466161344186
236 6126.985471501686 15.408864571435856 3.760979606420321 19.169844177856177 29.07209357278498 9.902249394594037 3.760979606420733
237 6137.144860364685 11.213185487513918 2.195330852102744 13.40851633961666 27.047956498805434 13.330478170592869 2.504292840452763
238 6141.743523157322 13.102853421560908 3.3368693374121947 16.439722758973105 28.12635583599149 11.406064969145518 3.6174374449992683
239 6175.061077934024 19.58596226991388 4.589626244741861 24.17558851465574 41.12154356522751 16.148624006108548 5.38695728877974
240 6177.806925640289 18.190609903233014 4.411096360254568 22.601706263487582 39.2157469839658 16.529523916495236 4.4956131638427905
241 6208.041656474368 19.608497030776693 4.640077039585992 24.248574070362682 36.71697781788134 12.17648705348347 4.931993733195668
242 6226.538389884664 17.799573135756564 4.914803598668704 22.71437673442527 31.5324366852401 8.818059950424868 4.914803598670005
243 6253.824782279387 8.904953302595665 2.1336648172412107 11.038618119836876 12.773731076314107 1.735112956283956 2.1336648172409696
244 6345.091037167522 17.228550575428542 4.222403820542181 21.450954395970726 21.45095439634497 0.0 4.22240382054315
246 6371.355888093432 14.587331425144361 2.9683010515692985 17.55563247671366 38.658799822098445 20.61228406209193 3.459184334544261
245 6369.304407165849 22.378074219424775 5.236222132446725 27.614296351871502 53.81076492450029 25.808210265505295 5.624480439083527
247 6382.569222912317 20.069722026625815 4.527019156920397 24.59674118354621 49.67069293925033 25.018290169525244 4.5826807426628875
248 6421.075330138407 18.28022337779074 4.300794446512924 22.58101782430367 29.631384042115315 6.786947333976059 4.56421332994978
249 6445.106472336461 7.2115426790990105 2.1710587080511465 9.382601387150157 11.47005055820864 2.0874491709009817 2.171058708052442
250 6500.262930588436 16.369381317736853 3.667199664620691 20.036580982357542 20.03658098271262 0.0 3.667199664620057
251 6528.413397904115 10.730242507150784 2.6295941266942977 13.359836633845083 14.521641509152687 1.1618048750733578 2.6295941266944283
253 6544.519001939075 15.643569101376928 3.8157758085572713 19.4593449099342 32.25917799857689 12.704510217258758 3.911098679602219
252 6540.530331020201 17.830283602022313 4.8053404788896525 22.635624080911967 37.757027251354884 14.337458433783468 5.589285215160999
254 6573.505736451894 17.376469106290106 4.33684828200311 21.713317388293216 42.73445865360645 20.98486452036741 4.37312502657187
255 6578.44926914947 19.522510789914566 4.645624574297086 24.168135364211654 48.84371749649017 24.492647178839434 4.8285595273118815
256 6599.2812944087345 14.116759742224044 3.4024622842909227 17.51922202651497 38.083540402323706 20.564318375501898 3.4024622842907775
257 6611.307937859455 11.964269782965363 3.0759871516864647 15.04025693465183 29.00256667267513 13.5712753930693 3.467021496379857
258 6643.710502398654 9.65423421765231 2.083326117311285 11.737560334963593 11.73756033517293 0.0 2.083326117311117
260 6665.401768316431 9.409903509998404 1.958571408297108 11.368474918295512 36.881962692375964 25.513487773875568 1.958571408296848
262 6675.281752194259 13.523194641968573 2.7814610521528538 16.304655694121426 64.80362016118306 47.936308382114476 3.344117136805835
264 6700.305097542505 9.029116570912054 2.4980093913872805 11.527125962299337 45.52048034569725 33.949556567531545 2.5418072070569906
261 6666.038647576036 19.366653623012283 4.271992100380284 23.63864572339257 84.36476619672521 60.726120472911134 4.271992100380885
263 6687.790240678508 13.698241044370363 3.086456217947386 16.784697262317753 64.8278616822854 48.043164419672394 3.086456217946761
259 6662.039147022361 24.09066116040727 6.134529939560849 30.225191099968118 93.22741138380752 62.45599705118548 6.680753171690412
265 6741.470347510307 14.57580392536403 3.406774979375619 17.98257890473965 26.848915484746612 8.753029207010513 3.5200823520553968
266 6788.150313497623 19.061224011963255 4.392920233395338 23.454144245358595 23.454144245773023 0.0 4.3929202333947615
267 6836.507777294653 13.358890160871441 3.2416153611256124 16.60050552199705 16.600505522285857 0.0 3.2416153611247864
268 6877.025360658311 16.204774950035546 4.372546025647635 20.577320975683183 29.27168323575097 8.69436225971458 4.372546025648262
270 6900.363510459617 8.499188780325339 2.1219821279538524 10.62117090827919 23.56777679593415 12.59501634431399 2.473571671111131
269 6886.817798860349 20.317841705219926 4.828086817191816 25.145928522411744 46.95211299448238 21.406805262712624 5.227466026110051
271 6911.251533588571 11.145912160736579 2.5773898354431286 13.723301996179707 25.19208735360371 11.198121227283082 2.848053965341933
272 6942.247157924955 13.549153962823194 3.073644611653877 16.622798574477073 16.622798574772787 0.0 3.0736446116543448
273 6971.296951817412 17.989543299233905 4.033296003780031 22.022839303013935 26.43310588696113 4.410266583554403 4.033296003779469
274 6986.1939973338785 19.197082502219512 5.164883995861821 24.361966498081333 28.883037708783377 4.404934374109871 5.28102083203521
275 7022.47870169723 11.28588494581607 2.3713425857681165 13.657227531584187 19.989416936685302 6.332189404854034 2.371342585768616
276 7026.546111822105 16.65994114258064 3.65275991142888 20.312701054009523 29.584608683879196 9.271907629505222 3.6527599114306213
277 7048.832405365344 13.629798154642598 3.528007812322099 17.157805966964695 20.127488652058673 2.9696826847966804 3.5280078123223575
278 7115.218852653406 20.11444639584315 4.723246301909445 24.83769269775259 24.83769269819004 0.0 4.723246301909057
279 7144.254755896732 23.195984679946022 5.950498710935495 29.146483390881514 43.0151038205604 13.710280398684517 6.108838741425643
280 7159.340442874498 12.630094256864707 3.4156144392351564 16.045708696099865 32.213384853831485 15.854682335672805 3.7286082610189624
282 7180.219899042843 13.326004439573236 2.9545707337129796 16.280575173286216 33.506202568501976 17.00727462445593 3.1729235041839274
281 7175.896455171779 19.488923151261673 4.670020089311838 24.158943240573507 48.29875412838646 23.1955122659474 5.6143187107536505
283 7206.014217344027 14.974998344376168 4.22537807890484 19.200376423281007 27.42364240974348 8.035087868654955 4.413556196385798
284 7261.0599227937855 12.320739684295722 2.804693282186708 15.125432966482428 15.12543296674994 0.0 2.8046932821862356
285 7277.476905875033 20.638306031872386 4.600889909245873 25.239195941118258 74.70417746486328 48.3395495309569 5.726321901585834
288 7297.212081033797 10.287704022922451 2.632883664990255 12.920587687912704 56.5990907846508 43.67850309651476 2.632883664990004
286 7285.8316684498495 19.117505312513064 4.1215823474640185 23.239087659977084 91.97727466793185 68.03720705686374 4.822562298139019
287 7287.633834322145 18.536731354027232 4.196624359253 22.733355713280233 91.87437064009919 68.04111035819642 5.296528927474355
289 7311.621762105648 11.742610455861065 2.72876765544498 14.471378111306045 67.88880695605258 52.97766533569575 3.1685311642404486
290 7315.979930977955 16.158576487342234 3.883168746687106 20.041745234029346 74.5607561842371 54.06623175525692 4.335947941287486
291 7326.035095513282 15.769503153594778 3.756426792557553 19.52592994615233 65.8167523240345 45.96435107508478 4.082898095010933
293 7404.198416335638 18.43842485889623 5.434146477888869 23.872571336785096 45.75129613000536 21.878724792818502 5.434146477889044
292 7400.240969694815 24.262477748854252 5.825262584127019 30.087740332981273 53.50969166382765 23.384721896379233 5.862492018067314
294 7424.554544465542 15.8885951206875 3.6574242561550525 19.546019376842548 38.84062483393518 19.061620146743735 3.8904095661573592
295 7456.8395917270645 24.675417533291572 5.816679692579043 30.49209722587061 37.93613294848001 7.320773551738057 5.939941862914566
296 7482.618624014679 11.00618400096487 2.2615133884007266 13.267697389365598 17.78205798518502 4.514360595580911 2.2615133884000898
297 7500.7457566422245 21.22324463100132 5.069110695939244 26.292355326940562 40.383394399569625 14.091039072168314 5.069110695937525
298 7511.641184880669 13.229193998475742 2.8397621616679443 16.068956160143685 31.786814621843405 14.987036875884769 3.570583747195087
299 7528.617776777129 11.103929219324954 2.631302356354205 13.735231575679162 25.245807663711275 11.427528856439494 2.7143495877053283
301 7548.997582028809 14.792739687949446 3.816250627380177 18.608990315329617 31.930217910379724 12.778564705989993 4.358913516119173
300 7548.854785526586 15.661407500015596 3.8987385347093584 19.56014603472495 32.949249427751056 13.103054043855991 4.184787883537865
302 7586.960731870507 17.590001651765053 4.427819549824936 22.017821201589992 22.017821201970946 0.0 4.427819549822743
304 7641.241833736393 10.175338805397317 2.5349993431011923 12.710338148498511 51.0577189613623 38.34738081264277 2.534999343100935
306 7653.319224166508 7.107205108417052 1.6177865544662222 8.724991662883273 46.45737196406026 37.732380301022204 1.6177865544659653
303 7640.300646124806 12.014278504544164 2.873025421601931 14.887303926146096 59.806375157641924 44.91907123123383 2.873025421602506
308 7663.129073159432 11.895960873971056 2.6236432942863144 14.51960416825737 100.15480709713847 84.80254975876232 3.4562964641463623
305 7641.491800931125 18.181186938376506 3.9220954959984 22.103282434374904 122.38460657123414 99.88956841432355 4.313851218138552
307 7656.95851651456 16.319733444758672 4.083544095117899 20.40327753987657 142.72900423349347 121.50209053131675 4.907180257063374
310 7678.560862566874 13.427477812647087 3.6754047581669926 17.10288257081408 131.1033497863973 112.29633189738888 5.379540076069134
313 7713.056929530095 11.063451217917038 2.4466537088741505 13.510104926791188 120.13305078672238 106.47178873473877 2.5978108338258608
311 7683.935595889397 17.31166598410643 4.451651215229132 21.763317199335567 174.98250077969988 153.18740434808024 4.483430447136016
309 7670.685570506047 21.50994055663297 5.238582654292327 26.748523210925296 221.50301061165737 192.7415224819515 7.251547572604068
324 7859.155709722357 4.016539096409431 0.7190980253205017 4.7356371217299325 51.042835869849114 46.30719874803253 0.7190980253199086
312 7709.584656755582 21.00674545676093 4.888277109325751 25.89502256608668 241.9511458926945 215.76182289365806 5.182577541818318
314 7717.05962136836 20.031068505668348 5.245880974651964 25.276949480320315 237.84773962503004 210.83880227280315 6.977868846122874
317 7752.528137358903 16.628763774665963 4.616252987695114 21.245016762361068 203.3811148563709 180.98162957395562 5.770721507386952
315 7725.982031636898 19.431098646235373 5.175409618297118 24.606508264532494 230.42904862960404 205.81119441046212 5.186755572483889
318 7754.953915779847 16.74509995721978 4.011150730085637 20.756250687305418 203.2953320744782 181.54220298534256 5.008029131551666
316 7743.638493001151 21.311661026049958 5.296377309695028 26.608038335744986 243.86489890706616 215.25764610982424 7.295591770728606
323 7854.833207078996 12.535731019513806 3.2681205452694577 15.803851564783264 137.54097634091886 121.73712477586287 3.2681205452690847
319 7779.2229266911145 19.744784335119068 5.3576112631334745 25.10239559825254 218.59949537203647 191.96249156225895 6.892219474227204
326 7911.841946428438 11.020751086623134 2.8530844432606663 13.873835529883802 96.67185439919649 82.28368394158497 3.367419370749303
320 7811.7605245066525 20.466655928473163 5.322741559783633 25.789397488256796 201.40596224035653 174.74563781973757 6.193668491701828
325 7898.275485183131 14.847297774578236 3.2418592254253813 18.089157000003617 121.22535264836915 102.70291783959419 3.6751370338733977
322 7846.813036668737 20.1566006637864 4.724207828663589 24.88080849244999 177.98438155055283 151.8668566784081 5.960924207919561
327 8012.542648042087 5.367938544110224 1.1380693363969847 6.50600788050721 19.300853817847383 12.794845937223727 1.138069336397166
321 7814.6997463224525 32.823620742338434 7.441520408212667 40.265141150551095 231.87103775842297 191.02317875111385 8.024238264255473
328 8018.0983312378885 11.575313532924449 2.8811805425594605 14.456494075483908 29.31669014450472 14.461730157278907 3.2796464540479064
329 8055.353339828116 13.641369335785816 2.845168321047287 16.486537656833104 22.26087165788249 5.774334000752788 2.8451683210469128
330 8062.817533931665 12.589901595516302 3.0865833987735165 15.676484994289819 22.17173118030314 5.759539424596369 3.822290159914701
331 8094.783833783427 15.213915323244622 3.0036443370316643 18.217559660276287 26.533850668993182 8.316291008384724 3.003644337031801
332 8100.018000906411 15.115193181344852 3.7290761958954635 18.844269377240312 27.425574495814544 8.30986391632905 4.000517397812473
333 8158.690778324327 13.96721430181884 3.6383568819131558 17.605571183731993 20.51208309839876 2.9065119143633638 3.6383568819128413
334 8171.769510508805 19.088248724927766 3.9326819494536163 23.020930674381383 47.72789785836267 24.21122169247701 4.428427440541782
335 8182.5516032408905 13.61396765017198 3.736190173023966 17.350157823195946 40.06328728264634 22.130489696311997 4.318829935867143
336 8182.586234255655 16.021554057469775 3.8084870352561966 19.830041092725974 42.04339071488812 22.213349621812995 3.808487035256803
337 8265.613544879248 17.64067625764982 4.998329926098862 22.63900618374868 36.78769314004967 13.29506951537951 5.851947366640161
338 8268.84490879331 18.72763401710143 4.069979101220481 22.797613118321912 40.2293390099785 16.848614341768553 4.653090650701415
339 8299.082411062242 18.635754532899803 5.021323979515802 23.657078512415602 84.2526009021858 60.59552238936885 5.021323979517547
340 8304.627661054546 17.782262471036848 4.966278374700953 22.7485408457378 94.55400495592585 71.24790331506847 5.523839169436542
341 8310.117992257065 21.88867045202405 5.193120800927849 27.0817912529519 135.15350050666711 106.64199509517493 6.622834958992826
342 8329.665466254444 16.527053907135127 3.7784091220096334 20.305463029144764 122.60394774456836 101.89685667401864 4.180037163056113
344 8336.723092453218 16.24578173063024 4.327421077828481 20.57320280845872 125.42446219036174 104.45348657762042 4.72519388175715
348 8391.514727807902 11.832372123512453 2.607257106143037 14.43962922965549 90.11750914402182 75.30734585832215 2.9777911619294173
345 8341.836475529944 19.08060149160841 4.867871340143608 23.94847283175201 145.72555064523658 120.72692536225259 5.918023790960433
347 8371.070327335152 16.07072172127685 4.109214069560811 20.179935790837664 121.18679842673009 100.61996760583133 4.49610909927469
346 8362.452503359764 17.34379648348303 4.009611222938965 21.353407706421997 130.46553326284084 108.40518758827238 4.7165491907107935
343 8331.914046470143 24.376156779831735 5.692117937383432 30.068274717215164 167.59856283612862 136.59318269483447 6.629223360929245
349 8454.262201096375 8.776427047436053 1.781415585302931 10.557842632738984 46.58700904455873 35.96445876396683 1.846123232962782
350 8457.211478639498 12.901802693502825 2.8398897012215762 15.741692394724403 53.26274186344017 37.20588074166335 3.1550584279939358
351 8501.27686297512 13.635259837201358 3.44583142192449 17.08109125912585 23.548693714254114 6.2451678831257595 3.6682659936304844
352 8518.304191264173 12.52220130003982 3.0141000587152273 15.536301358755049 19.579794816485446 3.9325574373433483 3.125036078830817
353 8534.83981240469 8.211961128882654 1.78964781831412 10.001608947196774 11.365782623306586 1.3641736759309424 1.7896478183138242
354 8547.897481280012 5.793173881015422 0.9862683912148968 6.77944227223032 6.779442272356391 0.0 0.9862683912160719
355 8563.583530742493 16.248178147306326 3.9297235191261555 20.177901666432483 20.177901666786056 0.0 3.929723519124309
356 8586.666207322245 17.6347368184417 4.515547034913128 22.150283853354825 24.63739819737384 2.487114343632129 4.515547034916381
357 8605.024009218147 11.053253268948753 2.814808006413453 13.868061275362205 16.35081580618862 2.4827545305852254 2.8148080064147507
358 8695.446923617015 14.954807756624144 3.318903827459011 18.273711584083156 18.273711584410194 0.0 3.3189038274595077
359 8729.321531086014 15.354305873690212 4.034553498585244 19.388859372275455 20.502547373424022 1.1136880008143635 4.034553498584501
360 8747.467353715156 13.700571096591483 3.131081770869317 16.8316528674608 23.182705247674676 6.183211340865455 3.2989228099177126
361 8759.988565634503 10.330867788243335 2.3336543896776716 12.664522177921008 28.12618460608428 15.46166242793879 2.333654389676667
362 8765.570584593584 17.113262381377385 3.836905094657372 20.950167476034764 63.2438391448195 41.806458977544025 4.324117785527051
363 8771.548283168415 16.00910465667 3.642356148335704 19.651460805005705 59.731655598518046 40.006966093877054 3.7155848476231768
364 8785.816909993573 18.666523107421337 4.405415533799896 23.071938641221237 68.89249194213517 44.95583758477733 5.270131249531914
365 8794.16390846727 25.038846700520534 6.309025213423682 31.347871913944218 80.27752518257694 48.10846374288667 7.130214738623181
366 8810.08904236468 21.4051578802108 5.2722118625904555 26.67736974280126 64.86644249745223 37.75459576389403 5.7066888528825075
368 8878.07868207005 11.823461404644398 3.2997624906902523 15.12322389533465 46.59792858563924 30.349289927586142 4.42517725315156
369 8879.619249243151 14.21315001376957 3.39732014521216 17.61047015898173 54.45299794562925 36.30887058237386 3.9309773491768283
367 8870.575837890006 20.64892393683621 4.73341984345279 25.382343780289002 70.46856172791558 44.5054762201562 5.314161570475335
370 8882.153753215165 16.07396045004175 3.8108731750131453 19.884833625054895 60.17576757532697 40.22225617669392 3.8795509482424677
371 8928.167194724367 12.64660521358264 2.9008100530535192 15.54741526663616 33.50711768610563 17.586771359823615 3.2737411124235223
372 8935.021801124638 16.104793419645283 3.9174564612100773 20.02224988085536 40.036619577615056 19.557289873548143 4.374536284072747
374 8970.300318172862 11.763646097350101 2.678601746807888 14.44224784415799 24.67844247433277 10.236194629918828 2.6786017468075443
373 8957.515632967146 17.25299536799797 4.329716857941003 21.582712225938973 37.82028022894883 15.977699501640018 4.589585358933618
376 9024.880120250078 13.685581760158263 3.0811233938608114 16.76670515401907 32.21825876376897 14.471859042138021 4.060817961173598
375 9022.43077509404 20.337202997393206 4.410108033854669 24.747311031247882 42.403009468971504 17.516182017921892 4.549624453215074
377 9048.227997287726 14.784072639788965 3.4401742602600027 18.224246900048968 26.28028972102402 8.056042820653602 3.4401742602585728
378 9078.870340411055 19.93709127962669 4.774369282492886 24.711460562119576 47.28133597091255 22.56987540836235 4.774369282491534
380 9089.908748732667 12.633599553837232 2.9407140295146625 15.574313583351895 41.23655596649223 25.66224238286304 2.9407140295152203
379 9087.91700055049 16.621245764181936 3.7457864741990363 20.367032238380972 52.126794736499505 31.34108563603513 4.1644633359210275
381 9116.725305385626 8.982996381591471 2.164830482571271 11.147826864162743 29.79460391801331 18.625728617935238 2.1858789182915643
382 9127.03864258164 11.474566731962693 2.798655165941512 14.273221897904207 34.09081544835317 19.443792962894804 3.172455753245231
383 9139.563971935975 18.54165209690253 4.51359000754932 23.05524210445185 49.059164212341784 25.167151122046562 5.350360992988499
384 9149.643358476844 23.153822318189963 5.249143864990266 28.40296618318023 65.91740747268159 35.693327680764924 7.070257473224046
385 9173.659245054107 21.36246821764012 5.16123566003203 26.523703877672155 67.59843649870345 40.077096998553316 6.158871282041218
387 9205.227024075537 17.856267406701733 5.09180392429538 22.94807133099711 62.009754266420714 38.98901972183194 5.1644671374997415
386 9195.372375691137 22.78524100283005 5.748351524903562 28.53359252773361 75.88706230759999 46.507573593467896 6.594247710812851
388 9230.831601029478 21.338957910012724 5.89293478904475 27.23189269905747 65.15487888516145 35.97344319201693 7.842477782669448
389 9255.413209670069 26.31284004073774 6.30008629058052 32.612926331318256 69.22882474318794 35.881871303621665 7.0341133982565225
390 9285.228460433133 20.58204303459881 5.635058743482826 26.217101778081634 55.07204392993117 28.385164152508878 6.104836742373664
391 9304.58477047107 17.743958461528468 4.518472992741497 22.262431454269958 45.69099772113805 23.032158505357074 4.914880753867692
392 9331.089365529277 16.316908556519117 4.174003232868881 20.490911789387997 29.633630679094495 9.142718889350363 4.174003232868927
393 9454.236215920622 14.703609588779415 3.542190077860117 18.24579966663953 18.24579966695819 0.0 3.542190077860141
394 9513.240277571585 13.230626712056495 3.0911576115692188 16.321784323625714 16.32178432391447 0.0 3.091157611570452
395 9563.223924356089 11.501185748342198 2.5081964002052297 14.009382148547429 14.009382148797158 0.0 2.508196400203815
396 9577.68780627837 21.2599250577533 5.4547461017811365 26.71467115953444 26.714671159996215 0.0 5.454746101782803
397 9610.960524636503 21.676124652544868 5.610524374535292 27.28664902708016 31.65268936562461 4.3660403380763455 5.610524374531451
399 9641.978498212255 13.388623333988079 3.072799974092039 16.461423308080118 37.18973154235027 20.61978686384282 3.181321344229218
398 9630.7582064738 23.403690580261177 6.1031009214162975 29.506791501677476 64.43880847550281 34.7188456515978 6.316272243137064
400 9651.744946647328 21.241100920156 4.906202375733601 26.1473032958896 67.43098432016268 41.04398682714054 5.145896572403217
402 9684.17007756191 14.395791028578477 3.1552734926198536 17.55106452119833 41.70880150808625 24.15773698657722 3.155273492619017
401 9672.766887742817 24.42692545562439 6.538000361513462 30.96492581713785 66.5592293456084 34.82116158906865 7.311142300386564
403 9729.088118582153 9.559668695779845 2.699556298409217 12.25922499418906 18.089117922543664 5.829892928148183 2.6995562984102435
404 9743.956690246168 11.593382273924195 2.138889386942259 13.732271660866452 24.123296892223152 10.151127539274967 2.3787870787691645
405 9745.340192323702 12.861284498645134 2.956644622998156 15.817929121643289 28.332257689535254 11.706895236124183 3.7640779544872203
406 9767.533518383229 17.694347136769256 4.092090130369133 21.78643726713839 33.314452161261215 11.21861439364693 4.401490630460103
407 9778.213289833671 15.205544643359016 3.6216590761472625 18.827203719506276 27.368970289915524 8.541766570078835 3.621659076146898
408 9832.419432993876 25.45001352003264 6.185740597237997 31.635754117270633 31.635754117824035 0.0 6.185740597236872
409 9915.262812727267 9.499989403708797 2.098656454008992 11.59864585771779 11.598645857926385 0.0 2.0986564540107793
410 9927.420840420029 16.781003724618774 3.990161799178228 20.771165523797 20.771165524160097 0.0 3.9901617991763487
411 9970.396624941668 17.306503882615676 3.9529884365269163 21.25949231914259 44.6735199690047 22.591662700748202 4.775353385262861
412 9972.690652358473 16.129705830187426 3.7199608189755273 19.849666649162952 42.86950998269458 23.01984333317705 3.7199608189785067
413 9981.294526785552 11.938720612691004 3.418962120850287 15.357682733541292 34.931056768200506 19.01844579795943 3.9738903572906565
414 10019.652435917806 12.174785224553897 3.162648022140483 15.337433246694378 15.337433246957517 0.0 3.1626480221402744
415 10061.493533626719 11.721119608750895 3.2868369516054883 15.007956560356384 15.007956560612001 0.0 3.286836951607256
416 10078.465971062971 18.600849398413914 4.485627353715653 23.086476752129574 24.566476752566814 1.4800000000323053 4.485627353715245
417 10100.074074438387 20.50864785220026 5.00562471020345 25.51427256240371 27.14264593997541 1.6283733771215338 5.005624710205666
418 10126.916367289637 19.872610379262902 4.239511709521664 24.112122088784567 24.26247517794218 0.15035308872211317 4.2395117095220485
419 10171.824276041514 12.832359309109227 3.4550226361088665 16.287381945218094 16.287381945494417 0.0 3.4550226361079694
420 10302.177309265588 19.14253858502551 4.580935953500927 23.72347453852644 24.093474538949522 0.3700000000080763 4.580935953499647
422 10333.572780263303 9.646268777098518 1.651648530407944 11.297917307506463 22.69042658247963 11.158140143887067 1.8860176612815849
421 10325.524100847671 16.600452657956602 4.187104878650942 20.78755753660754 33.82867806991453 12.419474808250015 4.808750603348017
423 10345.422058280697 20.482886262727163 4.700378890155456 25.18326515288262 43.0490993889689 17.46476781894671 5.101445306851019
424 10368.284737491358 12.60177618708567 3.124080161842608 15.725856348928279 29.40971820678169 13.48096189788339 3.3269801215392363
425 10375.619901458755 14.216812815260088 3.5961326401151203 17.812945455375207 28.92334489208224 10.851624877943323 3.8549071985671617
426 10434.142425369497 21.27411059844599 4.708401007389108 25.9825116058351 25.98251160630025 0.0 4.708401007388602
427 10460.947958427905 13.293016436496293 3.2109542571735434 16.503970693669835 16.503970693960582 0.0 3.2109542571724887
428 10488.02448568283 14.296824064603998 3.2109246577353767 17.507748722339375 17.50774872265174 0.0 3.210924657736541
429 10506.94611523898 22.317624122442233 4.464683397977747 26.78230752041998 32.410321205585205 5.37913615643447 4.7135609262240905
430 10525.445264928278 11.668290310203524 2.825147867841303 14.493438178044826 20.19788153290392 5.379895667691017 3.1496955547554535
433 10577.462914487709 11.394275690368893 3.0177361493049757 14.41201183967387 57.18625915934899 42.343530242424094 3.4484532263086294
431 10566.666371862279 19.085755054378446 5.216288417519089 24.302043471897534 71.07191797973246 46.43775670975083 5.548406215186333
436 10594.640708713972 10.236258774918673 2.553002369709641 12.789261144628313 68.90940693401171 56.12014578916205 2.553002369708338
434 10591.919706168086 14.144427553330319 3.2984360067758844 17.4428635601062 94.36342069058082 76.6346479490112 3.584345187931831
435 10593.77626641645 13.791090069322575 3.791022263830883 17.582112333153457 93.68822966608968 75.96257348804102 3.9345661084280437
438 10634.161089580322 13.461447589342576 3.222845326459315 16.684292915801894 86.78445927742905 70.10016636133332 3.222845326461538
432 10574.464720676 26.533798296791907 6.407527682934111 32.941325979726024 149.89441035683194 116.15825067143487 7.202361388026475
437 10600.783412949188 18.860903814784407 4.65889365205936 23.519797466843766 124.23989300084395 100.40186009799982 4.97712908765061
439 10648.148164285722 13.309067570165727 3.129528771447977 16.438596341613703 82.41264933439379 65.73932386368142 3.3642579002571438
440 10660.470377161802 11.992725534363025 2.6729330703586847 14.665658604721711 71.18006580714427 56.28441497525819 2.9029252972595714
441 10698.102724353059 14.649835563673882 3.640969511696507 18.290805075370393 51.04618899503657 31.968565071265402 4.427788359778788
442 10707.031427060529 17.70804318008705 3.9222727085206888 21.630315888607743 47.520566375118506 25.542632299348043 4.269890895298886
443 10756.858939591702 16.823109112762182 4.300463043311457 21.12357215607364 21.123572156442606 0.0 4.300463043315176
444 10844.49550645331 19.026142144244687 4.668833354012802 23.694975498257485 35.7459252015924 12.050949702919752 4.668833354013259
446 10866.468098414003 14.633797304310558 3.2151150145768534 17.848912318887415 43.97678807712691 26.127875757918446 3.2151150145782594
445 10856.74264770136 21.871478249673153 5.058073118333763 26.929551368006912 61.81573794767246 34.15193436402478 5.792325333497502
447 10882.411759731673 15.625496117204067 3.769925456217785 19.395421573421856 46.66975337519216 26.7282433934688 4.316013864177876
450 10939.243530801372 7.25355837706454 2.10706213768046 9.360620514745001 29.635044070859294 19.661599409906557 2.719886283730375
449 10922.999801226164 16.294940973151917 4.185885695130449 20.480826668282365 52.5103894695967 31.747394454838286 4.468054041251889
451 10940.57430986408 11.43057325613314 2.7187792163520896 14.14935247248523 43.07017658163568 28.69880213648321 2.9408011887717294
448 10905.481833296659 24.962045462024296 6.0391473852400095 31.001192847264306 78.21315146163579 47.025205840633134 6.225900158433433
452 10965.58377727068 18.47115386083563 4.160751641494509 22.631905502330138 34.95109416136256 11.892668641634373 4.587271658490863
453 11006.031059512776 11.755210913593364 3.176508420862775 14.93171933445614 14.931719334712398 0.0 3.1765084208636836
454 11089.205666063355 22.19394073736427 6.281356659694984 28.47529739705925 28.475297397544637 0.0 6.281356659694211
455 11144.916443589655 12.605346393907102 2.436380982822682 15.041727376729785 15.041727377003554 0.0 2.4363809828228113
456 11246.856876346474 10.286277073647433 2.6808600048760516 12.967137078523482 12.967137078745509 0.0 2.680860004873466
457 11267.336329682556 11.879716328466287 3.359896861637367 15.239613190103656 15.239613190360615 0.0 3.3598968616370257
458 11289.078471935485 20.138088748515813 5.202631470378909 25.340720218894724 25.34072021933025 0.0 5.202631470376218
459 11345.197123874013 18.78812251177402 3.882494753909707 22.67061726568373 33.37163063981461 10.44108446005339 4.14242366758117
461 11368.829257701836 7.294773187146407 1.5700088372936916 8.8647820244401 17.592034019038692 8.72725199443994 1.5700088372941536
460 11357.188202116173 16.0833060449911 4.2979541690035745 20.381260213994675 33.67299934240873 12.917735304041344 4.671957993024989
462 11400.89973649223 20.568147012856222 5.220105462447778 25.788252475304 25.788252475756963 0.0 5.220105462452921
463 11440.072857124655 22.423124225167776 5.434465721953566 27.857589947121344 27.857589947610904 0.0 5.434465721955348
464 11473.6882590789 16.89470846888966 4.7970677730698945 21.691776241959555 21.69177624232543 0.0 4.797067773068193
465 11498.130498814322 19.05290330230357 4.858430827730556 23.911334130034128 23.911334130447358 0.0 4.858430827729535
467 11525.717948151558 8.470819440204084 2.6135377096904704 11.084357149894554 25.478914770696065 14.336020038548668 2.672075291759029
466 11524.003708402319 16.408396103208776 4.258555194830227 20.666951298039 40.52178484051001 19.517900626080518 4.595488110862789
468 11527.19619160382 31.411033912723035 7.79185326522091 39.20288717794394 64.64894761267533 25.388186464268074 7.849727235003229
469 11574.850133612383 12.941183149944091 2.7898983798524832 15.731081529796576 22.253667552797197 6.420032724741759 2.892451677831559
471 11639.243129375842 10.970133286198804 2.664621024825271 13.634754311024073 23.076354812110367 8.922145737811661 3.1840757878617296
470 11623.885656887634 32.009649666940064 7.4596342522427905 39.46928391918286 53.424397269407564 13.692184902038207 7.722562699729679
472 11664.83214819536 14.219058372743897 3.814424205268814 18.03348257801271 22.90293233871307 4.777137412922457 3.9067365527353104
473 11707.441441800931 22.99516305204513 6.072035106722608 29.067198158767738 29.06719815926408 0.0 6.0720351067193405
474 11742.807068118655 10.360089178976661 2.1856104559156697 12.545699634892333 29.68331138074609 16.871472549946702 2.4517496515982202
475 11744.341720022276 15.265263910627363 4.1273789101542775 19.392642820781642 56.403466483634475 36.94270742546723 4.195495147207112
479 11777.908324873875 8.927669914812387 2.0039521108885996 10.931622025700987 40.60311456825184 29.671492542356646 2.003952110888349
476 11750.604860726482 18.425128103780683 4.7214529473680455 23.146581051148733 78.64092566372892 54.56450077910813 5.651296780441044
477 11759.470948950597 21.065821502904562 5.626630658526422 26.69245216143099 91.92089109856352 64.18230151284115 6.672768082356924
480 11814.142364614454 16.986306588945773 4.262872741102981 21.249179330048754 75.75354242440335 53.34042460183264 5.42681123325201
478 11767.319824163165 29.345717156692498 6.347596287238756 35.69331344393126 129.10320608514485 91.72296447265217 8.034524455157225
482 11847.02062607552 19.19779058805743 4.690748005756784 23.88853859381421 101.40012258911338 75.51257076040929 6.689761240233565
481 11830.74622579776 23.557343574189353 6.7210877297610185 30.278431303950374 119.48918290089387 86.93538272941623 8.996456596774806
483 11858.70457461133 19.23274645185465 4.661195732259152 23.8939421841138 100.59125942703577 76.69731724250414 4.661195732256601
487 11936.566680004094 6.908757697662118 1.6285611169046086 8.537318814566728 35.20794305448362 26.36701834753876 1.932167009133991
484 11895.173222846634 16.344545727256058 3.787907633281889 20.132453360537948 83.64950639369818 62.953405940974335 4.351554725111782
486 11905.496091616236 19.444771773779955 4.692675981592389 24.137447755372342 93.97389945635769 68.28614967778776 6.242978004365796
485 11902.049681382276 23.9604554685692 5.6555661803555815 29.616021648924786 106.72095935155448 76.68903232105004 6.0714715614121815
488 11973.530424488341 14.957195501323481 3.664147859785231 18.621343361108714 44.49883068581403 25.30183429108365 4.239800893079519
489 11985.687665370098 21.27270375901986 5.421977770252685 26.694681529272543 52.8230552957084 25.16473794438207 6.385613591843139
491 12028.755575195577 16.03172164635618 3.931969182907676 19.963690829263857 36.59477808063093 15.939279543079465 4.623776890844965
490 12026.067501735673 19.888759631454157 4.651398123945397 24.540157755399555 41.547697226567834 16.83144462762357 4.827492967058788
492 12097.99354473382 19.853841429076677 5.223208321139731 25.077049750216407 26.719316638058444 1.6422668874056399 5.223208321140191
494 12124.982959021878 12.04256492529478 2.9876503081697483 15.030215233464528 26.733315263534678 10.9989604123366 3.691789925640478
493 12120.228027268047 24.51020062759307 6.647808664730679 31.158009292323744 59.861467639178954 28.064447536396983 7.2868194746588415
495 12146.859657547751 12.310439228750123 2.701847034788499 15.012286263538623 33.64278775361163 18.630501489806193 2.701847034786624
496 12159.808461837707 18.592475631927023 4.204003972306393 22.796479604233415 45.93986330677944 22.47913730881737 4.868250365629137
497 12173.693345908969 20.114642758761512 5.065094610231284 25.179737368992797 44.7934327289222 18.699975385052312 5.978814584674183
498 12206.369125483368 13.932607254616219 3.495920854763813 17.42852810938003 21.903488530993855 4.474960421304786 3.4959208547661547
499 12233.791791928796 18.618655414218843 4.615242327600607 23.23389774181945 23.233897742222325 0.0 4.615242327599844
