# Cpu scheduler: sjf
# Quantum: None
pid arrival_time cpu_bursts_time io_bursts_time bursts_time tat ready_wait_time io_wait_time
0 20.007059672061995 19.20759033061142 4.456700061544098 23.664290392155518 32.25222704010635 8.587936647950833 4.456700061544094
2 42.13743782597753 14.011273538397566 3.5413653268662353 17.552638865263802 28.25881408294802 10.706175217684219 3.5413653268662344
1 32.28146049191874 21.562128753598465 5.465581447835804 27.027710201434267 52.92654339243149 25.898833190997188 5.465581447835824
5 85.60841992309376 12.478588510891544 3.4793050551580795 15.957893566049625 25.432143759180576 9.47425019313097 3.479305055158079
4 75.19444125552118 21.025573783103198 4.898682905440531 25.92425668854373 49.05929659671632 23.135039908172573 4.898682905440566
3 72.84241895143495 14.781844080080834 3.44864782890171 18.230491908982543 52.95491322739838 34.72442131841581 3.448647828901727
8 135.52432380190203 10.71480359946332 2.7294683253529115 13.444271924816231 23.699636687495797 10.255364762679562 2.7294683253529115
7 131.37032325993053 7.348443428032387 1.6025081141675277 8.950951542199915 30.713896215984306 21.762944673784403 1.6025081141675344
9 141.98429636828433 21.825810784632 5.051713740886068 26.877524525518073 45.375232173218535 18.49770764770045 5.0517137408861
10 169.82010405730506 16.414959557139003 4.167784553017472 20.58274411015648 41.914197872006554 21.3314537618501 4.167784553017469
6 129.5950062726119 26.988268520601245 7.627626400639305 34.615894921240546 83.58510583541266 48.96921091417212 7.627626400639343
11 232.90732478788422 21.23698573850693 5.488551613289503 26.725537351796433 32.315629911433945 5.590092559637526 5.488551613289502
12 251.0617154479424 18.794129731850497 4.530340867734947 23.32447059958545 35.027866174963094 11.703395575377726 4.530340867734964
14 262.94080692450115 15.664441101134043 3.4978242010964133 19.16226530223046 33.50825892426184 14.345993622031358 3.497824201096421
13 252.364582001603 16.949565410534905 3.8449931689772834 20.794558579512188 59.50093217133738 38.706373591825155 3.8449931689772825
19 347.2555154824209 11.298364164523523 2.38670066650294 13.685064831026462 22.197604743801037 8.512539912774628 2.386700666502918
16 326.2746801705612 13.942783108991717 3.1517901608028818 17.094573269794594 52.30902034066605 35.21444707087147 3.151790160802875
18 340.51117838874455 20.79528929338426 5.122612434149588 25.91790172753385 45.38904839676388 19.471146669229995 5.122612434149573
17 338.69371158554475 11.050733078428237 2.559935849725085 13.610668928153324 61.42606692793902 47.81539799978577 2.5599358497250932
15 324.1414310317408 19.973877634189023 4.884374812376599 24.85825244656562 77.43377405308235 52.57552160651687 4.884374812376507
20 412.35099412420976 16.810605162762176 3.8553017652009407 20.665906927963114 20.66590692796308 0.0 3.8553017652009203
21 451.87641007521404 10.800050340271646 2.532610093138507 13.332660433410153 13.332660433410126 0.0 2.532610093138487
22 466.1532791963531 17.447808904139645 5.373747511225434 22.821556415365077 22.821556415365023 0.0 5.373747511225417
23 512.755331725302 16.147079196828543 3.695430113402189 19.84250931023073 19.84250931023098 0.0 3.695430113402267
24 546.3493821413791 19.213823895422138 4.924431311490055 24.138255206912195 28.31442547205245 4.176170265140172 4.9244313114902525
25 561.6147522478489 19.224334581493373 4.545327269427287 23.769661850920667 43.12893009879406 19.359268247873274 4.545327269427503
26 576.044412441473 13.558329436081676 3.3527690556949463 16.911098491776624 35.22052928585015 18.30943079407359 3.352769055694921
27 586.6570672222925 20.940763937795033 5.481824464925714 26.42258840272074 38.56211189292776 12.139523490206784 5.481824464925921
28 654.0072009162186 14.408489320179699 3.2109786790695765 17.619467999249274 17.61946799924931 0.0 3.210978679069626
29 675.5132898456972 10.813527193101788 2.4637762595842405 13.277303452686027 15.66027495175274 2.3829714990665707 2.4637762595842787
30 684.567385698485 20.093585199291184 4.1784871016312195 24.272072300922407 26.857101851146126 2.585029550224135 4.178487101630935
31 717.5448899655205 17.47463757646811 4.451230491545767 21.925868068013877 30.22229059988547 8.296422531871372 4.451230491545857
32 726.5671979792548 17.72959792969871 4.596865662006608 22.32646359170532 29.756363514203713 7.429899922498294 4.596865662006735
33 807.3063977117448 16.5478407857301 4.102888813290452 20.65072959902055 31.37415441006499 10.723424811044538 4.102888813290406
34 807.5519714807857 25.42385694092636 6.209664026837792 31.63352096776415 43.86064184054419 12.227120872779892 6.209664026837686
36 876.4367616951632 8.623633651613062 2.1075384156635786 10.73117206727664 17.674761001031015 6.943588933754313 2.107538415663612
35 871.8843994498022 24.917728661356897 6.674263454780528 31.591992116137423 40.121564269497526 8.529572153360391 6.67426345478043
37 905.4252407276307 12.707620654331482 2.9156559559560415 15.623276610287522 22.787125429185153 7.163848818897463 2.9156559559560264
38 917.7629584998069 9.226378544060676 2.0569197855716235 11.2832983296323 15.25618500797259 3.9728866783403873 2.0569197855716084
39 947.313573821779 9.122863949031826 2.206256641486357 11.329120590518183 18.071523829707075 6.742403239189002 2.206256641486334
40 948.2085383641427 11.294095135858644 2.377201254750706 13.67129639060935 25.01571753389112 11.344421143281807 2.37720125475073
41 958.6966219374615 9.09516126513158 2.060968140789284 11.156129405920863 18.627745586163087 7.471616180242108 2.0609681407893277
42 1005.500773619738 15.761436569509824 3.6922998432400913 19.453736412749915 19.45373641274989 0.0 3.6922998432399936
44 1096.6430346780714 12.380041731398663 2.8263854733001734 15.206427204698834 23.384747673743277 8.17832046904482 2.826385473299979
43 1089.0648462304362 18.66916708127308 4.754006956530759 23.42317403780384 32.5351905317209 9.112016493916826 4.7540069565309295
45 1130.2389411745621 14.058567321624324 3.7473363136405613 17.805903635264887 17.805903635264713 0.0 3.7473363136402895
46 1162.1555386442546 24.01192202715823 6.499943819310325 30.511865846468556 41.39056241422395 10.878696567755014 6.499943819310374
47 1179.3371281113573 15.71167617931237 3.285377028194163 18.997053207506536 28.47076331720382 9.473710109697095 3.2853770281942616
48 1199.8534302216315 17.122047030250407 4.529121561426054 21.65116859167646 36.789118605975546 15.137950014299122 4.529121561425882
49 1211.058586329827 21.15127897493658 5.245804588381732 26.39708356331831 47.280965973248385 20.88388240992981 5.245804588381816
50 1227.8910749754239 15.569302980495594 3.5883217514889223 19.15762473198452 31.728722896292084 12.571098164306932 3.5883217514895023
51 1261.5963999484886 13.265419871381713 3.6136488827322526 16.879068754113966 21.076678677871996 4.197609923757682 3.6136488827326048
52 1268.245887412345 16.854736539473365 4.175258048550985 21.02999458802435 33.171402473449234 12.141407885425224 4.175258048550859
53 1269.232226056393 15.521877664373573 4.285064714698708 19.80694237907228 40.95296091369869 21.146018534626137 4.285064714698819
54 1351.0656272349004 12.398493806042842 3.4228174102012483 15.82131121624409 15.821311216244112 0.0 3.4228174102013327
55 1378.9302690498782 13.17766254903389 3.048824649161403 16.226487198195294 16.2264871981954 0.0 3.0488246491615882
56 1415.5540910795887 21.252910050498837 5.402080303473805 26.654990353972643 26.654990353972153 0.0 5.4020803034732126
57 1472.1228123072303 12.29032263736713 3.000618774472276 15.290941411839405 16.898769360651613 1.607827948812428 3.000618774472059
58 1484.5789210244714 10.613785393903184 2.274871648780715 12.8886570426839 18.720656400363623 5.831999357679933 2.2748716487806178
60 1504.3691442025204 11.788782782672502 2.6904493595876566 14.47923214226016 25.6650404542072 11.185808311946857 2.690449359587774
59 1493.5955885717738 26.285763969817673 5.604873482921705 31.890637452739377 54.38296339947942 22.492325946739356 5.604873482921903
61 1506.7471454719887 18.906538079775416 4.435686134067386 23.342224213842805 50.448877906932466 27.106653693090493 4.435686134067055
62 1574.5113095730953 17.60511678215499 4.449017888396645 22.054134670551633 25.24798333616377 3.1938486656122222 4.449017888396611
63 1587.7218140239574 17.784688115065556 4.823580582700249 22.608268697765805 27.885142913054324 5.2768742152879895 4.823580582700288
65 1625.8951828086517 14.034951011332994 3.713621877885104 17.7485728892181 26.499482947496972 8.75091005827835 3.7136218778855437
64 1622.5707327055402 16.776058725447662 4.477943989925885 21.254002715373545 31.288639810228005 10.034637094854133 4.477943989926189
66 1680.7548014136487 13.67029005117771 3.515336651935776 17.185626703113485 17.185626703113257 0.0 3.515336651935513
67 1733.8784269838002 13.531641075403355 3.1304077794785083 16.662048854881863 22.76437537143488 6.102326516552921 3.130407779478219
68 1737.750268179885 24.34079260258146 6.191303964133535 30.532096566714987 38.483835436482195 7.951738869767269 6.1913039641331125
69 1777.2448266776696 12.382295702327244 2.6774337634482217 15.059729465775465 17.9430966553125 2.8833671895370117 2.677433763448107
70 1786.2448051667081 16.984773385757585 4.480074014294989 21.464847400052577 25.262326817288795 3.797479417236218 4.480074014295042
71 1814.3803684717432 26.78410161544891 6.838010656249478 33.62211227169839 33.62211227169814 0.0 6.83801065624948
72 1852.7138462464563 9.180676306570621 2.3651894734933516 11.545865780063973 13.828165016276898 2.2822992362130208 2.365189473493274
73 1860.0014504849307 18.086355941052876 4.526430173913264 22.612786114966145 32.46265723766351 9.849871122697323 4.526430173913468
75 1882.8394034181954 11.660956531767743 2.8186682196558364 14.47962475142358 25.26318827228988 10.783563520866437 2.8186682196558195
74 1874.923811409098 16.984592170363136 4.4257498717631725 21.410342042126306 37.81010935094014 16.399767308814035 4.425749871762946
77 1938.9290000415874 20.72207780419962 4.894938041444847 25.617015845644474 43.9686872520283 18.351671406384185 4.894938041444675
76 1936.5923306264006 25.019831373346555 6.025884689928583 31.045716063275137 47.6661491342586 16.620433070983154 6.025884689928716
78 1971.0022803048673 22.07668016397878 5.61676320733174 27.693443371310515 38.919768037964104 11.226324666653682 5.616763207331587
79 2032.8076923152635 16.919465261295073 4.057327143567275 20.976792404862344 20.976792404862408 0.0 4.057327143567363
80 2069.710205474396 20.4882337442426 5.165127920522299 25.653361664764898 25.653361664763906 0.0 5.165127920521627
81 2098.615791945762 9.715216275242298 2.3039231280709407 12.019139403313236 12.019139403312693 0.0 2.303923128070892
82 2137.9999815584542 9.939063864270436 2.52614423973013 12.465208104000567 18.06696870554788 5.601760601547539 2.5261442397300016
84 2144.4253626345153 16.024885392436833 3.524979149314996 19.54986454175183 33.94546066724661 14.395596125494194 3.524979149315641
83 2139.6837474769964 23.38575368244986 5.661508222841841 29.0472619052917 53.14903943741183 24.101777532120195 5.6615082228413485
85 2183.8526373433756 11.55222187809629 2.7529044544960186 14.305126332592305 23.770113155661875 9.464986823069466 2.7529044544962744
86 2189.6650742390475 17.184748823361637 4.031767795938506 21.216516619300144 29.973069608129663 8.756552988829299 4.0317677959387765
87 2257.3484956230113 13.022539866869842 3.353395823429771 16.375935690299613 16.37593569029923 0.0 3.3533958234297643
88 2287.168740522732 7.347220565875651 1.4841815051391594 8.83140207101481 8.831402071014509 0.0 1.4841815051390768
89 2313.0829353064505 18.532534361918525 4.445639681416824 22.978174043335347 22.978174043335912 0.0 4.4456396814175605
90 2347.0324875721194 9.270100324894138 2.5797193543779944 11.849819679272132 11.849819679272514 0.0 2.579719354378085
91 2409.4687182968305 20.825448301615673 5.514552296885531 26.340000598501206 26.34000059850132 0.0 5.5145522968850855
92 2434.991677423756 25.015074273866166 6.978123666314354 31.99319794018052 47.23029958045936 15.237101640279434 6.978123666314332
93 2443.880487183671 18.807212602443713 5.3960352186520275 24.20324782109574 47.29599299285428 23.09274517175845 5.396035218651832
94 2463.4608603827037 22.96205585090387 5.2492429964800476 28.211298847383915 45.802051494878924 17.59075264749572 5.249242996479552
95 2500.774618931321 24.08406890681409 5.504212976461168 29.588281883275254 38.23888643514556 8.650604551869037 5.504212976461986
96 2525.0243539980625 15.905460058795562 4.481636535555159 20.387096594350723 26.48650823806429 6.099411643714575 4.481636535554117
97 2573.773788235441 10.411161041195825 2.7521722683915413 13.163333309587369 13.163333309587415 0.0 2.7521722683918597
100 2605.356143140672 8.796397197004174 2.046995186815548 10.84339238381972 32.148167478741925 21.304775094922206 2.0469951868158205
101 2625.434012214915 18.71923050288628 4.757341682206942 23.476572185093218 45.65824587697762 22.181673691884953 4.7573416822065155
99 2595.4859511961695 21.918606225929157 4.976028184083397 26.89463441001255 95.86478978891819 68.97015537890502 4.9760281840840435
103 2639.494124214245 17.14646533694433 4.087255509416648 21.233720846360978 76.4228854331368 55.189164586777224 4.087255509416082
105 2681.390831042319 14.39406212715927 3.4801272092077458 17.874189336367017 44.29798928437776 26.423799948011037 3.4801272092072395
106 2692.978471131311 18.934375702952593 4.285805797520495 23.22018150047309 54.27662797760786 31.056446477134614 4.285805797520425
108 2719.0716323245356 12.50387179848643 3.095263068826612 15.599134867313044 29.354048070599674 13.754913203287288 3.0952630688261706
102 2635.2300280210684 16.277885434518705 4.088450961450425 20.36633639596913 119.87626621001345 99.50992981404443 4.088450961450235
107 2699.565112257896 21.155978171604186 5.21796793988276 26.373946111486948 77.21880474115142 50.84485862966403 5.217967939883238
109 2748.389588369565 14.88247068957405 4.139562841976465 19.022033531550516 29.62480074978157 10.602767218229928 4.13956284197684
98 2594.9883367844136 23.62937663392419 6.344870885370737 29.974247519294927 197.1407679265708 167.16652040727604 6.344870885370256
104 2659.489316157465 18.594008744079662 4.448073761056162 23.042082505135824 144.33770409489944 121.29562158976296 4.448073761056548
110 2802.0250473676842 14.978044779402357 3.7599696376610647 18.738014417063425 38.52750703712036 19.789492620057445 3.7599696376610154
111 2814.1500323795926 14.25920828710493 3.450444112554568 17.709652399659497 27.98000917878062 10.270356779119538 3.4504441125554877
112 2825.0182945211072 8.969709090248383 1.996504061966796 10.966213152215179 20.261840159818348 9.295627007602434 1.9965040619672436
113 2841.6412884367187 10.565589190840543 2.176801740995696 12.742390931836239 20.896269658424444 8.153878726588573 2.1768017409954155
114 2846.875113856837 11.163335774113126 2.326332442573541 13.489668216686667 19.443770467157265 5.9541022504704415 2.326332442572948
115 2871.7714639101323 16.61687549753148 4.1054597097060945 20.722335207237574 22.748412878008367 2.026077670770974 4.105459709705428
116 2888.9095575083443 9.323705540764948 2.310289823475609 11.633995364240556 13.698528461421574 2.0645330971810836 2.310289823475614
117 2921.742589391437 30.034682109473017 7.80504869056788 37.83973080004089 37.8397308000408 0.0 7.8050486905676735
118 2962.5922660700517 10.886035788854205 2.6853960379931703 13.571431826847377 13.571431826847856 0.0 2.685396037993087
119 2983.845251384418 18.082968076277588 4.0047047766847585 22.08767285296235 33.18490802617907 11.097235173216632 4.004704776684775
120 2986.715066299781 19.581676114923116 4.494783756643278 24.076459871566396 35.886186864013325 11.80972699244785 4.494783756642846
121 3057.9887939888686 10.569116862277085 2.4642006922241246 13.03331755450121 13.033317554501537 0.0 2.46420069222404
122 3070.046282530302 22.654220383921064 5.573809353804735 28.2280297377258 40.800363502068194 12.572333764343057 5.573809353804791
123 3078.1439878518327 19.074741985655372 4.805252227785936 23.87999421344131 36.288202215870115 12.408208002428637 4.805252227785331
124 3121.429816240565 21.413410122693072 5.0186967909647535 26.432106913657826 32.2314990907189 5.7993921770621455 5.018696790964896
125 3135.558948087771 17.21107992665412 4.413218398393527 21.624298325047647 32.40788986177586 10.783591536726817 4.413218398394747
127 3165.015717336306 20.10727964333219 4.719032149295978 24.826311792628175 41.62910802993838 16.802796237310304 4.719032149295799
126 3161.52523787365 21.263851754279685 5.27365331841818 26.537505072697865 49.56332383381596 23.025818761117534 5.273653318418383
128 3194.074784771343 17.16685544002852 4.132367776812359 21.299223216840886 31.863956568462527 10.56473335162218 4.132367776811861
129 3234.163227379489 18.267249857908148 4.314363939629993 22.581613797538136 25.977654630743018 3.3960408332054612 4.314363939629857
131 3260.835102808757 18.03729072135485 4.564138801753652 22.601429523108504 36.359988530593455 13.758559007486383 4.564138801752506
130 3251.517466082406 32.367137972000194 8.398480469564195 40.765618441564385 60.60922189217945 19.84360345061259 8.398480469565584
132 3298.5575474989346 16.01861702959877 3.3242150821503076 19.342832111749075 25.38381759724689 6.040985485497458 3.3242150821502037
133 3338.1634108096105 13.403897633165917 3.7558773970219548 17.159775030187873 26.532448831656893 9.372673801468409 3.755877397022232
134 3339.7342559968047 20.313092222682748 4.624399294750784 24.937491517433536 39.1923197832798 14.254828265847664 4.624399294750219
135 3364.506642099749 13.23855691265119 2.8892351916567014 16.12779210430789 22.032283294186527 5.9044911898790815 2.889235191656553
136 3418.49216348985 11.261595328668676 2.7813389152072454 14.042934243875923 18.697980926738637 4.655046682863485 2.781338915207016
138 3426.8078611289693 18.540049374139315 4.445244027938918 22.985293402078227 36.57827397039273 13.592980568314943 4.44524402793877
137 3425.8144722357715 16.594290604284677 4.078444230189091 20.672734834473765 42.138055013012945 21.465320178539514 4.078444230188779
139 3461.183869283027 13.052312567345755 3.448433899466958 16.500746466812714 21.103654872671086 4.602908405858216 3.4484338994670907
140 3493.725466371729 15.755377364949766 4.000199680343197 19.755577045292963 29.325781412424476 9.570204367131737 4.00019968034303
141 3495.718845553769 14.974351301270653 3.313382809067127 18.28773411033778 29.049041531654893 10.76130742131727 3.313382809067207
142 3570.2738870659964 4.399206547967676 0.738130786626491 5.137337334594168 5.1373373345945765 0.0 0.738130786626698
143 3609.1368235737273 11.715956369082942 2.449820037581238 14.165776406664179 15.473305558072298 1.3075291514073797 2.449820037581958
144 3621.074231337421 8.20670900712062 1.6835023773149445 9.890211384435565 11.347335068744542 1.4571236843089537 1.6835023773151079
146 3637.905245469551 11.778883420415957 2.605468561086643 14.3843519815026 28.32864173574717 13.944289754244437 2.605468561086127
147 3641.9615115160323 16.806327611856887 4.2218392098153705 21.028166821672254 34.31126405204577 13.283097230372732 4.221839209815698
145 3635.383358652274 22.841370116839663 5.266946354902949 28.10831647174261 76.16257012420965 48.05425365246674 5.266946354903212
148 3658.107873761435 20.616170655487952 5.0977501868692086 25.713920842357165 58.50170190019844 32.78778105784113 5.097750186869234
149 3685.751647315853 11.690760161452507 2.8250521758917193 14.515812337344226 34.17840524484063 19.662592907497128 2.8250521758918694
150 3726.746241379868 15.198506090912382 3.6298592982371525 18.828365389149536 19.362509911467896 0.5341445223184564 3.629859298237534
151 3742.377107521899 14.786480492041708 3.6804704763795417 18.466950968421248 20.724551859824714 2.257600891403399 3.6804704763799236
152 3774.337363260905 14.53302667621781 3.071396464190257 17.60442314040807 17.604423140408016 0.0 3.0713964641904568
153 3792.800158513396 15.328473236929048 3.73318136689364 19.06165460382269 19.061654603823172 0.0 3.7331813668934046
158 3864.1905401222302 10.399499735792192 2.4329250845115427 12.832424820303734 26.455581405006797 13.623156584703338 2.4329250845112256
154 3847.079235023889 21.219047541577805 4.891978461668911 26.111026003246717 58.8767046353546 32.76567863210903 4.891978461667804
155 3849.2961401266243 13.028423356432246 2.8452794625766376 15.873702819008885 86.1534856328949 70.27978281388641 2.845279462575945
157 3859.2610209672675 26.529948402745333 6.446267568581469 32.9762159713268 82.12460238015001 49.14838640882317 6.4462675685817885
156 3855.462003036791 26.118849305211057 6.306279418039565 32.42512872325062 91.20240632854575 58.777277605294785 6.306279418039139
159 3881.724011330872 19.709796747016778 4.877159230049274 24.58695597706605 87.13735434658156 62.55039836951573 4.877159230049074
161 3975.4525770494456 18.47890022784182 4.165455809061178 22.64435603690299 33.98799074969884 11.343634712795847 4.165455809061314
160 3972.257559763523 21.4556192199733 5.357025894672681 26.812645114645985 40.911030102422046 14.098384987776171 5.357025894672461
162 4018.533300067232 21.330680549322476 4.278916357397165 25.60959690671964 28.954389543277102 3.3447926365579406 4.278916357397065
163 4036.748135265991 19.518629436514196 4.456290251328135 23.974919687842334 39.896176113848014 15.92125642600513 4.4562902513284826
164 4047.826018275309 19.52924510656318 4.036938560617652 23.566183667180834 51.38695893498107 27.8207752678004 4.0369385606177275
165 4063.3367370894766 20.815155883434915 4.794744293045154 25.609900176480068 40.02589198601254 14.415991809531988 4.794744293045369
166 4108.971550495449 11.378676885323603 2.3609397666184284 13.73961665194203 13.739616651942015 0.0 2.360939766616866
167 4123.42418194723 20.539159637168844 5.481213320614285 26.020372957783128 41.18563953497687 15.165266577195325 5.4812133206132785
168 4130.52524862304 14.587610962361655 3.6666700674297297 18.254281029791386 44.718893665035466 26.46461263524634 3.6666700674286403
169 4141.285378445038 16.828273597983415 4.33566829665482 21.16394189463824 43.85378040102205 22.68983850638324 4.335668296655058
171 4173.515317358933 13.236173879022832 2.6836696667169977 15.91984354573983 26.628779164934713 10.708935619195472 2.6836696667169235
173 4205.883310241736 10.21824285272824 2.3993254365398906 12.61756828926813 25.668289689027006 13.050721399759823 2.399325436539584
170 4149.572572063506 24.046026861346096 6.160896644428623 30.206923505774718 102.92746295281904 72.72053944704294 6.160896644429158
175 4219.9978403923815 15.719783532952874 4.054183413969243 19.77396694692212 40.592877070357645 20.81891012343749 4.054183413967621
172 4204.739715595829 17.38903444422025 3.841238183236652 21.2302726274569 76.18881082706775 54.95853819960848 3.8412381832376923
176 4231.2521933593525 20.21242408489413 5.4079900119583035 25.620414096852432 68.73498905431825 43.114574957464356 5.407990011959555
174 4218.095478797674 19.714572978762757 4.9461435665537365 24.660716545316493 85.04733751911499 60.386620973800746 4.946143566552564
177 4288.975236940717 17.721591697928357 4.453070243413325 22.174661941341686 30.299854504706673 8.12519256336509 4.453070243414004
178 4318.998121169208 7.930956765638908 1.8111829981407108 9.742139763779619 10.019110039995212 0.27697027621525194 1.8111829981407936
179 4355.682841988145 19.903799371878517 5.352724973489677 25.25652434536819 26.330821316762012 1.0742969713937782 5.3527249734888755
180 4377.398501308216 24.58101071976998 6.470098386764436 31.051109106534415 33.706437377513794 2.655328270980135 6.470098386762402
182 4414.218934188675 17.346051423188776 4.2609224128965595 21.606973836085334 33.64721018971795 12.0402363536341 4.260922412895525
181 4410.252877647517 18.19944484764791 4.261493012577045 22.46093786022496 40.395618380417545 17.93468052019216 4.261493012578285
183 4441.214774234812 11.229464358984142 2.725577392647763 13.955041751631907 18.579467710612334 4.624425958981192 2.7255773926481197
184 4483.432705164201 8.392137520898558 2.0305910222573553 10.422728543155914 10.422728543155245 0.0 2.030591022257795
185 4504.529138411319 17.450107739284938 4.448715767431341 21.898823506716276 32.029297155004315 10.13047364828708 4.4487157674311675
186 4507.186244642114 20.74315222798861 5.194002053147734 25.937154281136344 37.25701250203929 11.31985822090337 5.194002053147415
187 4579.300861088924 11.952263991899756 2.810996181501486 14.763260173401239 22.120738448595148 7.357478275193898 2.810996181500741
188 4581.824226590839 23.41487241730061 5.606677004685683 29.021549421986297 36.731380412552426 7.709830990569571 5.606677004682751
189 4627.87981600601 12.642120574710475 2.6196992874747114 15.261819862185183 15.261819862184893 0.0 2.61969928747385
190 4690.836855204414 17.721719175787307 4.0110611833546175 21.73278035914192 27.373621135267058 5.640840776126424 4.011061183353377
199 4783.079467379455 11.910483605643536 2.548251583668896 14.45873518931243 33.70800161423722 19.249266424924826 2.5482515836683888
200 4788.923585486384 13.873075224412826 3.6360051507831095 17.509080375195936 32.03315410127652 14.524073726081042 3.636005150782694
193 4727.8852598740405 16.38280594705636 3.6990530317262045 20.081858978782567 98.76991569141865 78.68805671263453 3.6990530317270895
198 4781.083268587653 14.989882058439404 3.663873358958921 18.65375541739833 47.28024091613861 28.626485498740294 3.6638733589597905
195 4732.545180604188 19.25384513827636 4.469640349005254 23.723485487281618 113.39987673624728 89.67639124896505 4.4696403490052035
196 4758.355173765944 20.248905603880736 4.412428270622808 24.66133387450355 102.49650411222774 77.83517023772492 4.412428270622513
197 4766.445613768377 10.282699689087226 2.6564338324432444 12.93913352153047 108.37237871128582 95.43324518975442 2.6564338324433265
203 4876.070017636285 15.13128568252021 3.373935423262576 18.505221105782784 27.430045465292096 8.92482435950933 3.3739354232620826
192 4705.740756001205 18.975266834955573 4.407681037600594 23.38294787255617 206.95243064860824 183.5694827760526 4.4076810376009234
204 4876.358548321973 17.37012245048913 4.4508144436065855 21.820936894095716 37.62030065882482 15.799363764726877 4.450814443607669
191 4702.924046669145 25.19695556284553 5.610500901485787 30.807456464331317 220.4572355851351 189.64977912080667 5.610500901484556
194 4730.016369582502 21.414641246386623 5.223080558209712 26.63772180459633 228.87937684304597 202.24165503845052 5.223080558208494
206 4934.499288242146 13.67316848855789 3.473631328858583 17.146799817416472 29.454046330351048 12.307246512935308 3.4736313288585734
205 4925.426271850992 23.581123130739947 5.374975587980523 28.956098718720476 68.4331972467935 39.4770985280702 5.37497558798259
202 4831.456801361097 22.493481070926954 5.435342800239389 27.92882387116635 167.2182586905592 139.28943481939314 5.435342800239596
201 4825.934530870137 24.81139558162617 5.913683640360756 30.725079221986924 174.58795337091942 143.86287414893377 5.913683640360432
207 5003.873728821874 13.16151604736809 3.055880378871259 16.217396426239347 27.127298218292708 10.90990179205437 3.055880378871734
209 5017.938759736377 6.262771090109904 1.310583109355718 7.573354199465623 16.63996207148739 9.06660787202145 1.3105831093562301
208 5004.337821762109 17.840518354529085 4.066993624263642 21.907511978792723 42.010241705363114 20.102729726570033 4.066993624263887
211 5048.868490382675 5.377707478699099 1.350858204873334 6.728565683572434 9.837422683148361 3.1088569995745274 1.3508582048734752
210 5029.351306993359 17.678184934969867 4.201863610922833 21.8800485458927 36.52926869530438 14.64922014941203 4.2018636109223735
212 5066.141093807007 15.431277724684039 4.344277556512705 19.775555281196745 21.806816049257577 2.031260768060747 4.344277556512679
213 5082.328453009685 17.767932886256826 4.65091464172005 22.418847527976872 24.43301118189538 2.014163653918331 4.650914641719282
214 5108.342413147044 16.415306330077144 3.9244625997253584 20.339768929802503 20.33976892980445 0.0 3.924462599726212
215 5141.36250640437 14.432134243162594 3.109236588737083 17.541370831899677 23.39199784525863 5.850627013355734 3.109236588738895
216 5147.206266315556 18.098010327963074 4.8151831206347655 22.91319344859784 29.82436421870716 6.911170770108583 4.8151831206350835
217 5180.932770231681 18.64885830317641 4.938476261495624 23.587334564672034 34.1710030853792 10.58366852070958 4.9384762614936335
218 5182.902188058053 16.809863318773754 4.183638475487497 20.993501794261245 35.24359261722384 14.250090822963102 4.183638475486987
223 5241.841228317264 6.117408222022307 1.59085689795731 7.708265119979616 12.006635069164986 4.298369949184234 1.5908568979575648
221 5217.357194010988 19.009475093835814 4.366643376226005 23.37611847006181 54.730095945167704 31.353977475107968 4.3666433762246015
219 5208.279274079601 14.909821392443188 3.4839336357716566 18.39375502821484 65.44357120072891 47.04981617251451 3.483933635771791
224 5246.783195416138 18.532013690430805 4.48678280456208 23.018796494992888 56.77034760491824 33.75155110992455 4.486782804561699
222 5222.011071644816 18.078770342766415 4.5131689323514825 22.591939275117902 84.555786132285 61.96384685716839 4.513168932350709
220 5214.996324615374 17.422718778760647 4.33964274363493 21.76236152239558 108.38035228186527 86.61799075947056 4.3396427436337035
225 5300.3588752862315 9.468036932428667 2.287737850603859 11.755774783032527 33.201734962486626 21.445960179454232 2.287737850603662
226 5305.798985850491 20.801744620590718 4.703610743876517 25.50535536446723 36.98998622980071 11.484630865333202 4.703610743877107
227 5341.518755055795 6.351867286579791 1.080943577979396 7.432810864559188 8.703027889056102 1.27021702449656 1.0809435779792693
228 5358.738850767011 20.961716842806855 4.458943132245373 25.42065997505223 25.42065997505324 0.0 4.458943132245622
229 5400.49525165144 19.13672015853526 4.928562537938781 24.065282696474046 26.720076345083726 2.6547936486103936 4.9285625379388875
230 5418.909998495679 14.295641935748815 3.6295465974277836 17.9251885331766 32.787116657741535 14.861928124565566 3.6295465974262697
233 5437.413242242031 15.846760542719547 3.897172315270094 19.74393285798964 37.09375298584655 17.34982012785713 3.897172315269927
232 5432.127277672125 16.95540303250336 4.570228513158168 21.525631545661533 48.3777335324221 26.852101986761227 4.570228513158327
231 5427.982269947392 16.199823976912352 3.3330839916851813 19.53290796859753 60.254439118491064 40.72153114989305 3.333083991685271
234 5495.536794962069 22.040293590472213 5.172665020290469 27.21295861076268 30.532036987964602 3.31907837720064 5.172665020290879
235 5516.596226767073 24.259984703845483 6.411325971724044 30.671310675569533 34.314732103091956 3.6434214275222985 6.411325971724182
236 5554.007451352332 17.64813659799978 4.391326410066201 22.03946300806598 22.039463008066377 0.0 4.39132641006745
237 5647.972358248059 10.227055502471089 2.9990607877034114 13.2261162901745 13.226116290173195 0.0 2.999060787702547
240 5698.011916210322 13.636559901791546 3.6857836094582637 17.32234351124981 31.431686596214604 14.109343084964166 3.6857836094586673
239 5696.494154957228 16.54628816237676 3.684429780441102 20.23071794281786 34.309054504883534 14.078336562063669 3.68442978044186
238 5690.950818924033 19.609867041072636 5.006186016891855 24.616053057964493 74.92426745835655 50.30821440039108 5.006186016891661
242 5737.997430156704 14.931155176650105 3.531302285830863 18.46245746248097 33.0342765632422 14.571819100760877 3.531302285831771
241 5703.840550887798 29.757060669633105 6.9582932655913385 36.71535393522445 86.2244617351771 49.50910779995229 6.958293265591237
243 5852.019721642758 15.958744562910384 3.647711648910468 19.606456211820856 19.60645621182084 0.0 3.647711648909535
244 5872.344732330068 14.738358878390931 3.2657468617875596 18.004105740178492 18.004105740178602 0.0 3.2657468617871928
245 5899.0512489379835 11.019157494001707 2.8472060139011335 13.86636350790284 13.86636350790286 0.0 2.8472060139010864
246 5935.111068587072 18.834491442288538 4.272634584874482 23.10712602716302 23.10712602716194 0.0 4.27263458487414
247 5996.107466355526 18.64355840079985 4.182785311392966 22.826343712192816 22.826343712194102 0.0 4.182785311392763
248 6026.986748650163 15.875841797872015 4.445002788740369 20.32084458661238 20.32084458661393 0.0 4.445002788740567
249 6051.249746271483 16.99523572944518 3.6011081001154395 20.596343829560617 20.5963438295621 0.0 3.6011081001161074
250 6161.432720972859 25.19578658443342 6.19275658203068 31.388543166464107 32.5989622684574 1.210419101993466 6.192756582030597
251 6190.456043814019 17.80512717532356 4.426268230982135 22.231395406305687 23.81066252306755 1.579267116761912 4.426268230981805
253 6241.35040139995 8.356433112607425 1.8134662890523687 10.169899401659794 15.946042017561012 5.776142615902245 1.813466289052485
252 6229.827315625236 18.65962777571371 4.921938728125092 23.581566503838797 33.94297218705378 10.361405683214798 4.921938728125497
254 6253.191629440012 6.88086442429334 1.6562989928351817 8.537163417128522 14.415498010174815 5.87833459304602 1.656298992835218
255 6262.156211969311 13.357682179420113 3.084700160165718 16.44238233958583 20.279253165900627 3.8368708263151348 3.0847001601650845
256 6288.9708299727845 10.803825689884789 3.0815731415658347 13.885398831450622 20.057938422937696 6.172539591486384 3.0815731415659684
257 6294.511518282707 23.329087429681547 5.403175311063348 28.73226274074489 33.166109834772215 4.433847094027442 5.403175311063023
259 6347.717975675034 18.832554532924195 4.876506982821286 23.709061515745482 49.004026474055536 25.29496495830972 4.87650698282232
261 6353.360502849615 23.78058036447288 6.600675959947096 30.381256324419976 51.09987482746419 20.718618503045036 6.600675959946784
258 6345.622215178895 13.604609399993631 3.0112728954083057 16.61588229540194 62.826320602337546 46.21043830693452 3.0112728954090926
265 6402.124104805513 4.560256726413065 0.7546657290003955 5.31492245541346 11.282532405368329 5.967609949954749 0.7546657290004077
264 6386.815241966987 15.267718754718269 3.0803021843459892 18.34802093906426 44.2217139465547 25.873693007490147 3.0803021843466922
266 6412.445549710213 14.336366351707936 3.651662410107648 17.98802876181558 31.442372649788012 13.454343887973664 3.6516624101068373
267 6431.845150540455 20.237706380957828 5.280101110581483 25.51780749153931 40.395836267078266 14.87802877554077 5.280101110582109
262 6359.127085308482 17.599196381896768 3.915018182123872 21.514214564020637 124.58936875350446 103.07515418948333 3.915018182124186
268 6490.719866432488 15.301857846330144 4.03868107129561 19.340538917625754 30.990051261726876 11.649512344102732 4.0386810712952865
260 6352.891757282438 15.912265030705173 3.5258817693622326 19.438146800067404 170.054703132314 150.61655633224564 3.5258817693620585
263 6370.340090835431 15.223153805512315 3.464336077573264 18.68748988308558 158.05206461422767 139.36457473114206 3.4643360775735346
269 6507.326867532585 10.598275689830556 2.445893780076717 13.044169469907272 24.2769622774822 11.232792807574697 2.445893780077313
270 6577.396009548689 10.639672666126893 2.4113659572233805 13.051038623350273 13.051038623349996 0.0 2.411365957223097
271 6593.761770018542 14.676391127501585 4.017483328768048 18.693874456269633 18.69387445626944 0.0 4.017483328766502
273 6642.652560990919 13.768154028212425 3.655225274694604 17.42337930290703 29.50981451973712 12.086435216831887 3.655225274694203
272 6642.380187490631 27.218396016294257 6.280075089420979 33.49847110571524 43.43041738822376 9.93194628251058 6.280075089421189
274 6692.022578976237 20.76496614269444 4.645773937911983 25.410740080606427 25.410740080606956 0.0 4.6457739379129634
276 6779.045434062601 12.449060197683304 2.959192425044386 15.408252622727693 23.91687730601734 8.50862468329069 2.9591924250435113
275 6771.107582707942 23.07047896161308 5.387050569309273 28.45752953092235 37.40242064294307 8.944891112019832 5.387050569310304
277 6821.125785246222 22.16831037676669 5.4843874473482135 27.652697824114902 27.65269782411542 0.0 5.484387447348126
278 6869.318977670037 12.696253331099019 3.2083855377897015 15.90463886888872 18.41894189008599 2.51430302119752 3.208385537790491
279 6882.368859138757 12.697265472980247 3.110063834167668 15.807329307147914 17.05596790184518 1.2486385946967857 3.110063834167704
281 6904.442085297538 13.397238538198629 3.8301528667814217 17.22739140498005 25.46146273960585 8.234071334625696 3.8301528667816456
280 6900.96754836232 16.20716862796185 4.655433238361399 20.862601866323246 29.985797808771167 9.123195942446728 4.655433238361184
282 7011.074973755456 20.96180508931807 5.236377499763752 26.198182589081814 26.198182589081625 0.0 5.236377499763876
285 7120.427022924054 8.851905374609448 2.3850762147862112 11.23698158939566 19.995933108688405 8.758951519291259 2.38507621478675
286 7120.9850409798255 11.183315228004297 2.830014681043851 14.013329909048148 20.673286680646925 6.659956771598445 2.830014681044304
284 7109.842155941385 19.578732607106197 3.9634684086768 23.542201015782993 55.76544694450786 32.22324592872337 3.963468408677727
283 7109.550184877118 25.446596700825953 5.979668965860544 31.426265666686497 66.92133925988492 35.49507359319978 5.979668965858764
288 7185.8726468439745 26.95882735195459 6.6442362063106675 33.603063558265255 56.46808319824959 22.865019639986713 6.64423620630987
287 7183.321036796789 16.015061018997258 3.561113642943413 19.57617466194067 60.95865957509068 41.38248491315153 3.5611136429433827
289 7204.093308841786 25.94248564080911 6.171855030943901 32.114340671753006 54.857588538148775 22.743247866392267 6.171855030945153
290 7244.526837657652 20.16061997430618 5.3397523300756395 25.500372304381816 46.49679185515106 20.996419550770042 5.339752330075498
291 7250.501709667838 19.210243096664744 4.334417039727849 23.54466013639259 41.56969960868537 18.02503947229343 4.3344170397276685
292 7287.724987413279 20.943830052469583 5.639885058222823 26.583715110692406 44.926159213468964 18.342444102777336 5.639885058221807
295 7314.887042357581 13.071106810352953 2.9254037445277414 15.996510554880695 29.062455462709295 13.065944907826633 2.9254037445289214
293 7300.219000478552 20.304122825715123 4.874286509645627 25.178409335360755 56.54219305437891 31.36378371901901 4.874286509644662
294 7306.461010218386 13.024921824201005 3.1055662916111784 16.130488115812184 57.61495499409193 41.48446687828073 3.105566291611467
296 7350.461076749653 21.77721481120597 5.830961569926328 27.608176381132296 46.38630845604621 18.77813207490999 5.830961569928149
298 7371.318504057808 18.84491437948097 4.120179192546271 22.965093572027236 55.96737857204516 33.002285000015945 4.120179192546857
299 7405.49509838667 9.124873019090971 2.071782294752561 11.196655313843532 24.9663521256698 13.76969681182436 2.0717822947526656
297 7369.787918227921 19.716260946379617 5.33346008269573 25.049721029075346 62.05568837660485 37.005967347527985 5.333460082696547
300 7567.634844334432 8.50952156236212 1.545487654730188 10.055009217092309 10.055009217090628 0.0 1.545487654729186
301 7589.404055446536 13.606990422248785 3.225753725492483 16.832744147741266 18.175452740861147 1.3427085931234615 3.225753725490904
302 7604.43328974742 21.474604871448616 5.00076640606121 26.475371277509826 27.608890731189604 1.1335194536814015 5.000766406061302
303 7655.5964098756795 14.407403313256596 3.798319690186724 18.205723003443325 18.20572300344338 0.0 3.7983196901868723
304 7677.019998013762 12.914441142338031 3.5600259789103603 16.47446712124839 16.47446712124838 0.0 3.560025978910744
305 7772.969324096877 11.50941901260448 2.962870417934065 14.47228943053854 14.472289430537785 0.0 2.9628704179340275
306 7829.536334038696 16.23968316285166 3.8328614465395887 20.072544609391244 31.86280167131372 11.790257061922603 3.832861446539937
307 7833.0065628125085 19.728994424110493 4.526746331168896 24.255740755279387 44.18539148789114 19.929650732611663 4.526746331169306
308 7846.904388576489 14.22201574476974 3.215494661213371 17.43751040598311 33.57875491183495 16.141244505852228 3.215494661212688
310 7889.100443060016 17.319662148952464 4.190788339795145 21.510450488747612 33.03539724909933 11.524946760353487 4.190788339794381
309 7886.993865055429 21.481608025023142 5.668172490671146 27.14978051569429 39.83589607626254 12.686115560566577 5.668172490672987
311 7940.535876184198 18.180381323197796 4.180486482184709 22.360867805382505 22.36086780538335 0.0 4.180486482185188
312 8028.735528442501 12.180283083355835 2.5928817871052923 14.773164870461128 14.773164870460278 0.0 2.592881787105398
314 8062.373404974836 15.052051296607733 3.487596475135743 18.539647771743475 30.803502330546507 12.263854558804269 3.487596475135433
313 8057.20599942733 16.159709447162122 4.197745754988336 20.357455202150454 39.19349321022128 18.836038008073047 4.197745754988318
316 8079.548467391187 12.708287452511598 2.6583671526142947 15.366654605125893 43.65373542089765 28.287080815772242 2.658367152614119
317 8086.75421470776 16.100195782588216 4.137804290525736 20.23800007311395 50.48723225696722 30.249232183853564 4.13780429052531
318 8097.163309985829 17.596037198490208 4.256246155722688 21.852283354212897 41.60050055303054 19.748217198817656 4.2562461557226925
315 8066.171209508557 14.58958058596613 3.777231078106791 18.366811664072923 97.36964840631754 79.00283674224374 3.7772310781065244
320 8131.226938876858 14.622006074512605 3.26097504018694 17.882981114699547 34.15810880159006 16.2751276868903 3.260975040187077
319 8106.785137542883 12.491688557867885 2.9157658868395773 15.40745444470746 78.98270067925296 63.575246234546285 2.9157658868389262
321 8173.505975786294 19.567044104579143 4.775056201512436 24.342100306091577 28.58308243791089 4.240982131819692 4.775056201510779
322 8230.427494843718 23.7185203414117 5.358115926545784 29.076636267957483 38.67983500339324 9.603198735430851 5.358115926546816
323 8244.074038246092 14.199853718670294 3.2531314538769185 17.452985172547212 26.693607888171755 9.24062271562434 3.2531314538773586
324 8298.163651656643 14.035046093382029 3.290078657170762 17.325124750552792 17.325124750550458 0.0 3.2900786571681238
325 8376.12271605094 15.198700030710464 3.994361841408188 19.193061872118648 19.193061872116232 0.0 3.994361841405407
328 8434.097459587647 5.045814865239705 0.9180107814559121 5.963825646695617 18.22217751173048 12.258351865035365 0.9180107814554503
327 8425.83471884206 13.89743147702312 3.8931226861722865 17.79055416319541 31.110826273652492 13.320272110458973 3.8931226861695905
326 8415.59856837395 23.381863135611113 5.372455830740334 28.754318966351445 45.95370554413785 17.19938657777857 5.372455830744002
329 8453.745441357789 15.590661298095915 3.7241357216572935 19.314797019753208 26.635821819118064 7.321024799366569 3.7241357216571487
330 8476.657922595743 17.281444155792883 4.006265598330613 21.287709754123494 22.619604569184958 1.3318948150663346 4.006265598327445
331 8524.559505567175 18.01198174375934 4.234431241856103 22.246412985615446 22.246412985619827 0.0 4.234431241855418
332 8581.504199108838 9.760929964931865 2.5031291040690316 12.264059069000895 12.264059069000723 0.0 2.5031291040686483
333 8613.619551085512 8.142265946595678 2.0637272344304867 10.205993181026166 14.651779919557157 4.44578673853357 2.063727234430189
334 8614.645233112627 18.793324495035097 4.9441001655542305 23.737424660589326 59.414580106616995 35.6771554460247 4.944100165555938
335 8624.955188453745 14.169076433936368 3.5366805738713083 17.70575700780768 57.26606460693074 39.56030759912028 3.536680573874037
339 8643.045181745501 14.738807265022832 4.2242998804899115 18.963107145512748 63.43232419842934 44.469217052917884 4.224299880490435
342 8702.85214450753 7.063105293673807 1.4649817999327155 8.528087093606523 17.28515629211506 8.757069198507452 1.4649817999325023
341 8670.665348075696 13.175104182566873 2.885407201143837 16.06051138371071 51.196184592088684 35.13567320837319 2.8854072011454264
336 8627.13682191378 13.13699064880986 3.1104405969853266 16.247431245795187 114.54896828838173 98.30153704258555 3.110440596985427
340 8661.795030956926 22.412280125041498 5.359572703394064 27.771852828435563 103.19983304256675 75.42798021413 5.359572703393496
343 8724.757451534198 26.304742199917314 6.788827789698396 33.093569989615716 53.14295593197676 20.04938594235864 6.788827789700008
338 8637.04764792392 14.706198985795648 3.1124373115299298 17.818636297325575 154.73422025243417 136.915583955104 3.1124373115326307
337 8630.870170042406 26.811135476634902 6.45175056680522 33.262886043440126 162.20241209614142 128.93952605270715 6.451750566800911
344 8801.794369075897 15.32993693041259 3.6237986874479495 18.953735617860538 18.95373561786073 0.0 3.62379868744938
345 8845.377629525197 14.040969541225564 3.279108367017937 17.3200779082435 17.32007790824173 0.0 3.279108367016306
346 8867.34902601822 30.020396720428025 7.138636086344369 37.15903280677239 44.37832719585276 7.219294389084098 7.1386360863434675
347 8888.086252113886 17.07028236473959 4.5877094434509615 21.657991808190552 33.78085519573324 12.122863387541656 4.587709443450876
348 8917.44236468167 23.788515773596778 5.328058461277341 29.11657423487412 35.66462028431488 6.548046049443656 5.328058461276669
349 8940.137665651755 15.991321156973566 3.813126983045367 19.804448140018927 27.0760124983517 7.27156435832876 3.813126983048278
351 8967.89104148284 9.491783286487406 2.435939281366917 11.927722567854321 18.16025202219498 6.232529454338874 2.4359392813694285
350 8958.66723555934 16.942212348031905 4.226649465618313 21.16886181365022 35.83477462093106 14.6659128072788 4.22664946561963
352 8985.103914039128 11.850836159883775 2.6530497533431907 14.503885913226965 23.839240212122604 9.335354298897073 2.653049753342202
353 8995.448895483598 22.044610406314135 5.227015419952359 27.271625826266494 32.59735779411676 5.3257319678505155 5.227015419954114
354 9046.900366556705 16.673623807251772 4.162034742498406 20.83565854975018 27.796340895853064 6.960682346105386 4.162034742495962
355 9056.408475947364 17.487330907045518 4.004069195873312 21.491400102918828 28.082817403696026 6.591417300776811 4.004069195872944
356 9093.36942593889 19.793759616877445 4.97382131844077 24.767580935318215 24.76758093531498 0.0 4.973821318440969
357 9132.526439165875 17.82488296582329 4.398883845384022 22.22376681120731 24.893806948544807 2.670040137340038 4.398883845384262
358 9151.415164430602 15.219063525430021 3.6758692367858683 18.894932762215884 20.77089690613866 1.87596414392101 3.6758692367875483
359 9196.91417348175 12.671396838181668 3.0874072242670776 15.758804062448746 16.836031370628916 1.0772273081765888 3.0874072242677357
360 9209.267821171243 15.94964102726645 3.8365239666687936 19.78616499393525 39.245947302941204 19.459782309004368 3.8365239666673006
361 9216.0630631286 20.927307945272002 5.311491152374808 26.23879909764681 53.53935870638088 27.300559608736876 5.311491152375311
365 9256.797164086649 22.239528895834887 5.7028301252425 27.942359021077387 46.591937866334774 18.649578845257565 5.702830125241235
362 9227.075265061087 19.209330212478548 4.083816212143824 23.293146424622375 93.33498306789261 70.04183664326956 4.083816212141755
363 9242.515411382627 15.800666885508225 4.097723946291215 19.898390831799436 88.17676878962448 68.27837795782216 4.097723946291808
366 9268.723365759906 16.77683410535342 3.5649324553329778 20.341766560686395 88.37945289952586 68.03768633884101 3.5649324553323822
364 9249.778406826532 19.908102322556065 5.130644574018325 25.03874689657439 108.83004067146976 83.79129377489517 5.130644574019243
367 9317.46361275275 17.16468426678835 4.238810916810964 21.403495183599315 43.1357599159237 21.732264732327167 4.238810916809598
368 9420.300264700447 13.175665941081135 2.8366349370064943 16.012300878087625 25.05012096140672 9.037820083320184 2.836634937004419
369 9420.336874420806 13.827932372442438 2.904658240724889 16.73259061316733 26.96698859316166 10.234397979998903 2.9046582407245296
370 9454.94683629394 14.22436161775889 3.3497326458774257 17.574094263636315 20.717169980280232 3.1430757166435797 3.349732645876429
371 9467.442174774465 4.667809912270811 0.8036914192330389 5.47150133150385 13.190280716878988 7.718779385373637 0.8036914192343829
372 9468.507634930853 8.2509038250676 1.6930935928408393 9.94399741790844 16.127043296548436 6.183045878640769 1.693093592841251
373 9497.747754467475 23.371333678051585 5.8663542654045635 29.237687943456145 31.32279521143755 2.0851072679815843 5.866354265406699
375 9531.757871916301 12.156977152622872 2.654931893021512 14.811909045644382 23.462425543528298 8.650516497884382 2.6549318930228765
374 9522.596995710774 18.189624909166703 4.246088659406048 22.435713568572744 34.27011710828447 11.834403539713094 4.24608865940354
377 9567.120027446274 10.406954865779348 2.334424972672741 12.741379838452088 19.858653553175827 7.117273714722614 2.334424972672423
376 9561.229637954413 31.896202344275725 8.642423347290963 40.53862569156669 57.56983425988801 17.0312085683272 8.642423347288059
378 9592.446311461053 18.992194929445116 4.896043056640596 23.88823798608571 36.13504053151701 12.246802545429091 4.896043056643975
379 9617.565147708765 17.722130266338095 4.488963057137333 22.211093323475424 28.00636554267112 5.795272219196704 4.488963057136061
380 9658.964518842427 8.32036401236364 1.8532040805064482 10.173568092870088 12.922644180249335 2.749076087378853 1.8532040805057477
381 9665.555791982748 17.42110657896283 4.487958541354792 21.90906512031762 29.195101512352267 7.286036392035385 4.487958541354601
382 9680.229642847296 14.22452162533344 3.6036895046867183 17.828211130020158 23.116127587618394 5.287916457597021 3.6036895046872814
383 9748.516433140398 15.992592992248456 4.638131232541719 20.63072422479018 20.630724224793084 0.0 4.638131232544765
384 9777.870247767894 15.629363470529979 3.4381897985827057 19.067553269112686 25.11827073974382 6.050717470632662 3.4381897985822434
385 9785.403306758644 11.08775882535081 2.824245806247338 13.91200463159815 20.672851405104666 6.760846773504454 2.824245806248655
386 9853.53244042167 14.361600355949843 3.6016033006827293 17.963203656632576 17.963203656630867 0.0 3.601603300681745
387 9881.01151718474 10.39256148951624 2.1053130118749084 12.497874501391149 16.73314011641378 4.235265615023309 2.1053130118743866
388 9882.322789415517 15.291541613600772 4.08446654462246 19.376008158223232 29.436123830930228 10.060115672704342 4.084466544622046
389 9901.214796714497 19.692659055758046 5.28288854535132 24.97554760110937 29.92576626547998 4.9502186643712776 5.282888545350943
391 9958.860103373654 13.3865350013597 2.927530589362311 16.31406559072201 26.06833649519649 9.754270904473742 2.9275305893606856
390 9957.341367882878 17.256046580767503 4.1383194795387634 21.394366060306268 31.06151058386058 9.667144523551542 4.1383194795398595
392 10067.719751578008 13.375142947499494 2.5470964923340844 15.922239439833575 15.922239439834811 0.0 2.5470964923351858
394 10096.758995035885 13.662210697157366 3.0321639742663726 16.694374671423738 26.263064094211586 9.568689422787429 3.0321639742651314
393 10095.873562286983 18.253763220278266 4.619309422255094 22.87307264253336 32.88905084180806 10.015978199278834 4.619309422252627
395 10127.184417643335 18.656900037366146 4.411137800117241 23.068037837483384 45.17901406344208 22.110976225960258 4.411137800116194
396 10133.714344327356 19.818532756684622 4.665560023983223 24.48409278066784 44.04207748776025 19.557984707091236 4.6655600239828345
399 10174.821669900977 15.323864505510473 3.329098571762014 18.652963077272485 33.75057910540818 15.097616028135235 3.3290985717612784
398 10158.253742502475 20.106049443908237 5.20022015471944 25.306269598627676 51.419361027543346 26.11309142891696 5.200220154714771
400 10192.263464925969 13.185227353386663 3.2157458824611984 16.400973235847864 45.84743227658328 29.446459040733316 3.2157458824622154
401 10207.118259929157 18.685257584157203 4.6190114743231785 23.304269058480383 43.88747760093611 20.583208542457214 4.619011474322178
402 10222.130643727838 22.40189594644929 4.997041883511826 27.398937829961113 49.77718899491629 22.378251164955145 4.997041883512793
397 10149.413481915526 17.194640728805187 3.6050132573046896 20.799653986109877 125.85951956601275 105.05986557989854 3.6050132573054725
403 10277.36249286515 15.76982883505768 4.100914281065534 19.870743116123215 19.870743116121957 0.0 4.100914281065343
404 10310.97678474197 19.465921217099698 4.638833211944701 24.104754429044398 24.10475442904317 0.0 4.638833211942256
405 10447.141657571234 13.342430689764038 2.8951774138334647 16.237608103597502 23.61325865368235 7.375650550082355 2.895177413834972
407 10470.956081997763 11.318216132261202 2.886170013944581 14.204386146205785 35.253633533835455 21.049247387625655 2.886170013945957
408 10477.448940235512 12.992452828827224 3.78943183178951 16.781884660616733 32.720651938656374 15.93876727803945 3.7894318317885336
406 10449.21932006244 30.053970831756708 7.284811841266192 37.338782673022905 66.69727742633222 29.35849475330724 7.284811841267583
409 10526.73291425271 16.780469236142523 4.188474107455662 20.968943343598184 28.569225506344083 7.600282162748044 4.188474107453658
410 10534.391084231083 12.139285585511514 3.284245917683498 15.423531503195012 27.846561975244185 12.423030472047685 3.2842459176845296
413 10563.059538443775 10.6367727689622 2.3445400819760454 12.981312850938245 21.409631604632523 8.42831875369302 2.3445400819764473
411 10537.820056369936 19.7709056604281 4.5543863855848725 24.32529204601297 51.809730231740105 27.484438185729232 4.554386385583712
412 10545.97969475421 14.395743050864818 3.1641936907111803 17.559936741576 58.893169397560996 41.33323265598301 3.1641936907126365
414 10646.503983480447 14.487696061740628 3.6816036886208363 18.169299750361464 18.16929975036328 0.0 3.6816036886211805
415 10674.463951619307 14.919638848641119 3.764179390050269 18.68381823869139 18.683818238694585 0.0 3.76417939005114
416 10755.601561845668 16.81377767848473 4.252593371837213 21.06637105032194 22.9030062271122 1.8366351767945162 4.252593371835246
417 10772.306286498608 16.254692066481837 4.060840404261839 20.315532470743676 23.083732974209852 2.7682005034675967 4.060840404263217
418 10800.356576301983 15.436934348396633 3.265984479530788 18.70291882792742 18.702918827924805 0.0 3.2659844795307436
419 10824.84419260414 15.312003722239531 3.9194955881679885 19.23149931040752 29.66216570560573 10.430666395197477 3.919495588168502
421 10830.684792499002 13.487753639302907 3.026783121733015 16.51453676103592 32.189511860879065 15.674975099840594 3.026783121735207
420 10827.087842655259 23.228555563165276 4.989989884579533 28.21854544774481 64.67943335285781 36.46088790511203 4.9899898845797
422 10831.83176678815 15.912238043511444 3.869310945289856 19.7815489888013 61.42239797574439 41.64084898694637 3.8693109452888166
423 10919.902772040241 10.626778473985151 2.452515337901984 13.079293811887135 13.07929381188842 0.0 2.4525153379036055
424 10995.72191091062 19.97009021825108 4.5435780035842 24.51366822183528 27.67854830028955 3.1648800784587365 4.543578003582297
425 11013.66376840328 17.494615185709417 4.4798478800399195 21.974463065749337 33.6195919762049 11.645128910453423 4.4798478800403245
426 11026.264838128025 18.60035143393996 4.339539882397203 22.939891316337167 35.272961835060414 12.333070518721797 4.339539882399549
427 11048.147485376126 11.460184950304376 2.8772191496351422 14.337404099939517 20.06453584051269 5.7271317405738955 2.8772191496336745
428 11075.587212278095 17.824616270716838 4.7689442342152475 22.593560504932086 22.593560504930792 0.0 4.76894423421254
429 11101.6610694761 12.16482598312222 2.259601966086645 14.424427949208866 14.42442794920862 0.0 2.259601966086848
430 11141.863744205177 17.61873319256919 3.864191744930116 21.482924937499305 32.21175146509813 10.728826527600177 3.864191744931304
434 11176.36933442395 8.200125149303389 2.1133362630126413 10.31346141231603 16.182470845809803 5.869009433494284 2.1133362630116608
432 11164.432425142135 17.12794857673914 4.238247106417985 21.366195683157123 35.325250359326674 13.959054676161031 4.238247106421113
433 11172.31184091598 10.701303537727123 2.6345871209814793 13.335890658708601 38.48271365580695 25.146822997096024 2.6345871209814504
431 11149.183942481222 21.063123984639468 5.7496609377865635 26.812784922426033 69.98963045008713 43.17684552765968 5.749660937784938
435 11227.513636523747 23.194134466016855 5.943209057683361 29.137343523700217 29.13734352370375 0.0 5.943209057684726
436 11283.094526524095 18.45138231866203 4.583347183193436 23.034729501855466 23.0347295018546 0.0 4.583347183192018
437 11307.255533695092 19.27267361323351 4.557938419073373 23.830612032306885 23.830612032310455 0.0 4.557938419076891
438 11345.108746665861 11.369917895259338 2.817550371127782 14.18746826638712 14.187468266385622 0.0 2.8175503711263445
439 11371.208091773355 14.691012514966898 3.4231946095185126 18.114207124485407 25.189945935464493 7.075738810983239 3.4231946095187595
440 11375.488685785891 7.55013816659118 1.792221302787745 9.342359469378927 22.577229226513737 13.23486975713422 1.7922213027868565
442 11401.800709841438 10.733157679174544 2.9837721815099667 13.716929860684512 22.08931765122361 8.372387790537687 2.9837721815129044
441 11387.109982275217 25.030767051779478 6.07564828515829 31.106415336937772 50.42202487804752 19.31560954111228 6.075648285157513
444 11424.57949039896 17.247211391011206 4.08874424590474 21.335955636915944 35.578264733698234 14.242309096785903 4.08874424590249
443 11408.52478161728 14.39826526017188 3.1103187912848265 17.508584051456708 53.57360297954256 36.06501892808774 3.1103187912813155
445 11527.074256739685 11.445729044610427 3.175727122005934 14.621456166616362 14.621456166614735 0.0 3.1757271220049006
446 11553.27396143266 21.19772831211602 4.889910408366258 26.087638720482275 27.58506240965471 1.4974236891721375 4.889910408364813
447 11577.435310836929 15.47133869400384 3.2627136243546433 18.734052318358486 21.050112913280827 2.3160605949196906 3.262713624357275
448 11595.215926093018 11.82027570291275 2.6090499342517917 14.429325637164544 16.729395305721482 2.300069668553988 2.6090499342535622
449 11609.318476227283 11.14711394315298 2.705009905995359 13.852123849148338 19.75822810523823 5.906104256093386 2.7050099059943022
450 11615.808030386099 15.651908219503255 4.183835990372047 19.835744209875298 26.347942836755465 6.512198626878671 4.183835990372245
451 11634.356217877677 10.816829155272522 2.3079636829360473 13.12479283820857 17.446978938023676 4.322186099814644 2.307963682935224
452 11700.4227950427 15.08363997750107 3.3743254308296438 18.45796540833071 18.457965408328164 0.0 3.3743254308283213
453 11724.507758811546 20.669674456808384 4.542490436041515 25.2121648928499 25.212164892853252 0.0 4.542490436046137
454 11766.659423422832 16.302896480529874 3.8488974472023654 20.15179392773224 20.151793927732797 0.0 3.8488974472038535
455 11834.607479599958 16.425399086127616 4.047217844350551 20.472616930478164 24.599404412323565 4.126787481844076 4.047217844352417
456 11847.579115063687 11.33233014437544 2.450961132639271 13.783291277014708 18.15471306786094 4.371421790845488 2.4509611326411687
457 11873.561747991876 8.475980565568236 1.9474714985750077 10.423452064143245 10.423452064142111 0.0 1.9474714985753963
458 11908.877692345623 14.455102328373597 3.4447305148074534 17.89983284318105 17.899832843180775 0.0 3.444730514807816
460 11985.437933807048 12.205121690733428 2.70701807313787 14.912139763871297 22.956452119227833 8.04431235535776 2.7070180731370783
461 12000.827585087178 17.4890543584713 3.9379652250903106 21.427019583561613 32.962894015621714 11.535874432065611 3.937965225090011
462 12010.247345229638 17.658351725601563 4.327807459111222 21.986159184712783 35.716793547791895 13.730634363080753 4.3278074591107725
459 11982.01962061072 21.752992634986935 5.205807925832094 26.95880056081903 74.72476438083322 47.765963820012985 5.205807925833142
463 12047.257339618856 17.000969138822693 4.116184278102523 21.117153416925213 33.65767726617378 12.540523849245801 4.116184278103901
464 12051.903091230008 17.14311231509537 4.262789439014361 21.405901754109735 49.35207527016428 27.94617351605666 4.2627894390134315
465 12070.250207294363 16.986115188739408 4.161830384367902 21.14794557310731 48.41099501270401 27.263049439598035 4.161830384367931
466 12080.150317666277 24.392827726774062 5.659839132429067 30.052666859203125 48.58550642616865 18.53283956696214 5.659839132431443
467 12137.134007104953 14.85237327593123 3.9151796279729996 18.76755290390423 18.767552903906108 0.0 3.915179627974794
468 12166.191501932339 11.64739303759272 3.2266130125478845 14.874006050140606 14.87400605014227 0.0 3.226613012548114
469 12186.846918543277 13.197493939007988 2.9596398652074885 16.157133804215476 16.157133804219484 0.0 2.9596398652101925
470 12202.947135376931 14.89129679633865 3.9141508367018236 18.805447633040473 24.749210497901004 5.943762864861128 3.914150836701083
471 12213.90309230801 11.380459913492276 2.926907557548546 14.307367471040822 28.631982899603827 14.324615428564357 2.926907557546656
474 12234.72377789316 15.517553740247656 3.734607116315931 19.25216085656359 38.991817313883075 19.73965645732096 3.734607116313782
472 12218.485332964223 25.985820520854897 6.407405753049154 32.39322627390405 58.403373450659274 26.01014717675207 6.407405753050625
473 12231.86032384503 9.88956834769704 2.327818130405797 12.217386478102839 59.47095019900553 47.25356372090209 2.3278181304067402
475 12270.19400075277 14.400799505839448 3.3098937739128758 17.710693279752324 28.58835534951868 10.877662069768121 3.3098937739105168
477 12320.66130498018 6.130935501683526 1.1307748187209925 7.261710320404518 10.144404774069699 2.8826944536649535 1.1307748187209654
476 12309.003794676662 22.918253770804863 6.393521367566753 29.31177513837162 35.08327192489014 5.771496786517673 6.393521367564972
478 12341.58231024041 15.520167098690424 4.110986479849554 19.63115357853998 20.442550343168477 0.811396764625897 4.110986479850908
479 12369.219742937283 14.598477483488574 3.763025306459665 18.361502789948236 18.361502789946826 0.0 3.7630253064598946
480 12406.753315572898 12.69456124721352 2.7206760967542207 15.41523734396774 15.415237343968329 0.0 2.720676096752868
481 12509.817135674237 11.16739238143624 2.723313690443122 13.890706071879363 13.890706071879322 0.0 2.7233136904433195
483 12570.471034914133 16.625800841884736 3.8648913344900087 20.49069217637475 42.99977007795496 22.509077901580895 3.8648913344895846
485 12577.868505722325 13.580235707683249 3.2869849312894743 16.867220638972725 40.34980211826223 23.482581479289365 3.286984931291954
484 12572.552740945179 9.91109521315082 2.2747104796869655 12.185805692837782 53.709314247429575 41.52350855459372 2.274710479685382
486 12607.56891114777 11.498731907641815 2.921713521649398 14.420445429291213 26.289262783795493 11.868817354505154 2.921713521649508
482 12564.754611937306 20.751052576821294 4.40574422107421 25.156796797895506 82.11143348446058 56.95463668656339 4.40574422107602
487 12618.794509656278 17.36916976463242 3.948044569254374 21.3172143338868 63.1010362000161 41.78382186613089 3.9480445692552166
488 12643.491322695856 19.087001776190153 4.538970935029075 23.62597271121923 42.64196155022182 19.015988839002603 4.538970935029283
490 12653.072203456893 17.68919223007374 3.932880838712728 21.62207306878646 49.620910959851244 27.998837891067524 3.932880838712663
491 12677.495981323358 8.102972531820262 1.7878841737608382 9.890856705581099 34.33621598076934 24.44535927518882 1.787884173760176
492 12683.237875821318 17.0490527162523 4.3283650039693145 21.377417720221615 44.62143226108128 23.244014540860007 4.328365003970248
489 12650.304977047388 14.885716459470563 3.8712315188834214 18.75694797835399 84.34071501656763 65.58376703821705 3.8712315188840876
493 12723.300732695485 18.7592762748901 4.4099949596637 23.1692712345538 31.14046531697568 7.971194082423608 4.409994959663891
495 12768.488978206735 12.542694469157647 2.916879470004261 15.459573939161906 23.32062489731652 7.861050958155829 2.9168794700035505
494 12761.793652064467 17.3282594517867 4.709166709320402 22.0374261611071 31.275914737230778 9.238488576125746 4.709166709319106
496 12800.478132605438 16.40060455129594 4.546705966512319 20.947310517808255 20.947310517804 0.0 4.546705966509762
497 12821.816227295407 15.520117867444661 3.840840304240583 19.360958171685247 19.360958171682796 0.0 3.840840304237645
498 12853.386794791564 9.539694383286754 2.393813117631845 11.9335075009186 11.933507500918495 0.0 2.393813117632817
499 12932.038338608732 16.004517074199924 3.3391253661346365 19.34364244033456 19.343642440335316 0.0 3.339125366133885
