# Cpu scheduler: srtf
# Quantum: None
pid arrival_time cpu_bursts_time io_bursts_time bursts_time tat ready_wait_time io_wait_time
0 85.3038084774516 19.24538646550249 4.763672462951113 24.0090589284536 27.098607545093188 3.08954861663959 4.7636724629511065
1 104.06838701062406 24.54816703385716 6.74522416962815 31.293391203485314 42.256705172937245 10.963313969451931 6.7452241696281305
2 126.70760479550941 9.666064121583931 1.8610464725202394 11.52711059410417 35.561127183949395 24.034016589845194 1.8610464725202576
3 127.9513915284027 17.552109997898818 4.026174223172532 21.57828422107135 44.578953005551455 23.000668784480183 4.026174223172518
4 130.12260689987423 20.613823743413878 4.703777865745765 25.317601609159645 55.682275203025824 30.364673593866144 4.703777865745764
7 224.9415823479652 9.565338734339424 2.3522006900700876 11.91753942440951 18.187989716802633 6.270450292393093 2.352200690070134
5 204.85092930942352 20.818198891089715 4.690644607914114 25.50884349900383 50.94867875321208 25.439835254208248 4.690644607914123
6 214.80033990322812 20.343617817588548 5.4334636895535375 25.777081507142086 42.73672013282214 16.959638625680014 5.4334636895536335
9 306.62874968800134 12.007474937028082 3.1373127818414988 15.14478771886958 22.58108090339863 7.436293184529063 3.1373127818414446
8 302.0387841580416 24.81710478886013 6.450020154533062 31.267124943393195 45.790646907759424 14.523521964366182 6.450020154533092
10 317.9417761824454 18.48172789184821 4.509859532404011 22.991587424252216 45.89346630518861 22.901878880936295 4.50985953240405
11 350.10141914863704 13.063077648622876 3.1735141248770864 16.236591773499963 26.567325706492852 10.330733932992814 3.1735141248771015
12 364.38688686113755 8.592988517404667 1.7105506396376784 10.303539157042346 16.40661474094412 6.103075583901727 1.7105506396376882
13 408.8817698326762 14.350146023536386 3.5312963384516007 17.881442361987986 17.881442361987922 0.0 3.5312963384515683
14 510.0375897499308 18.170208887785936 4.233075507070605 22.40328439485654 29.294561046464878 6.891276651608223 4.233075507070623
15 519.915997029278 19.93675534195089 4.942208419280367 24.878963761231255 40.63718397355012 15.758220212319202 4.942208419280178
16 541.0994207269605 11.75577229151687 3.356025713491502 15.111798005008373 20.543175931788028 5.431377926779533 3.3560257134914764
18 567.3714714268939 15.8213596084833 3.809035600121851 19.630395208605155 33.235363440849824 13.6049682322448 3.8090356001217742
17 557.3684063795771 21.85860757735624 5.869889978738392 27.728497556094634 50.61089904095252 22.882401484857724 5.8698899787383425
20 603.4073009299468 10.233920790246527 2.445326542073784 12.679247332320312 19.721545691698566 7.042298359378037 2.4453265420739854
19 591.6021247004683 21.00299285918964 5.420226938789234 26.42321979797887 42.01872149201347 15.595501694034624 5.420226938789369
21 665.000314521375 21.316491094066567 5.224749378884614 26.54124047295118 28.029010419309657 1.4877699463584122 5.2247493788847805
22 689.7348526281571 16.04188486837645 4.2183512882612675 20.260236156637717 28.834605449253104 8.574369292615188 4.218351288261374
23 692.9665232643921 14.982860122631097 3.131160886845766 18.114021009476858 35.442543180920325 17.328522171443637 3.1311608868456915
25 721.8852306087455 16.966669342102925 4.035973622867052 21.002642964969983 43.615445353258565 22.612802388288515 4.035973622867118
24 710.3310327944163 26.0034321871738 6.208531809298289 32.21196399647209 59.92840992783317 27.716445931360795 6.2085318092983925
27 758.6793984734367 13.108151230579333 3.497745820942491 16.605897051521826 47.38097368318142 30.775076631659545 3.497745820942555
29 766.6190743112272 17.297538244466917 4.732377864378428 22.029916108845345 42.18219858990176 20.152282481056204 4.7323778643784635
30 779.176144274228 12.098268982404996 3.298927112412885 15.397196094817879 42.40844695736473 27.011250862546717 3.298927112412912
26 754.5696716744334 17.970659460960583 4.0672802658061045 22.037939726766687 80.78814782787094 58.75020810110448 4.067280265805948
31 780.3594880270035 15.246977171116205 3.132503626610209 18.37948079772642 77.0430152018439 58.66353440411751 3.1325036266101733
28 761.777204020919 20.030030597755488 4.628878175392467 24.65890877314796 109.60107254698903 84.94216377384089 4.628878175392629
32 847.52880114655 23.702555769445716 5.0662270187893155 28.768782788235036 51.930539795019286 23.161757006784114 5.066227018789505
33 875.0708906687274 19.06949479625668 4.854257636368425 23.923752432625104 44.02968888916348 20.105936456538416 4.854257636368402
34 888.7447200308205 18.637063342412464 4.594966838334918 23.232030180747383 40.53784459895246 17.30581441820516 4.594966838334813
36 920.9661624255484 11.319554591146682 2.5520469015448275 13.871601492691509 27.25048962522783 13.378888132536304 2.552046901544827
35 916.1603076494283 22.802655278349413 6.434324890817922 29.23698016916733 45.53276295290016 16.29578278373276 6.434324890818061
37 957.7033441095558 20.411147158482876 5.210509539155825 25.6216566976387 26.613882725853955 0.9922260282154411 5.210509539155737
40 990.2772123691293 12.791142566915475 2.6436153572292698 15.434757924144746 30.865736726652585 15.430978802507752 2.6436153572293506
39 986.6313589961785 25.635435240070873 6.536653807217225 32.172089047288104 54.20777479317212 22.035685745883825 6.5366538072173626
38 986.3900192880142 19.007769027008514 4.262432970843698 23.27020199785221 58.99769862161975 35.72749662376725 4.262432970844088
41 1036.688679419747 7.908593596041591 1.6221654674016786 9.53075906344327 22.468839378256234 12.938080314813305 1.6221654674016008
42 1040.6739440814024 16.55736905037407 4.368675355026263 20.92604440540034 29.812011976133135 8.885967570732646 4.368675355026426
43 1091.2679198160315 15.73247983454634 3.1320643771576817 18.864544211704022 18.86454421170447 0.0 3.132064377157576
47 1145.4553091909524 6.558215792134226 1.5801297704338961 8.138345562568123 11.189799199261188 3.0514536366933953 1.580129770433814
44 1122.2834604933669 12.89351007404351 2.455263662997536 15.348773737041052 45.21884234830554 29.87006861126497 2.4552636629973676
49 1150.790007613181 25.989571365433356 6.150911214181964 32.14048257961532 59.357522591200905 27.217040011585823 6.150911214182088
51 1186.9213251886106 12.650828009566984 3.3064342408780094 15.957262250444995 38.372184566767146 22.414922316321963 3.306434240877934
53 1215.428267491893 10.262856071407374 2.5718796375460102 12.834735708953385 18.821185424403666 5.986449715450135 2.571879637546317
54 1221.3868796568122 6.607926900586227 1.230755017499789 7.838681918086015 16.516225652006597 8.67754373392063 1.2307550174998596
52 1205.2235900987391 12.77594013908007 2.85709118382361 15.633031322903681 46.221549496261105 30.588518173357443 2.8570911838235133
46 1131.6023007169977 16.990344766301035 3.9080771022578564 20.898421868558888 122.8802537221643 101.98183185360563 3.9080771022579484
50 1170.6490493182325 20.029431761448798 4.748173250507557 24.777605011956346 94.25578760704389 69.47818259508813 4.7481732505070795
48 1147.6820477002873 9.189985187071713 1.7883507592051329 10.978335946276845 133.28320050841307 122.30486456213657 1.7883507592050591
45 1126.7317814224673 30.105029988915405 7.91400191424137 38.01903190315677 161.34895743117204 123.32992552801534 7.914001914241226
55 1288.6291307556432 5.637137709669998 1.2297623045205066 6.866900014190505 6.866900014190378 0.0 1.2297623045203636
61 1341.3496982698202 11.24612688491473 2.8113739223696856 14.057500807284416 20.622881190841554 6.565380383556885 2.8113739223697394
58 1305.7752983423522 15.706893477399277 3.402304828751091 19.10919830615037 59.51309978991594 40.40390148376537 3.4023048287508573
56 1297.2601681911904 26.24428076361318 6.017899924257408 32.26218068787059 77.92726659862797 45.66508591075717 6.017899924257335
60 1340.043575201165 12.705628618261255 2.6878323711116936 15.393460989372945 52.75770618221918 37.364245192846056 2.6878323711116536
63 1369.7155536329935 13.053470349018216 3.1565174011770125 16.20998775019523 26.53540578381876 10.325418033623691 3.156517401177098
57 1301.857947277009 16.194781260557978 3.987763046202461 20.182544306760438 112.48065191240562 92.29810760564533 3.987763046202417
59 1337.0125785254716 25.470924874348736 6.68797514485555 32.15890001920428 95.42238211091671 63.2634820917126 6.687975144855727
62 1346.6299027409523 19.866125726094467 5.173197565566047 25.039323291660516 93.46984556873304 68.43052227707267 5.17319756556617
64 1476.2919791669824 19.598477131884383 4.589468391820907 24.187945523705288 24.18794552370491 0.0 4.589468391820674
65 1504.6043468471032 16.077367748489614 4.077318887786891 20.15468663627651 20.154686636275756 0.0 4.077318887786305
66 1540.5710179725731 17.636280147935327 4.481203534876736 22.11748368281207 23.772345668564185 1.6548619857521771 4.48120353487684
67 1558.3272078153138 11.364267222040343 2.767497076624744 14.131764298665086 21.30258110225259 7.1708168035870585 2.7674970766247498
68 1569.3491701307776 12.132525994786512 3.0170317865336975 15.14955778132021 22.401443427783306 7.251885646462824 3.0170317865338347
69 1580.9685982379492 13.403908402690146 3.0901881218791933 16.49409652456934 20.265336711645887 3.771240187076046 3.0901881218794642
70 1638.9655164861902 13.439204925369662 3.2948018303462083 16.73400675571587 16.734006755715882 0.0 3.294801830346387
71 1673.9367563968628 14.644321755719192 2.7952717041112054 17.439593459830398 17.43959345983012 0.0 2.7952717041109736
72 1714.7608287651415 18.500658323104393 5.150721600694583 23.651379923798977 23.651379923798913 0.0 5.150721600694396
73 1743.5028768661948 9.285168423063357 2.075528617358323 11.360697040421682 11.360697040421655 0.0 2.075528617358259
76 1783.4140930887602 22.083385856423682 5.398224481926491 27.481610338350176 55.1749498014417 27.69333946309098 5.398224481926718
75 1782.651181580099 20.639662119390934 5.076635648394126 25.716297767785065 79.0803722452763 53.36407447749116 5.0766356483939035
77 1794.0195120331136 17.686388926661927 3.864339611925515 21.550728538587443 71.70826738120218 50.15753884261471 3.8643396119252884
85 1897.8565827086913 7.176177107382171 1.6446722691817928 8.820849376563965 14.58379843582361 5.762949059259654 1.6446722691819105
84 1892.9585637905325 11.342098429934643 2.815181784810447 14.157280214745086 33.79739503993028 19.640114825185492 2.81518178481042
83 1880.2940877554854 12.994216631126836 3.1253910540087313 16.119607685135566 61.64801235104346 45.5284046659076 3.1253910540087873
87 1924.3138277637383 12.049862589488372 3.3167894469450214 15.366652036433395 23.262885569178934 7.8962335327451 3.316789446945222
86 1913.240932295788 17.94383049863088 4.626078563871676 22.569909062502557 55.15232478763755 32.58241572513475 4.626078563871943
78 1802.7426514469214 28.953582207523667 7.0973353590186425 36.05091756654231 173.77282168262832 137.7219041160863 7.097335359017961
81 1851.6067145553918 20.092380568251603 5.066508642894254 25.158889211145855 134.74705196344348 109.5881627522972 5.066508642894178
80 1851.0765144964591 14.81272179966685 3.859740062678451 18.6724618623453 145.3921789307426 126.71971706839759 3.859740062678611
79 1825.6027222089617 17.411945065012524 3.981603922172199 21.393548987184715 189.75882451448138 168.36527552729672 3.981603922172326
82 1879.0181923623438 14.909884921601613 3.3923270607781877 18.302211982379802 146.8727692914058 128.57055730902607 3.392327060777916
89 2008.3870736198762 18.48068308647366 4.051712396127344 22.532395482601 37.56702531301721 15.034629830415952 4.051712396127414
90 2028.9103264683572 10.251063456435245 2.6853907516347277 12.936454208069971 24.10967179653744 11.173217588467423 2.6853907516347135
91 2044.326493848718 8.396866826218119 1.622082240994165 10.018949067212285 18.856407924054338 8.837458856842659 1.6220822409936773
88 1963.9857065062529 20.749372774842836 5.036119954202954 25.78549272904579 101.02021619360994 75.23472346456333 5.036119954203059
74 1777.386639643174 19.955498961597222 5.39006742506258 25.3455663866598 298.71454699800415 273.36898061134457 5.390067425062625
94 2093.6373129085646 14.626750095466617 3.5205803373537092 18.147330432820326 27.790385025356954 9.643054592536828 3.520580337353749
96 2113.0210564775016 7.147742120581382 1.6484651159988488 8.79620723658023 23.327886474863135 14.531679238282322 1.648465115998988
92 2077.3220365369225 15.325386702580953 3.2236589276353778 18.54904563021633 65.20952098605176 46.66047535583539 3.2236589276358245
95 2095.5008047573315 17.609316482997055 4.316966781741538 21.926283264738593 51.83812562638559 29.91184236164736 4.316966781741485
97 2138.26302492161 9.253355429433492 2.068025121140254 11.321380550573746 15.842833906294345 4.521453355720041 2.0680251211406357
93 2090.183107201356 16.170260362511343 3.9232371543431137 20.093497516854455 70.87521941991008 50.78172190305577 3.923237154342587
98 2183.696515510105 23.15737006664884 5.500436350011441 28.65780641666028 34.91978295582567 6.261976539166426 5.500436350011569
99 2200.2224483230007 16.45378256920095 3.8513816960266753 20.305164265227624 27.867528806468727 7.56236454124064 3.8513816960266922
100 2255.576096565308 14.29693144573063 3.8667467412523995 18.163678186983027 18.16367818698336 0.0 3.8667467412524275
101 2294.4694245094524 16.58327156186256 4.126694677668064 20.709966239530626 24.31949206750778 3.6095258279783593 4.126694677667274
102 2304.396588748033 14.192815535671887 3.1031920129317054 17.29600754860359 30.466845059188017 13.170837510584079 3.103192012931686
103 2312.7708838900608 20.124238765727895 5.085615749940689 25.209854515668585 44.25921642699086 19.049361911322194 5.085615749940644
104 2335.652779678029 15.05739997745496 3.540175196280117 18.597575173735073 27.487923175816377 8.890348002081737 3.540175196279961
105 2368.0100557811775 27.509849043035985 6.823229449719968 34.33307849275595 34.3330784927557 0.0 6.823229449720202
106 2465.1048260763578 9.178758525477939 1.9719303269695025 11.150688852447441 18.800269290036795 7.649580437589975 1.9719303269694137
107 2466.031295365401 12.024624839481188 2.60588171800802 14.630506557489207 23.761499558193464 9.13099300070462 2.605881718007822
109 2485.9168989074915 19.55434673752934 5.0117286383293465 24.566075375858688 41.06615686899431 16.500081493134985 5.011728638329714
108 2481.547416083163 25.215946146227736 6.50799761354208 31.723943759769814 50.35050600131035 18.62656224154034 6.507997613541647
110 2538.9390389046944 12.443439043246096 3.61455150382563 16.057990547071725 16.057990547072677 0.0 3.6145515038260783
111 2613.028334809454 16.14055564310431 3.412349576743129 19.55290521984744 19.552905219847617 0.0 3.412349576743509
112 2659.651933069221 13.450857774601497 3.63665191565492 17.087509690256418 17.087509690255047 0.0 3.636651915654511
113 2701.3758321678465 17.440300768456417 5.189244615909485 22.6295453843659 22.629545384367248 0.0 5.189244615909956
115 2732.0289342485316 9.193155924858566 2.142249409449692 11.335405334308257 15.419107558592259 4.08370222428448 2.142249409449505
114 2729.866703075091 18.60233551324362 4.49504804234913 23.09738355559275 31.557476753807805 8.460093198215418 4.495048042349026
116 2756.71277799043 15.404372095436523 3.580609821714275 18.984981917150797 21.59748907537096 2.612507158220069 3.580609821714461
117 2804.5825910988406 7.270579080844604 1.2279906185694736 8.498569699414077 8.498569699413565 0.0 1.2279906185694927
118 2850.4741999957405 19.795208691919974 4.978610307071218 24.77381899899119 27.622270165678856 2.848451166687937 4.978610307070539
119 2869.9944387681553 11.296528067664099 2.3398519755675657 13.636380043231664 17.173762808445645 3.5373827652147156 2.3398519755673988
120 2913.321553905974 9.194131330733304 1.9241052542150916 11.118236584948395 11.11823658494859 0.0 1.924105254215192
123 2944.4881823474466 16.864345191193536 3.7219286471347024 20.58627383832824 37.11358589741758 16.527312059088672 3.7219286471349733
124 2950.1241212902237 17.47730405896865 4.58680523820874 22.06410929717739 51.28947745878713 29.225368161609822 4.586805238208399
125 2967.6559901794367 20.510671271670216 4.893319879747641 25.403991151417856 47.262418408927715 21.858427257509902 4.893319879747651
121 2941.0116232888686 11.260695482524497 2.928403919990017 14.189099402514511 77.18109046633526 62.991991063820024 2.92840391999016
126 2999.9698577184354 16.820890257630296 4.438067890807399 21.258958148437696 33.23025576135751 11.971297612919443 4.438067890807815
122 2944.226482618078 18.174938008543432 4.180006553919803 22.354944562463235 132.5645182650078 110.20957370254473 4.180006553919611
129 3053.599039182637 12.947202301043154 3.2487990428477063 16.19600134389086 24.410396058207425 8.214394714316313 3.2487990428476223
128 3047.366286596329 15.657761147735577 3.967304993999241 19.625066141734816 41.839882780879634 22.21481663914483 3.967304993998823
127 3021.695288001705 21.179049953523826 5.311976434130986 26.491026387654813 74.12531283805947 47.63428645040585 5.311976434130429
131 3105.404092380301 15.57440392297492 3.736074801585402 19.310478724560323 34.20376930866814 14.89329058410749 3.736074801585346
130 3088.9126185150285 21.215551463942802 5.466914878736621 26.682466342679422 51.928190975675534 25.245724632995916 5.466914878736588
135 3155.332388741011 13.470666370240515 3.391190804887992 16.86185717512851 45.230592357801015 28.36873518267248 3.391190804888083
137 3169.695792898641 14.374909508611386 3.384879785985741 17.759789294597127 41.82861596724297 24.068826672645628 3.3848797859859587
133 3112.1978429120186 22.656488716829685 5.936905830562299 28.59339454739198 107.28514540941433 78.69175086202313 5.936905830562409
138 3176.0123372633598 12.693838609717861 2.9137527636493212 15.607591373367182 51.3637310099316 35.75613963656497 2.913752763648972
139 3208.3867585278244 14.24948715927422 3.8317477910170554 18.081234950291275 25.628298984071535 7.547064033780771 3.8317477910172784
132 3109.7029223931586 17.7811152662542 3.846597274096836 21.627712540351038 163.8964064787947 142.268693938443 3.8465972740968937
140 3216.049708851154 24.813343553038724 6.500354742362649 31.31369829540137 67.82669490753005 36.51299661212852 6.5003547423625605
142 3278.0732438090977 13.380132831871212 2.9823184371693556 16.36245126904057 33.8468795160984 17.48442824705853 2.982318437168942
134 3132.1228896120288 20.514062111352636 4.688263904538789 25.202326015891426 192.9013496381799 167.69902362228868 4.688263904538417
143 3284.4019166419985 20.23499316306676 4.791542315982854 25.026535479049617 46.66398320664621 21.637447727596737 4.791542315982497
141 3223.9879159920943 18.02772985871127 4.3522055118457645 22.37993537055704 110.41362455103172 88.033689180475 4.352205511845568
136 3164.416549201999 18.31373564616632 4.458166095996539 22.771901742162864 178.07329442250693 155.30139268034463 4.4581660959956935
144 3369.472835915198 12.474346599685237 2.588401014412552 15.062747614097793 24.035875316127658 8.973127702030524 2.5884010144118292
146 3382.4202920260377 9.193829481348113 2.121359697730747 11.31518917907886 26.98002819768044 15.66483901860147 2.1213596977308953
145 3375.371065038907 16.534655952277088 4.1404849022512416 20.67514085452833 37.13079249706607 16.45565164253867 4.140484902251046
147 3404.0806612975216 5.978604387072413 1.305665574771163 7.284269961843576 10.366065953265661 3.0817959914224957 1.3056655747709556
148 3426.144934504312 15.753492725329036 3.9647060200767608 19.718198745405797 19.718198745405516 0.0 3.9647060200768465
149 3446.931208261947 12.178684971916288 2.9566156046470873 15.13530057656338 17.52527413798134 2.3899735614181736 2.956615604646686
150 3454.982779720327 15.546656926247223 3.715983327615234 19.262640253862457 31.074905249924996 11.812264996062822 3.7159833276150493
151 3465.662367064174 18.067646281027272 3.979148777662922 22.046795058690197 30.125019459670057 8.078224400978797 3.9791487776633403
152 3517.8979908250662 18.836069183519918 4.60329796640468 23.439367149924593 29.734738672203548 6.295371522279311 4.60329796640417
153 3527.1237109815256 15.189724367137998 3.9188955586302208 19.10861992576822 27.56473168451521 8.456111758747284 3.9188955586305383
154 3554.5160596062183 17.66578943225975 4.075209020654538 21.740998452914283 37.31029479455901 15.569296341644531 4.075209020655166
155 3558.9158102468846 11.32789208134869 2.511084886993443 13.838976968342129 41.02218900092839 27.183212032585743 2.511084886993558
156 3570.146619292565 19.02552479298842 4.648937233160487 23.67446202614891 33.23733940664488 9.562877380496047 4.648937233160723
157 3599.9990674387127 15.79956340183675 3.7222572193410826 19.52182062117783 22.531928874042023 3.010108252864484 3.722257219340918
158 3629.5678454586678 13.330268531705379 3.549875818682328 16.880144350387706 17.642559945432367 0.7624155950452405 3.5498758186818122
159 3642.577353681891 14.04996672536857 3.513604226508571 17.563570951877143 26.365411147912255 8.801840196035755 3.5136042265085052
160 3648.4402696051325 16.240710442338393 3.428593684778734 19.669304127117126 28.717294135580687 9.047990008463785 3.4285936847786616
161 3706.0784369813623 18.113413675792835 4.173265601567874 22.286679277360708 22.28667927735978 0.0 4.1732656015674365
162 3739.3934950604757 16.664039071168702 3.730695853095787 20.39473492426449 20.39473492426532 0.0 3.7306958530966767
163 3823.529617059548 20.777018094875533 5.4167441897681305 26.193762284643665 45.58923848890572 19.39547620426356 5.416744189767542
165 3845.9437518165514 12.030628653731458 3.3164470172419778 15.347075670973437 36.56620781375932 21.21913214278584 3.3164470172418987
167 3853.6586918894745 20.149326653820992 5.352315902712404 25.5016425565334 42.76138879611199 17.259746239577453 5.352315902712689
166 3851.3588964002165 21.640401693470864 4.995933363346532 26.636335056817394 64.87051780510501 38.23418274828782 4.995933363346012
164 3841.0255199106405 12.785845566238692 2.7996121733085966 15.585457739547289 84.87743662307639 69.29197888352883 2.79961217330856
168 3904.3634607570675 10.171850918501862 2.601739401227495 12.773590319729358 22.80384623124519 10.030255911516633 2.6017394012269506
169 3915.661630837082 21.089904533538352 5.332805993683344 26.422710527221703 46.36482674138233 19.94211621416116 5.332805993682996
170 3931.7023807322066 17.26492148972929 4.415904552162325 21.68082604189161 32.2231663666571 10.542340324766428 4.415904552161464
171 3977.7996590053244 14.060018647838538 3.3986469027613 17.45866555059984 17.458665550599108 0.0 3.398646902760902
172 4014.2415062200225 20.191366720218454 5.030948081480009 25.222314801698467 25.222314801698303 0.0 5.030948081479892
173 4043.112468526241 14.89247144063209 2.993892053443835 17.886363494075923 20.267968705670683 2.381605211594433 2.993892053444142
174 4056.3200184993225 19.460072158244877 4.550443307702212 24.010515465947083 45.11151560385815 21.10100013791225 4.550443307702153
176 4077.8044645145305 21.47763731303033 6.376105545091871 27.853742858122203 42.19528592231154 14.3415430641885 6.376105545091832
177 4088.6446856105235 9.225941908181856 2.046179170453178 11.272121078635035 37.26408026183026 25.991959183195377 2.0461791704528878
175 4057.9145045728105 26.373665780138733 6.931803234990931 33.30546901512967 86.41033834361906 53.10486932848971 6.931803234991094
178 4104.354975499105 13.379766494007619 2.933902255237629 16.31366874924525 50.302914546795364 33.98924579755112 2.933902255236717
179 4142.613312162833 17.540587470904086 4.242563208185177 21.783150679089257 28.158174584900735 6.37502390580994 4.242563208185857
180 4177.488275558474 19.012107634358063 3.9274795050918216 22.93958713944988 22.93958713944903 0.0 3.927479505091469
181 4249.894060509537 14.594296102053223 3.707105000485284 18.301401102538502 18.301401102539785 0.0 3.7071050004851713
182 4265.85264028062 8.890085669765826 2.165151825062676 11.0552374948285 12.936723519047518 1.8814860242182476 2.1651518250628214
183 4289.176863808453 18.11117872355501 4.788913779694834 22.900092503249844 27.7319790064048 4.831886503156966 4.788913779692848
184 4300.76685600459 18.946603164998013 5.110088233839086 24.0566913988371 30.829115784572423 6.772424385736485 5.110088233838724
185 4392.264539199164 10.72982581657826 2.847714480899481 13.577540297477737 18.821826762770797 5.244286465293044 2.847714480898503
186 4393.242183810641 15.772477966533385 4.197961430284148 19.97043939681754 34.243067758327925 14.272628361510215 4.197961430283613
188 4411.32582376511 13.348669214790078 2.9943938770038114 16.34306309179389 32.74456885341351 16.401505761619774 2.9943938770038585
187 4401.554573688612 16.232740007945576 3.907216438392757 20.139956446338328 47.6876845464094 27.547728100071254 3.907216438393334
189 4558.895497815106 13.691817781384525 3.064343604675359 16.756161386059883 26.143838070885977 9.387676684827056 3.0643436046739225
191 4571.056986291888 12.715683294858344 3.332023219950062 16.047706514808404 23.1556964979427 7.107989983135667 3.3320232199494058
190 4562.363651960245 10.140046705720962 2.190202894558716 12.330249600279679 45.374661189923245 33.04441158964346 2.1902028945587517
193 4587.147488956693 20.3727115031032 5.435427019850039 25.80813852295324 40.92341670365386 15.115278180702262 5.435427019850067
192 4572.132646255699 23.439081647727868 4.83689789913385 28.275979546861716 69.92821244206789 41.65223289520782 4.836897899132964
194 4646.487056103832 13.798136304597096 3.6595843108453456 17.45772061544244 17.45772061544085 0.0 3.659584310844366
195 4667.635509554548 22.96226293336339 5.624755319013166 28.58701825237656 34.063770808113986 5.476752555735402 5.624755319014184
196 4691.612682665671 11.081797403203218 2.6787746731114295 13.760572076314647 22.621600080266035 8.861028003952924 2.6787746731115476
197 4693.81835268189 22.651914143544296 5.1108592551454475 27.762773398689745 61.9583937946345 34.19562039594439 5.110859255145442
198 4696.770413261238 19.63421423962435 5.26333799706699 24.897552236691343 76.02702949319428 51.12947725650247 5.263337997066628
202 4768.526878031666 18.031033304944653 4.576614249067688 22.607647554012342 40.650090889153944 18.042443335142707 4.576614249067461
203 4780.633602042334 18.345747102759027 4.448182386202777 22.79392948896181 39.34120286790585 16.54727337894292 4.448182386203371
204 4798.852028014003 9.30086233087849 1.7269802430366419 11.027842573915132 22.784036022394503 11.75619344847837 1.7269802430373602
199 4728.230060032836 11.849378660744751 2.884277950312289 14.733656611057043 96.83557676278087 82.10192015172561 2.884277950311116
201 4752.591041648154 16.48764931752713 3.9621003923932396 20.44974970992037 78.8598846867826 58.41013497686254 3.9621003923930402
200 4729.785572742402 19.882039705042548 4.986524524122415 24.868564229164964 115.23752640618568 90.36896217701997 4.986524524121705
205 4848.148707027982 18.054917087202448 4.926818566493178 22.98173565369563 26.427357956670676 3.4456223029756075 4.92681856649142
206 4864.278941820512 14.97861131691906 3.649779628754196 18.628390945673257 23.09341069923903 4.465019753564775 3.649779628754004
207 4908.790396570603 15.029724188430043 3.7016727614027944 18.731396949832835 26.864558081552786 8.133161131719135 3.701672761402733
208 4913.953314320805 18.559852139343572 5.408826254276128 23.968678393619697 30.9063660610027 6.937687667382306 5.408826254277301
209 4992.969808028451 14.879000794599024 3.5861970078124155 18.46519780241144 18.46519780241215 0.0 3.5861970078140075
210 5010.581096757895 11.908683589873602 2.537524150596057 14.446207740469655 15.300116813437853 0.8539090729682357 2.5375241505953454
211 5047.777265137125 15.151393492343477 4.039666874113861 19.191060366457336 19.19106036645735 0.0 4.039666874114118
212 5084.519052285826 16.680836109041206 3.863690420407142 20.544526529448344 20.544526529449286 0.0 3.8636904204076927
213 5155.362243259624 15.958465992418269 4.28404168553409 20.24250767795236 20.242507677951835 0.0 4.284041685533339
214 5187.62314006286 19.957660545298786 5.288326875496974 25.24598742079576 38.770049698078765 13.52406227728352 5.28832687549675
215 5187.871643192375 22.167600553401705 4.938340969480966 27.105941522882674 44.98156471442144 17.87562319153949 4.938340969480123
216 5219.151580400867 13.984926231908245 3.085047641860125 17.06997387376837 26.8837297926284 9.813755918858988 3.0850476418609105
217 5246.848776654384 16.11548204039917 4.525277444954733 20.6407594853539 20.640759485354465 0.0 4.525277444955464
218 5297.0073452779725 10.312581722599047 2.1248471421849118 12.437428864783959 12.437428864783215 0.0 2.1248471421840804
219 5330.5737028064 10.586508214044631 2.817669528706926 13.404177742751557 19.5014769847985 6.097299242046574 2.817669528706574
220 5331.8854021812 14.52980170488512 3.4032828631627425 17.933084568047864 34.301280953815876 16.368196385769807 3.403282863161621
222 5359.275958422751 14.615144464923853 3.062410211335088 17.67755467625894 28.124803439520292 10.447248763261086 3.0624102113342815
221 5337.627754776183 20.160252595630716 4.710296183157179 24.870548778787892 53.355110160204276 28.484561381415006 4.71029618315697
223 5413.49223344721 17.978283782273586 4.417339744602346 22.39562352687593 22.3956235268779 0.0 4.417339744603851
224 5443.38332605171 17.407256845840003 4.297920454275905 21.705177300115913 26.910158749054972 5.20498144893827 4.297920454276209
225 5456.253749384687 11.671107412153702 2.623774974897338 14.294882387051041 22.549987468254585 8.25510508120351 2.62377497489706
228 5472.93431377941 11.98076577658772 2.63032864676437 14.611094423352089 35.44598068833966 20.83488626498547 2.63032864676552
230 5511.413505475739 9.358739099842964 2.4417509460366023 11.800490045879567 17.801097180406032 6.000607134526035 2.4417509460363362
227 5467.54914601247 20.988626844932188 5.233806803975382 26.22243364890757 79.6666232940288 53.444189645123515 5.2338068039753125
226 5464.678652881752 32.51437580034074 7.875839770827343 40.39021557116809 96.81442488555058 56.424209314383006 7.875839770827042
231 5536.113089469162 14.630081265623527 3.58675673888861 18.21683800451214 28.907427363115858 10.690589358605393 3.5867567388877433
229 5481.506551343654 7.870971838146726 1.3943282479707475 9.265300086117476 95.96740597985354 86.70210589373528 1.3943282479713162
232 5566.667084282594 12.88276764991247 2.8551974259300983 15.73796507584257 23.823395064372562 8.08542998852954 2.855197425929873
233 5577.496627955954 20.960261247629546 4.489721118034109 25.449982365663658 33.33680870739681 7.886826341734377 4.48972111803505
234 5607.982217562101 19.21804722437215 4.60292282987991 23.820970054252058 33.76301955209328 9.942049497843072 4.60292282987939
235 5619.6640769770065 20.812102806984313 4.948064168394966 25.760166975379278 33.648486062138545 7.888319086760021 4.948064168394922
236 5687.2509414499555 15.650870323399594 3.4478635175869243 19.098733840986515 19.098733840986824 0.0 3.447863517586484
237 5737.045526858896 13.602690506022348 3.190663181864096 16.793353687886444 23.083816911639587 6.29046322375325 3.190663181864693
238 5744.312699435809 14.689780289403531 3.4241215924500654 18.113901881853597 26.278718949036374 8.164817067182412 3.4241215924503194
239 5764.905950638188 20.15416864351783 4.619722102779747 24.77389074629758 26.496933059535877 1.7230423132396027 4.619722102778724
240 5859.905275013719 17.800838945401964 4.181373332020482 21.98221227742244 21.98221227742306 0.0 4.181373332021394
241 5883.492026899643 10.520960467757362 2.297523039313922 12.818483507071285 12.818483507072415 0.0 2.2975230393149104
242 5939.764252143434 10.333286484406894 2.3004746232173754 12.63376110762427 12.633761107624196 0.0 2.3004746232172693
244 5964.200679870704 7.929586499962305 2.320889862218262 10.250476362180567 24.78026320542085 14.52978684323989 2.3208898622187917
245 5965.853987405878 13.892532443711815 3.787079651958705 17.679612095670524 29.392917570195095 11.713305474525441 3.7870796519582655
243 5962.30795266639 11.965526793522312 2.5407008622088796 14.506227655731195 38.92721046377301 24.420982808042936 2.5407008622087233
247 6001.385032829852 8.106621872813216 2.1482462535619 10.254868126375117 15.414065160290193 5.159197033916826 2.1482462535614104
246 5971.169074052298 18.254709177003253 4.036746587620668 22.291455764623915 52.583584114519 30.292128349896302 4.036746587619746
248 6091.0808397824085 14.664085446319772 3.2601908079706803 17.924276254290454 17.924276254288998 0.0 3.2601908079705026
249 6107.634126399092 21.54459191353544 5.443469552392341 26.988061465927785 28.35905110353542 1.3709896376058168 5.443469552392344
250 6153.501860834914 12.100854021117609 2.6947217855568013 14.795575806674412 14.795575806675515 0.0 2.694721785556794
251 6186.259869739562 12.429806314198803 2.910266549162695 15.340072863361495 15.340072863359637 0.0 2.910266549161861
252 6225.894037950016 7.666150916985637 1.5173658037599496 9.183516720745587 9.18351672074823 0.0 1.5173658037610949
253 6303.3642957707825 19.595259978237465 4.860037147243983 24.455297125481444 24.455297125481593 0.0 4.860037147244839
254 6329.587972198717 17.57640604257362 4.582334025413084 22.158740067986702 22.15874006798822 0.0 4.582334025413729
255 6414.870748375741 15.386104428542566 3.8151345169528463 19.201238945495415 31.90604512181835 12.704806176322563 3.8151345169526394
256 6415.566763036688 23.43635455703876 6.017650557961169 29.454005114999926 39.776797592134244 10.322792477134499 6.0176505579620425
258 6463.918985469551 20.75427993203037 5.075192044706892 25.82947197673726 45.78561313839509 19.956141161659616 5.075192044705545
259 6470.129447314927 26.227709569133342 6.209707009116751 32.437416578250094 54.355006267988756 21.917589689737724 6.209707009116755
262 6523.900925603247 13.45281201548345 3.2451596887276324 16.697971704211085 26.966570127081468 10.268598422871946 3.245159688726744
261 6497.359279393065 17.459252984164127 4.249681875629242 21.70893485979337 69.7163856562147 48.007450796422745 4.2496818756280845
260 6490.884070140082 19.894109710096686 4.195732735916258 24.089842446012945 81.66686871962156 57.57702627360686 4.1957327359177725
257 6462.6509196499 13.38141181636289 3.0024065463574927 16.383818362720383 122.50518511246446 106.12136674974226 3.002406546358543
263 6547.485815297589 24.48717661797413 5.751209624929473 30.2383862429036 53.607506440869656 23.36912019796455 5.751209624930198
264 6652.794226953619 12.555461638180635 3.4902094622173863 16.045671100398017 16.045671100398067 0.0 3.490209462216626
265 6693.452172165693 19.926525659829107 4.367544752267949 24.294070412097053 33.30068377614043 9.006613364043915 4.367544752267349
266 6707.213632682695 16.241309054574852 4.067603114078402 20.30891216865326 35.074762081962945 14.765849913308557 4.067603114080157
267 6722.477092616377 17.7131872278452 4.573226707742818 22.286413935588023 28.982675935893894 6.696262000304159 4.573226707743743
270 6881.236767305911 19.466584373388752 4.367690228854032 23.834274602242782 44.71898424706433 20.88470964482258 4.367690228853462
269 6869.331796189914 22.651350249628102 4.79150856499061 27.442858814618713 64.94604967720534 37.50319086258696 4.791508564991091
272 6904.781540788657 14.711638297976233 3.6562637325385916 18.367902030514824 49.94147097446694 31.573568943951614 3.656263732537809
271 6892.798131084922 20.960997435957765 5.192886260445382 26.153883696403145 74.05118719477287 47.897303498371 5.1928862604445385
273 6955.394321858011 8.263629186648567 2.1791989984872653 10.442828185135832 28.179815896738546 17.736987711601614 2.1791989984876636
274 6965.615392576387 13.53233384346492 3.002549428045388 16.534883271510306 25.55819575700025 9.02331248549035 3.002549428045313
275 6968.222581212953 10.697628961697118 2.3658464743462506 13.063475436043369 26.630287383777613 13.566811947735005 2.365846474346654
268 6868.575092759644 17.516520077956727 4.011145871280512 21.52766594923724 127.80068242671678 106.27301647747936 4.01114587128086
276 7010.993808083827 15.628155148079317 4.23467913728628 19.862834285365597 25.548292722319275 5.685458436953013 4.234679137286548
277 7017.819367366214 16.566111765534988 4.162599035326059 20.728710800861045 33.15944832995683 12.430737529096405 4.162599035325911
278 7035.785732834433 25.43527685295736 5.699554675844292 31.134831528801655 38.11102152930198 6.976190000500537 5.699554675844411
280 7088.147930529547 9.568689221542561 2.003432951649225 11.572122173191786 16.74055775085162 5.168435577660603 2.0034329516493017
279 7087.126517945282 20.522771580089515 4.730243240009037 25.25301482009855 32.87581914362454 7.6228043235259975 4.730243240010168
281 7131.001615218292 13.343015936262312 2.942689992714509 16.285705928976817 22.012646044935536 5.7269401159592235 2.9426899927148042
282 7139.5124139594245 13.202079774632715 3.0501948493520534 16.252274623984768 20.852427572072884 4.60015294808818 3.0501948493520104
283 7221.882181137014 15.372688942525427 3.230909968931801 18.603598911457226 23.689527260565228 5.085928349109054 3.2309099689318828
284 7232.059560003745 22.83909891464992 5.547355376566998 28.386454291216918 41.845131834409585 13.458677543194426 5.547355376566884
285 7251.803086796315 16.852524984369985 3.9054427755098993 20.757967759879882 29.45751910812305 8.699551348244313 3.905442775509073
286 7281.387104728035 21.93336803009787 5.670467956738664 27.603835986836533 27.60383598683711 0.0 5.67046795673923
287 7340.127128533522 13.184876165347488 3.117681114946657 16.302557280294142 16.302557280295332 0.0 3.1176811149471177
288 7360.768255642478 8.611908300599387 2.269635697839957 10.881543998439344 10.881543998438246 0.0 2.269635697839476
289 7377.017823317738 20.53106515773215 5.375249923381217 25.906315081113366 28.184385264863522 2.278070183751879 5.37524992337967
290 7398.885334387862 8.933880694756498 1.9424699691078318 10.87635066386433 17.135366010689722 6.259015346825436 1.9424699691080605
291 7405.348530825908 16.948826535277448 4.221841742374703 21.170668277652155 25.34422542892753 4.173557151275418 4.221841742375545
292 7447.600395591189 15.690723869455049 4.020483697830765 19.71120756728582 19.711207567286692 0.0 4.020483697830969
293 7509.955429254323 9.829636995221161 2.000233779602695 11.829870774823858 11.829870774822666 0.0 2.0002337796013308
294 7537.442851051185 20.634442934059027 5.508668356379025 26.143111290438053 26.143111290438355 0.0 5.508668356378621
296 7577.074989895471 7.0603957394221935 1.3655882069203824 8.425983946342576 14.315252307525043 5.889268361181166 1.36558820692062
295 7569.045141653668 20.43952811459371 4.4840984000476745 24.923626514641388 30.180253245033782 5.256626730392782 4.484098400047515
297 7611.227454615115 19.202817636102836 4.530349472010796 23.733167108113634 33.005695036513316 9.27252792839954 4.530349472011039
298 7626.64598070899 11.422904404429897 2.6914281654503434 14.114332569880238 25.05003474355999 10.935702173679601 2.691428165450816
299 7637.0784714432375 13.437071115481436 3.534872951967141 16.971944067448575 22.69606785333508 5.724123785887059 3.534872951966463
301 7695.821373752018 9.96015121077737 2.565508825676621 12.52566003645399 18.735593845311087 6.209933808856476 2.5655088256771705
300 7695.242516897786 23.825644545009382 6.026642951921036 29.85228749693042 37.20550672603895 7.353219229111346 6.026642951919712
302 7733.87757400358 15.315779686451327 3.5225064061939784 18.8382860926453 18.83828609264492 0.0 3.522506406194225
303 7778.724696542353 17.32960403758573 4.2411244805956265 21.570728518181355 21.570728518181568 0.0 4.241124480595317
304 7800.796560157086 9.772704559561864 2.454849581086119 12.227554140647984 12.227554140646134 0.0 2.4548495810859094
305 7814.021014594615 11.295638765095825 2.33972297309706 13.635361738192882 15.974762409287905 2.339400671095973 2.3397229730962863
306 7820.599135722323 16.81518775279463 3.6330910109893866 20.44827876378401 25.345292094636534 4.897013330853042 3.6330910109891192
307 7847.983980953847 21.96177616387339 5.463824293830465 27.425600457703858 43.948755215596975 16.52315475789419 5.463824293831749
309 7850.868479976698 20.742966983629536 5.472802801817749 26.215769785447286 47.201541507445654 20.98577172199748 5.472802801818034
308 7849.674600840815 18.704403176342048 4.380700796650809 23.085103972992858 62.879635926667106 39.79453195367478 4.380700796651581
310 7913.7073652546305 12.027608783934802 2.766839525881795 14.794448309816598 14.794448309816289 0.0 2.766839525881551
312 7956.572282754873 23.942708070379283 5.700658178678818 29.6433662490581 48.96424487006789 19.320878621009797 5.700658178678168
311 7955.612801971082 29.4654652006935 7.260703272504778 36.72616847319828 58.08962261343095 21.363454140229805 7.260703272507271
316 8039.765168148176 20.794138628725033 5.256296260073475 26.050434888798506 50.52610450750399 24.47566961870598 5.256296260074123
313 8001.363551362071 14.367730097311107 3.2615818725197756 17.62931196983088 95.37797201239118 77.74866004256182 3.2615818725189456
314 8010.816565941818 15.896823314249453 3.7593216690829987 19.656144983332453 92.44761210645174 72.79146712311922 3.7593216690820555
315 8011.052383689353 21.125112445112965 4.991692250726346 26.11680469583931 121.4178489653741 95.30104426953494 4.9916922507263735
320 8096.837610569005 22.359301585578546 5.590845549174062 27.950147134752612 39.91997449888913 11.969827364137927 5.590845549171718
319 8084.298097119068 14.464958213642461 4.1931419820729685 18.65810019571543 83.8613596553896 65.20325945967488 4.19314198207303
322 8134.448712239532 21.807172455139042 5.316370857312325 27.123543312451368 52.46910284654405 25.34555953409108 5.316370857312904
323 8153.245000441456 20.228990642884447 5.155813731424013 25.384804374308462 44.60698681051963 19.22218243620864 5.155813731426861
318 8058.204006269843 15.170710885827408 3.321722897999238 18.492433783826645 144.16351148780632 125.67107770397797 3.321722898000189
325 8200.944748200078 16.305690637523114 3.4597594221846104 19.765450059707725 34.372966188599094 14.607516128893621 3.459759422181378
326 8201.665448116582 14.689814581993181 3.582546391335632 18.272360973328816 42.19536128424079 23.92300031090781 3.5825463913388376
317 8042.062991915546 20.093380108068533 4.789172667478868 24.882552775547403 208.46232689637418 183.57977412082528 4.789172667479761
324 8183.242015613095 19.228189156718415 4.718111768694299 23.946300925412714 70.90418785147904 46.95788692606402 4.718111768695962
321 8133.533433580608 18.183479966375668 4.707192011751135 22.890671978126804 132.492309820017 109.60163784188717 4.7071920117523405
327 8292.480282527224 11.035371077825019 3.3985035053391943 14.433874583164211 15.352367606639746 0.9184930234769126 3.3985035053392494
328 8305.353433301238 19.90273312464199 5.437741839512189 25.340474964154183 32.71320354874115 7.372728584587094 5.437741839512455
330 8340.37562175476 10.559367693518332 2.8938646097662066 13.45323230328454 20.448423848634775 6.995191545349371 2.8938646097667515
329 8314.150884083829 24.70738537410124 6.310415284948613 31.01780065904985 49.490331614177194 18.472530955132243 6.310415284948249
331 8364.176119077683 18.183686862968088 5.196914487874233 23.38060135084232 30.96596058493924 7.585359234100906 5.196914487873073
332 8373.275516798603 9.173724685869509 1.9536590187086043 11.127383704578111 29.66658056424785 18.539196859668664 1.9536590187090042
333 8382.84821113117 22.95924102577152 5.813580546278044 28.772821572049565 37.17264650397192 8.399824931921103 5.813580546282537
334 8417.416243463786 17.57820416342244 4.295901965711078 21.87410612913352 33.453944343082185 11.579838213949188 4.2959019657118915
335 8418.478537458726 17.508696478671837 4.312935564925276 21.821632043597113 38.46163625795998 16.640004214365035 4.312935564925283
336 8441.863950102743 10.178450064333196 2.561081199694265 12.73953126402746 27.154579222982647 14.415047958953437 2.5610811996957636
338 8472.602452348148 16.250754782233383 4.402419090150074 20.65317387238346 34.603417643484136 13.950243771101668 4.402419090149124
337 8458.360074893442 19.51934439316695 4.990560161010133 24.50990455417708 63.82667362213397 39.31676906795474 4.990560161009853
339 8484.48435540024 10.531513133957276 2.672343614312809 13.203856748270086 52.70533036823508 39.50147361996642 2.672343614311103
341 8498.714919696531 10.123731212357221 2.357747217397679 12.4814784297549 49.50796464768791 37.02648621793378 2.357747217396536
342 8515.620630380228 21.258931019805626 5.248858143108439 26.507789162914065 49.947847619943786 23.440058457030318 5.248858143108009
340 8485.231292950839 15.15367712088676 3.462649062400109 18.61632618328687 94.18024194016289 75.56391575687667 3.462649062399578
345 8564.655576373014 16.30756637345962 4.1538364429670525 20.461402816426666 73.3877912205262 52.92638840410291 4.1538364429652574
348 8592.038913847056 25.60994257088691 6.558594164956604 32.16853673584352 51.65473381523225 19.48619707938633 6.558594164958777
349 8602.562168796205 23.694277651341917 6.319282422812364 30.01356007415428 52.220213406541006 22.206653332383212 6.319282422811739
346 8575.126144061349 18.23774517776671 4.88307067596749 23.1208158537342 87.21929241806902 64.09847656433521 4.883070675967247
343 8532.76000455727 15.00245956977783 3.08806263513217 18.090522204910002 134.82409079002173 116.73356858511033 3.0880626351317915
350 8615.143827867389 14.836319571538695 3.5083052734346056 18.3446248449733 80.44085158399503 62.09622673902413 3.508305273433507
344 8560.39792093453 8.673051433044904 2.022450704335304 10.69550213738021 137.9427143177436 127.24721218036393 2.022450704334915
347 8588.527674933222 16.278569190133975 3.270561802017944 19.549130992151923 119.04137023236217 99.49223924021135 3.270561802017255
352 8702.650944433031 12.299301854892548 3.1470828193524065 15.446384674244953 23.33932188487597 7.892937210632226 3.147082819350544
351 8672.34486802488 20.40220022666968 4.789973613208859 25.192173839878542 57.23532494516439 32.04315110528478 4.789973613211259
353 8780.816690120135 26.55287155429289 7.479183135359925 34.03205468965282 34.03205468965098 0.0 7.479183135359563
354 8814.404676177026 15.827020055501956 4.328777297386944 20.155797352888897 22.707275776156166 2.5514784232691454 4.328777297385386
355 8829.469314236823 18.524408744468925 3.990444948939532 22.514853693408458 34.286264550406486 11.771410856994407 3.9904449489404215
356 8840.905660476794 16.024311454617685 3.9460193738739746 19.970330828491658 29.454369253960976 9.484038425471226 3.946019373872332
357 8918.912908312332 11.312381092861994 2.8219628770870155 14.134343969949011 20.90553310915675 6.771189139210037 2.8219628770875715
358 8921.689227765835 14.265590916283031 3.6416173675419214 17.90720828382495 32.938923874829925 15.031715591001557 3.6416173675443133
360 8933.981147897182 16.71380500276437 4.000461783354258 20.714266786118625 35.42364902328336 14.70938223716621 4.0004617833510565
359 8927.45015444972 21.210059559116814 5.319899395617444 26.529958954734255 58.53969082972435 32.00973187499403 5.319899395615721
362 9001.680479102379 17.50268013805757 4.413359604625709 21.91603974268328 33.50245454769902 11.58641480501683 4.4133596046249295
361 8999.249530248746 22.570603342339403 5.226308181368893 27.796911523708296 41.18623254726299 13.38932102355102 5.226308181372588
363 9043.49943043976 15.560758349794614 3.8680530642800828 19.428811414074694 27.93424449264785 8.505433078571514 3.868053064281412
364 9044.916262924586 19.926051529541205 4.597081792609381 24.523133322150585 35.61609877315277 11.092965451003693 4.597081792606332
365 9093.163983200493 16.60723481236923 4.511315662911137 21.11855047528037 22.97645657708381 1.857906101800836 4.511315662912239
366 9105.76566247517 18.284013161852066 3.972181997746689 22.25619515959875 46.032307639359715 23.77611247975983 3.9721819977476116
369 9130.60143358231 18.10206889524288 4.770615055402722 22.872683950645605 41.27438637069281 18.401702420047513 4.7706150554022315
367 9117.488085371575 20.482332585150743 4.750687801392633 25.23302038654338 56.13294848116311 30.899928094628194 4.750687801388267
368 9118.034882650047 11.228459672823705 2.3521285731455377 13.580588245969242 73.94013562745022 60.359547381482116 2.3521285731458192
370 9160.589994171638 24.846160483763164 5.595300176985831 30.441460660748994 47.98840238138473 17.546941720638642 5.5953001769848925
371 9216.0030641127 11.954194718202846 2.5369339419396537 14.491128660142502 14.491128660138202 0.0 2.5369339419357857
373 9231.062781652574 11.430871220056972 2.7113202381047286 14.142191458161701 24.441945342674444 10.299753884512029 2.7113202381060546
374 9232.793127031748 16.7429573717314 4.579383766571276 21.322341138302672 34.651454380871655 13.329113242571111 4.579383766569663
372 9228.949907275653 21.66135689398321 4.815047212199143 26.476404106182354 59.78827404440199 33.31186993821757 4.815047212201534
375 9274.391575879867 12.74918257879951 2.715356469022916 15.464539047822424 20.478852591149916 5.01431354332999 2.7153564690233907
376 9298.815066081106 22.5653607573671 5.847364190475849 28.412724947842943 33.68837567141054 5.275650723569925 5.847364190474764
377 9314.256784532641 17.71227123156271 3.9356357157585413 21.64790694732125 29.754455421938474 8.106548474619558 3.9356357157557795
378 9380.811578452534 18.86608925981219 4.400625029227277 23.266714289039463 23.266714289040465 0.0 4.40062502922774
379 9434.57335064741 14.088837891125896 3.805235644069597 17.894073535195492 17.894073535195275 0.0 3.8052356440693984
380 9458.608624203562 8.790025783074766 2.1406487291832828 10.930674512258049 10.93067451225761 0.0 2.1406487291824305
381 9466.58368987664 14.388996680013923 3.4931725209254165 17.882169200939334 20.34545154385887 2.463282342921957 3.493172520922599
382 9528.226233971276 21.665321881351876 5.313708176951641 26.97903005830352 26.979030058304488 0.0 5.313708176949149
383 9565.35633708845 16.499820878491487 3.809963145083976 20.309784023575457 30.091865384158154 9.782081360583106 3.8099631450822926
384 9567.477747025207 15.40758347394388 3.257920649607212 18.66550412355109 33.68173030637445 15.016226182820901 3.2579206496084225
386 9596.02649600042 17.196283144636098 3.7051772095996767 20.901460354235773 32.921463069984384 12.020002715755254 3.7051772095946944
385 9583.763941445375 17.07545480487846 4.017871014322267 21.09332581920073 48.41920011869297 27.32587429949126 4.017871014324555
387 9690.760759961531 10.819492702610848 2.2591800863417077 13.078672788952556 19.01789970191203 5.939226912963932 2.2591800863392564
388 9694.103630079975 24.76124804924421 6.244144637000513 31.005392686244722 36.693117315251584 5.687724629007789 6.244144636999408
389 9734.544358699062 13.69307605505273 3.3872939303312526 17.08036998538398 23.98379193490655 6.903421949520634 3.3872939303328167
390 9739.744117098722 12.660978224443934 2.8513839658809452 15.51236219032488 22.595149998525812 7.082787808203648 2.851383965878995
391 9797.50993828462 19.349652334381904 4.521822001570642 23.871474335952545 23.871474335950552 0.0 4.52182200156858
392 9854.349915646675 15.636241616537614 4.122389188347442 19.758630804885055 24.350755039411524 4.592124234524817 4.122389188349189
393 9865.156200919546 17.500587088113516 4.108449706424897 21.609036794538415 35.179287857976306 13.570251063434625 4.108449706425745
394 9873.0733366764 17.838157895931296 4.073642872597754 21.911800768529055 35.92403506215669 14.012234293622896 4.073642872599521
396 9921.43618113036 12.382068158847703 3.8489393288576816 16.231007487705387 23.7623757583533 7.531368270649182 3.8489393288564315
395 9910.869818804025 22.83956308479564 5.576829213967854 28.416392298763494 43.36321300056807 14.946820701805336 5.576829213965539
398 9953.999226094127 14.918096249129482 3.76532954008738 18.68342578921686 30.22249339636619 11.539067607151082 3.7653295400868956
397 9929.233396448682 21.70330050825694 4.529980522315252 26.233281030572186 65.19647044912563 38.963189418554975 4.529980522313053
399 9977.715894717014 10.86467951167537 2.8690980020117247 13.733777513687095 19.952711864618323 6.218934350932614 2.8690980020110146
402 10009.835479887457 11.317292522676176 2.9377926594647246 14.255085182140899 23.33030031774433 9.075215135604594 2.9377926594625023
401 9997.26592301483 22.746366236335533 5.475767670330794 28.222133906666325 45.32756563080511 17.105431724135997 5.475767670332061
403 10045.88434376923 6.281607941158677 1.5221270045959128 7.80373494575459 11.431839612750991 3.6281046669919306 1.5221270045985875
400 9981.263899962229 22.643728586750886 5.340811607122487 27.98454019387337 77.72959262556651 49.74505243169369 5.340811607124124
404 10061.347837100777 11.90389036673563 2.6464060608501607 14.550296427585792 14.550296427589274 0.0 2.646406060852314
406 10132.478964094178 17.04849122087248 4.190791543085993 21.23928276395847 32.58690618652872 11.347623422572724 4.190791543087471
405 10131.679167287497 24.614918980088813 6.284252945436774 30.89917192552559 43.262538387118184 12.363366461591795 6.284252945439221
407 10177.724724003338 17.11152058002629 3.9651206606731724 21.07664124069946 21.076641240701065 0.0 3.9651206606740743
408 10198.16173232273 16.798481274248264 4.724579005695093 21.523060279943355 28.462565265737794 6.939504985793974 4.724579005694977
409 10208.88628754976 13.541776680524768 3.0668620831286866 16.608638763653452 23.506672356546915 6.898033592889988 3.0668620831311273
410 10283.373423301331 12.413892966426573 3.3551460423042245 15.769039008730797 15.769039008730033 0.0 3.3551460423022945
411 10303.912489462546 16.979345024933583 3.940000680847664 20.91934570578125 20.91934570578087 0.0 3.940000680846424
412 10326.569878213037 18.086999859205598 4.986677692213463 23.073677551419063 32.28350033397146 9.209822782551782 4.986677692213561
414 10355.288182875269 10.915391221917796 2.1060384121625715 13.021429634080366 22.631657102718236 9.610227468640005 2.1060384121628886
413 10329.02575847305 24.86723976193496 6.712759043455593 31.579998805390556 52.983061685034045 21.403062879648132 6.712759043453843
416 10387.318897283874 10.261282078887369 2.5736221024394172 12.834904181326786 18.12232263349506 5.287418452171551 2.573622102439913
415 10378.381021125198 16.019655670971204 3.9776018057754516 19.99725747674665 29.965664258488687 9.968406781743397 3.9776018057764304
417 10410.47798068953 9.190320608081656 2.547695912806297 11.738016520887951 11.738016520886958 0.0 2.5476959128063754
419 10473.205577454224 13.742911623788272 3.279445788644985 17.02235741243326 37.83596321175355 20.81360579932152 3.279445788644807
420 10477.827361589854 23.078260841491655 6.326962571420307 29.405223412911962 48.38301669998691 18.977793287076565 6.326962571418335
418 10467.46770174993 18.94396860405116 4.82571908893819 23.769687692989354 69.74936559866183 45.97967790567418 4.825719088938058
421 10511.665632335164 14.117294750846908 3.9476658302127015 18.06496058105961 26.976497467772788 8.911536886711474 3.9476658302119176
422 10579.600121767167 9.291435078777836 2.0120378874557927 11.30347296623363 11.30347296623404 0.0 2.012037887456245
423 10592.415499774956 17.27630350540992 3.7177230586022953 20.994026564012216 20.99402656401071 0.0 3.7177230586021324
424 10660.269700431225 18.127114277551293 4.549554303506772 22.676668581058056 31.845025624597838 9.168357043543438 4.5495543035067385
425 10670.423657205707 16.548095121500502 3.895296778757234 20.443391900257737 27.45401690159997 7.0106250013450335 3.895296778755437
426 10696.582135852621 24.686034120494675 6.00464661507773 30.690680735572407 33.25318100739787 2.5625002718225005 6.004646615079764
427 10727.072923466632 22.43043527246192 5.779502398263723 28.209937670725644 29.24404816869901 1.034110497972506 5.779502398263503
428 10795.245324043142 17.682511474670857 4.736741780436372 22.41925325510723 22.419253255106014 0.0 4.736741780434386
429 10817.968946803228 21.65458304443188 5.366748913811758 27.021331958243643 31.70352369002285 4.682191731777493 5.366748913813353
430 10836.217615698237 21.441605407840488 5.762877283627917 27.2044826914684 32.846029715728946 5.641547024262763 5.762877283628768
431 10917.79342634863 11.714420193591092 3.0342105618443442 14.748630755435437 14.748630755435443 0.0 3.0342105618456117
435 10955.258098478127 10.443291052692686 2.500459216763269 12.943750269455956 25.06762128151604 12.12387101205968 2.500459216764284
432 10934.971202417522 17.98308571599764 4.577177415055803 22.56026313105344 58.00997851048123 35.44971537943093 4.577177415054393
436 10964.61329444187 14.79663461938525 3.68157833556859 18.478212954953836 34.572440786869265 16.094227831912576 3.6815783355687017
434 10938.318385654118 19.68501341688096 4.845012757854602 24.53002617473556 68.13541236846504 43.605386193736194 4.845012757850782
437 10998.152983848075 15.081958412085763 3.5201409848460656 18.602099396931827 29.75138206988413 11.14928267295545 3.5201409848450567
433 10936.926737665177 16.565567308111984 3.950758651083174 20.51632595919516 92.66451846034033 72.14819250115033 3.9507586510808324
439 11098.484932904159 8.272143799482892 2.0668623656503953 10.339006165133286 13.191517260514956 2.8525110953833064 2.0668623656492855
438 11084.776595951911 18.055685297872124 4.2330148543077115 22.288700152179832 28.890701436746895 6.602001284569269 4.233014854307839
440 11129.432525861594 16.718986033122224 3.276771464258002 19.99575749738022 49.47125745538142 29.475499958 3.276771464255944
445 11169.45644164339 27.308210610441375 7.075306766430094 34.38351737687147 63.68513890206668 29.301621525193696 7.075306766426365
441 11138.889901755862 20.268057833106287 4.740635671847992 25.00869350495428 95.68300689425632 70.67431338930146 4.740635671845666
442 11140.539948450987 21.213453160845457 4.789096498478042 26.0025496593235 117.41856256098072 91.41601290165636 4.789096498476283
446 11221.085123373306 12.668429178469172 2.469988079851837 15.138417258321006 49.48459742252453 34.34618016420427 2.4699880798507365
447 11236.169932074661 18.729920483457843 4.0097558059136915 22.739676289371527 35.765539467771305 13.025863178401778 4.009755805913301
443 11151.687897767288 26.842213161188393 7.084226664723762 33.92643982591216 128.90332212493195 94.97688229901905 7.084226664725065
444 11168.333402580793 9.94482289576855 1.8685619359304164 11.813384831698965 119.53620510587098 107.72282027416986 1.8685619359312113
448 11279.660151597684 17.971087773308977 5.069658618318742 23.04074639162772 32.508245022794654 9.467498631169292 5.069658618318499
449 11295.292999832252 21.473770613634592 5.632042362437662 27.105812976072265 40.099794574427506 12.993981598354367 5.63204236243655
450 11316.409581678114 10.065609936465073 2.498330162543156 12.563940099008231 20.340593317931052 7.776653218921638 2.498330162543425
451 11339.089139041433 10.85206902748671 2.3522799750131385 13.204349002499848 14.490276050255488 1.2859270477583777 2.3522799750098784
452 11347.17590319253 15.971888073165758 3.862867758408865 19.834755831574626 23.91879179690295 4.0840359653266205 3.8628677584110847
453 11389.63464253781 16.280181421201682 4.1313051137242205 20.411486534925903 38.25121661121375 17.839730076288106 4.131305113724011
454 11403.649187958717 17.121919486929116 4.356310633775557 21.478230120704673 71.04336955586041 49.565139435160745 4.356310633773319
455 11407.173201040634 15.822685318475973 4.089999746545245 19.91268506502122 72.02142660663594 52.10874154161138 4.0899997465458
459 11482.845347879611 11.1945228855296 2.550404718490423 13.744927604020024 23.951357640537026 10.206430036516394 2.550404718491336
457 11432.518101412243 25.523594419637238 6.336385413176929 31.85997983281417 78.94076945751294 47.08078962469881 6.336385413178505
458 11440.45392586285 18.408600927202393 4.37904765291466 22.78764858011705 78.53809775792797 55.75044917780542 4.379047652917507
456 11427.731357650342 23.478281241414404 6.696501424898012 30.174782666312417 99.44927576923874 69.27449310292468 6.696501424898088
460 11512.300608333944 12.200520242443158 2.690937081157016 14.891457323600175 21.330152156864642 6.438694833268528 2.6909370811554254
461 11552.98400638279 12.872732791170508 3.2631907824474053 16.135923573617912 16.135923573619948 0.0 3.2631907824506925
462 11576.948122568085 9.014959309860075 1.992385617713953 11.007344927574028 11.007344927571467 0.0 1.9923856177138077
463 11667.304695405901 14.995335084947792 3.55390427146113 18.549239356408926 18.54923935640909 0.0 3.5539042714626703
464 11731.495798064214 19.085716862064558 4.881833355976707 23.967550218041268 29.754591635577526 5.787041417541332 4.881833355975687
466 11747.17763423047 14.935557975720414 3.8242087827278044 18.75976675844822 28.687963905273136 9.92819714682446 3.82420878272751
465 11746.014866174171 29.15188300202727 7.202639538309608 36.35452254033688 56.61202651846179 20.257503978125897 7.202639538309086
467 11811.125951941278 12.409221752251309 2.824771480418273 15.233993232669583 21.584831480387948 6.350838247715728 2.824771480420168
468 11813.236449365379 30.884411919899925 7.985087009033076 38.869498928933 46.99655946264829 8.12706053371403 7.985087009034032
469 11860.185241238249 15.473079133377198 3.5455276597931698 19.018606793170367 19.066374382948197 0.04776758977823192 3.5455276597931515
470 11879.264947669206 17.065708758256537 3.881976769489838 20.947685527746373 29.331754337548773 8.384068809806195 3.8819767694894836
471 11888.592326617747 14.768661470166816 3.660472622606559 18.429134092773374 24.836291940055162 6.407157847283088 3.6604726226069033
472 11935.97717972322 20.097803111366282 4.632373045698409 24.730176157064694 24.730176157065216 0.0 4.6323730456988415
473 11966.531281294467 14.335577731292819 3.4204118672599995 17.755989598552823 17.75598959855415 0.0 3.4204118672605546
474 12046.476951113851 4.382266786085786 0.7553091020247611 5.137575888110547 5.137575888111314 0.0 0.7553091020254215
476 12053.832900089454 11.359676698508453 3.003037220913348 14.362713919421799 21.53136206731324 7.168648147891872 3.00303722091121
475 12051.463451213876 20.512067645510143 4.891833540120405 25.40390118563055 34.00753511808034 8.603633932449156 4.891833540119478
477 12220.83260152112 22.58593587821304 5.177548892985979 27.76348477119902 27.76348477119609 0.0 5.1775488929833955
478 12259.428767430814 11.76027672042158 2.775148509328657 14.535425229750237 14.535425229749308 0.0 2.7751485093285737
480 12273.12329491229 14.67554011446564 3.6921503377243408 18.367690452189983 34.650141596008325 16.282451143815706 3.692150337727071
479 12273.109227857349 14.453291578445258 3.673395528309442 18.1266871067547 45.93085867686386 27.804171570107428 3.6733955283089017
483 12310.74625323733 5.844916205748726 1.146312983082134 6.991229188830861 24.206262487045024 17.215033298212802 1.1463129830808612
485 12335.072859312299 15.113158451448097 3.8184758697255115 18.931634321173608 32.61860701898695 13.6869726978166 3.8184758697243524
484 12317.591595263675 17.289828314311514 4.237615780205702 21.527444094517218 52.938250427438106 31.410806332918582 4.237615780210035
482 12307.606097177757 22.963393019664228 5.459641096391048 28.423034116055273 66.34924439582755 37.92621027977111 5.45964109639317
486 12377.52724947082 10.807598892541153 2.9852971242503545 13.792896016791508 19.55664894911024 5.763752932320131 2.985297124250792
481 12279.207505620381 23.10518008682228 5.823416018861933 28.928596105684218 119.46399616403687 90.53540005835748 5.823416018858552
487 12427.273487066917 6.043030450953751 1.3445209808788547 7.387551431832605 7.387551431829706 0.0 1.34452098087786
488 12433.4925856162 10.409272758286475 2.3719727470597465 12.78124550534622 17.984397941329007 5.203152435982702 2.371972747059772
489 12434.460126266735 8.028155785802937 1.6371879803372515 9.665343766140188 18.638340776104087 8.972997009961546 1.6371879803373304
490 12496.054557094092 19.959175986239615 5.120849659140826 25.080025645380438 25.080025645378555 0.0 5.120849659138912
491 12537.045361541046 11.148100126934992 2.7438393715241745 13.891939498459166 15.934329530800824 2.042390032345793 2.7438393715237908
492 12547.226531130264 15.416530580739671 4.133364955531444 19.549895536271116 25.995372994473655 6.445477458200912 4.133364955530851
493 12563.053433206882 13.752964097157568 3.3162252314340894 17.069189328591655 29.13773753613532 12.068548207545973 3.316225231434146
495 12584.036760111288 9.809710801384997 2.029540716365797 11.839251517750794 20.296975141753137 8.457723624003847 2.0295407163648633
494 12567.461581242282 19.999647402089327 4.9606648221754845 24.960312224264808 44.93245489094625 19.972142666680156 4.960664822176113
496 12629.017148693418 14.217401394847329 3.561473077035111 17.778874471882435 17.778874471881863 0.0 3.561473077035771
497 12645.4219714059 16.75745386530931 4.054865938658524 20.812319803967828 27.175303918729696 6.362984114764913 4.054865938656803
499 12663.219649034674 15.7179019396123 4.4482211638649485 20.166123103477247 31.442468390971044 11.276345287496952 4.448221163864218
498 12658.609504318 25.154419650395774 7.343792920416966 32.49821257081274 51.01326844926007 18.515055878451676 7.343792920415581
