# Cpu scheduler: fcfs
# Quantum: None
pid arrival_time cpu_bursts_time io_bursts_time nbursts bursts_time tat ready_wait_time io_wait_time
8 30.134221741523437 57.40932577264243 44.657565994059794 7 102.06689176670221 303.7658970842835 158.16161393731227 88.19495737432878
1 6.82408339945535 98.54489986985072 74.75313933556932 11 173.29803920542 439.96301835910737 170.4922157513509 170.92590273790572
4 18.050256550490264 113.90888046771786 92.14511306800932 13 206.0539935357272 552.4038944083347 156.32676605253306 282.1682478880839
7 23.464691959866887 139.0337654392121 116.83781195493384 17 255.87157739414593 834.1362390195409 170.9393866811909 524.1630868991377
5 20.561050436277963 153.2873927227655 129.42671732975757 19 282.7141100525231 941.4335619413218 175.31034662061637 612.8358225979399
33 301.4439897513471 44.34370672479982 115.18599065491735 153 159.52969737971716 11172.488957996715 74.45858757507949 11053.686663696837
47 455.96445484944894 37.99552751320211 126.10746383607425 167 164.10299134927635 12271.160902854383 30.099981801363924 12203.06539353982
75 783.7330400855443 40.95197988343708 123.28407171226725 163 164.23605159570434 12108.873060827624 0.0 12067.921080944188
0 6.82408339945535 51.39485969432122 137.4503831485052 183 188.84524284282645 12959.235710460165 262.039255366906 12645.801595398936
27 229.2114537754947 43.48402552486141 130.201321215092 175 173.6853467399534 12802.279613486427 121.37462861818454 12637.420959343382
37 326.29891685033755 49.89167657474818 133.2840405808444 177 183.17571715559257 12973.092607030918 52.14783013095746 12871.053100325213
22 187.41653245083137 46.13198719472733 137.18701958257557 181 183.3190067773029 13197.925877486829 163.34358856223344 12988.45030172987
90 917.0042576312891 46.518840858275716 124.16189359019941 169 170.6807344484751 12545.835590833278 0.0 12499.316749974996
58 599.085270854311 47.200436251332995 128.39681301322213 175 175.59724926455513 12905.744754240432 9.338976114494017 12849.205341874605
25 217.3307327240952 49.702304506210496 138.56748885647966 185 188.26979336269017 13481.936044857257 108.61173039307599 13323.622009957971
60 608.9258315338589 45.84964548027824 134.58435189184328 179 180.43399737212152 13171.611467496823 0.8515675489246632 13124.910254467623
98 991.5173193249057 46.58668625561688 131.25754022165714 173 177.84422647727405 12809.127150745484 0.6416288580128366 12761.898835631844
52 552.0405757881294 49.794650153145355 137.69256754455097 181 187.4872176976963 13304.128001932146 0.0 13254.333351779002
77 792.63474557692 51.02415243156156 133.5334838715001 177 184.55763630306166 13085.338392378144 0.0 13034.314239946572
18 154.48021107184573 55.5485450602993 141.4293548416516 189 196.97789990195088 13737.494600596838 219.13458849129583 13462.811467045234
15 126.36479776247799 53.431807514178715 149.71120386307533 191 203.14301137725406 13837.702519255385 169.47197284372504 13614.798738897478
36 321.8222921645077 50.978777493772164 137.35450547627596 187 188.33328297004812 13657.541966903384 57.7939369371303 13548.769252472484
16 139.75234138440118 50.13625572541164 140.34043760842403 191 190.47669333383564 13853.672107195749 191.09356321501213 13612.442288255324
35 319.3028767817523 51.191558422419895 136.38706909700247 189 187.57862751942235 13773.502444492946 60.6506084318695 13661.660277638655
19 167.3707422030082 53.84192396383807 146.99976082900343 193 200.84168479284153 13983.52587668744 187.0102948119106 13742.67365791169
12 103.54357655356965 57.130549164240286 145.5368830727728 195 202.66743223701312 14076.97157735123 227.62523923423413 13792.215788952752
44 385.85726457113043 49.75369500819248 143.1266131231196 191 192.88030813131212 13898.46501236672 39.607366303993274 13809.103951054525
21 177.03269433379802 53.0229552105464 147.72366723009793 195 200.74662244064433 14115.552669777686 193.3453207428211 13869.18439382432
97 983.6983866952276 50.262232774097846 135.61130720817945 181 185.87353998227732 13314.983736651673 0.0 13264.721503877568
93 932.9275754916705 50.38606745948863 137.92038100087666 183 188.30644846036526 13444.39238296359 0.0 13394.006315504103
20 175.09510769079102 56.61783036178443 150.22251865220167 197 206.84034901398607 14230.814101891987 199.78369504478545 13974.41257648541
24 200.5624838038183 56.13856918965045 148.15168975642288 197 204.29025894607338 14243.509570422435 127.69455226668768 14059.676448966102
62 642.7310277044963 54.74342299206196 138.97239429593375 189 193.71581728799572 13803.216427512933 0.23903763404041456 13748.233966886834
85 887.2850262589293 54.68579473953996 134.5969428276054 185 189.28273756714538 13564.811223475559 0.0 13510.125428736023
66 706.2093408552442 51.775342109623125 141.19814732723248 191 192.97348943685557 13917.821889770727 4.263565381208878 13861.782982279896
67 745.7098435901556 54.86499919045377 140.62827605590428 191 195.49327524635805 13907.755283177637 1.075667616358146 13851.814616370826
101 1014.6796670237744 48.93070831801099 143.01660584373124 187 191.9473141617422 13647.882366837392 0.6568168849091762 13598.294841634464
102 1014.8525083613384 49.511017648126476 136.6618466259659 187 186.17286427409238 13649.246081477719 1.062300452143404 13598.672763377448
26 218.8637540436888 51.29874425006775 149.6445150767147 201 200.94325932678248 14457.968169404634 105.43670050896452 14301.2327246456
40 358.3748849326854 61.718186505153426 143.87502841783476 199 205.59321492298818 14343.170926013321 45.47689692047544 14235.975842587697
74 781.7036110956111 54.30739614309463 141.15999939197326 191 195.46739553506785 13920.828221703985 0.0 13866.520825560889
78 800.3028629620791 49.95434181245672 143.16878784009492 191 193.1231296525516 13912.68053184181 28.70314713783182 13834.023042891518
96 979.0529738532902 52.63076278636904 141.20542818870493 189 193.83619097507398 13756.542870764613 0.0 13703.912107978242
54 579.8137027816151 55.421911437670914 148.59240443683598 197 204.0143158745069 14224.120805351768 58.9434993271077 14109.755394586991
28 248.99136032527247 53.064899223026835 149.20870753783043 203 202.27360676085726 14563.565931223224 131.17767651292286 14379.32335548728
31 289.69806122807273 57.87151513100048 148.75489332569222 203 206.62640845669267 14546.836096411407 95.94257890674669 14393.022002373662
13 120.15965466971349 54.71402865954241 152.33836349460307 207 207.0523921541455 14729.524430794849 183.2077658523744 14491.602636282929
92 931.4579928928324 53.011981162450155 140.41610131039863 193 193.4280824728488 13956.179350926235 0.12981369818942312 13903.037556065598
10 73.8737124969376 59.30915311090701 157.66789847994497 209 216.977051590852 14817.84763155103 283.2743180450818 14475.264160395047
11 80.5038548533165 63.95344194158083 156.4513285598294 209 220.4047705014102 14815.625485541404 251.26171121744568 14500.410332382378
45 393.0991256733409 54.85748095421344 150.20957886469822 203 205.06705981891167 14521.092587469173 79.23712718731804 14386.997979327647
61 629.5930664044672 50.79628228980255 145.99235367087667 199 196.7886359606792 14294.870621286707 10.25085326448982 14233.823485732417
70 761.0081079090328 54.609744267773195 146.77644709104334 197 201.38619135881655 14188.39269220756 0.6224315623696839 14133.16051637742
53 553.7878146529857 52.33556580606659 147.72243852128582 201 200.05800432735242 14404.945724218085 0.0 14352.610158412019
17 147.63122277075803 55.16398521586564 159.1018262290137 211 214.26581144487938 14890.037228206511 178.1900284663061 14656.68321452434
76 789.0326855670635 57.14394959447718 143.5454561045866 199 200.68940569906383 14259.27838881641 0.0 14202.134439221933
23 192.01561749325654 55.81359502804801 161.87410425500772 211 217.6876992830558 14886.978485831685 154.60094705744817 14676.563943746187
32 299.7671309955277 61.60308884222016 157.8692774197555 209 219.47236626197565 14781.354181788185 79.85222342978506 14639.898869516177
51 533.7918983296437 55.06170476969404 149.88684914982687 205 204.94855391952086 14566.071492394154 0.0 14511.009787624456
50 509.07974733981354 61.217844249293 157.411360004791 207 218.62920425408396 14641.303647800758 38.5471706490336 14541.538632902428
73 767.5031503532483 56.92005356013853 149.69621526003053 203 206.61626882016907 14416.519057746847 0.0 14359.59900418671
39 341.26745801919117 58.53466577786336 158.67032113946436 211 217.2049869173277 14852.50087809121 66.9098785448515 14727.056333768493
42 369.0427103977685 60.588402872321865 156.43020290853744 211 217.01860578085933 14838.038496366557 71.2545524035296 14706.19554109071
86 888.6576077127156 61.31274005510718 151.24991295626026 205 212.56265301136744 14421.859430850438 0.0 14360.546690795329
91 931.0593458602782 55.78291807307416 155.93215735848676 205 211.71507543156088 14400.265448887023 0.0 14344.482530813948
29 256.1620334505015 59.29362527769008 167.5008033398359 217 226.79442861752602 15085.336293508837 110.25026736911894 14915.792400862032
49 485.3618365702401 57.02007193957885 160.39596559289444 213 217.4160375324733 14859.232175516046 25.19132913718903 14777.020774439283
79 825.7792922278733 59.074615318111064 157.3813145444187 207 216.45592986252979 14520.643851043244 0.8079966161677703 14460.761239108968
59 606.1350095789522 57.09822975032696 160.06551040829163 211 217.16374015861862 14741.535599494186 1.7235074843871416 14682.713862259476
3 15.2882236775041 62.089909402075534 169.70410181698475 225 231.79401121906028 15345.789214021761 249.767281594121 15033.932023025567
103 1027.8379610342956 55.95469068309992 154.234307918567 205 210.18899860166692 14345.411789550411 0.0 14289.457098867308
94 932.9754687917499 50.570369317891235 156.16482833002078 207 206.735197647912 14460.580683184267 0.5630502403058699 14409.447263626073
80 852.5625718428154 56.31893359498982 155.02260771540867 209 211.3415413103985 14556.74075453832 8.150399915685512 14492.271421027639
46 397.53759922162396 60.02289587162423 161.01990787084304 217 221.04280374246724 15013.024481637916 55.13979338096448 14897.861792385329
82 864.4859442463154 60.88583711633986 159.2993224016691 209 220.1851595180089 14549.61953788148 2.2012514594659933 14486.53244930568
34 312.5995486695372 63.310162017680994 164.80805635838095 219 228.11821837606195 15107.593869041744 72.02489140979515 14972.25881561426
41 365.51482244034725 62.3461564355771 165.52678334162653 219 227.8729397772036 15081.620060731195 87.05859402015949 14932.215310275458
14 122.77789077330964 64.9124317854105 169.21669200673028 225 234.12912379214077 15342.276226851005 176.7200051093733 15100.643789956215
87 911.7474613778049 56.178353998826694 158.171282897271 211 214.3496368960977 14571.601638958567 0.0 14515.423284959747
6 20.903798531803382 66.82841003580106 165.31209642661128 229 232.1405064624123 15469.234785127053 304.97191429511423 15097.434460796141
56 588.3130377458615 62.03820974493539 157.41151568411001 217 219.44972542904543 14905.39430428351 31.07085548783823 14812.285239050732
38 338.72573576443347 55.84105723298808 170.66169085844524 223 226.50274809143335 15184.177129720574 74.750644895721 15053.585427591865
69 759.8889293895884 58.373130467979415 162.83650947084885 217 221.20963993882833 14790.563689053717 0.01709555508966787 14732.173463030646
64 651.2109225085753 61.732562596859474 164.7297074503294 219 226.46227004718887 14906.35656417091 0.3255176011416552 14844.298483972914
65 657.6196592400787 62.60943503365606 160.35749376635977 219 222.96692880001586 14901.526526981363 0.27860576897910505 14838.638486178728
88 913.8136794447535 62.15472176516783 164.11757397899598 215 226.27229574416378 14646.18135763886 0.0 14584.026635873695
89 915.9536221381982 59.516054795435295 150.9246145866398 215 210.44066938207507 14646.996337258519 0.0 14587.480282463093
43 369.5343187749876 65.20356580595006 164.7267513710387 225 229.93031717698875 15196.099138999762 68.21541996980903 15062.680153224008
9 41.576254909089094 57.85260675666668 178.78220670930486 233 236.6348134659715 15530.792713969635 274.9335956320406 15198.006511580925
99 1001.4768413864808 57.44345568912714 158.30764830260622 215 215.75110399173337 14573.557321666738 0.0 14516.113865977602
48 455.9816394773535 66.2507890694917 172.83519251073378 227 239.08598158022548 15158.077371679155 29.622691474557598 15062.20389113511
100 1006.8170742795061 57.79043405908859 161.35723164205427 219 219.1476657011429 14616.345777949118 0.0 14558.555343890033
104 1035.7877244839358 59.53529962650928 164.32126197567226 221 223.85656160218153 14615.735324540083 0.32033593606615796 14555.879688977513
72 763.3630647953055 60.35832869187995 176.33797458803315 227 236.69630327991308 14907.921003904265 1.1706550271287597 14846.392020185252
30 274.9886111468499 69.0240817248823 179.63580615976713 237 248.65988788464946 15402.260461880816 128.94103063586613 15204.295349520062
57 592.771196675412 61.793779621331744 173.44051800731282 233 235.23429762864458 15098.51946777426 20.625753386067572 15016.09993476686
83 875.8269477223508 68.38349124008118 171.200482644182 229 239.58397388426317 14820.256570876269 0.595043400460213 14751.278036235728
84 883.67454537164 63.65213611333488 171.47851516246106 231 235.13065127579597 14829.16137302075 0.5044464135066846 14765.00479049391
95 962.110617473222 67.70824422223379 167.84929320066342 231 235.5575374228972 14756.857765018125 7.750368819357277 14681.399151976531
81 864.3463089338868 67.3022237493741 175.38440622844684 235 242.68662997782096 14865.30444138892 1.8561910581987604 14796.146026581351
55 582.6106492555685 64.69065341281889 179.0382169115806 241 243.72887032439945 15155.532163708667 48.354216905857584 15042.487293389995
68 755.3915283010685 71.65635271970525 180.46226255210576 245 252.11861527181102 15003.6373307263 0.4675590282979556 14931.513418978297
63 649.5916336142984 68.54711605659693 182.02208563019158 247 250.56920168678852 15112.523192772229 0.9470570377967533 15043.029019677837
71 761.6094321079938 63.62738759848542 185.85407858481068 247 249.4814661832961 15003.835486115837 1.7315734116732528 14938.476525105685
2 8.261398098966037 69.94191342747527 195.2350036982504 265 265.1769171257257 15758.553507690045 270.9396947258316 15417.671899536741
