# Cpu scheduler: fcfs
# Quantum: None
pid arrival_time cpu_bursts_time io_bursts_time nbursts bursts_time tat ready_wait_time io_wait_time
9 55.436609892045915 37.13814658679512 17.119454425744003 3 54.257601012539126 261.47086755239127 207.2132665398521 17.11945442574401
4 15.758287942006032 61.144169136014256 39.74166194173256 7 100.88583107774681 479.1433105145409 368.59322909320156 49.405912285325044
1 1.0262382132357182 75.29928052888167 62.25358038189792 9 137.55286091077957 589.2680953886008 425.48148099812533 88.48733386159383
7 34.14534463754985 69.52994694630625 58.72383749961823 9 128.25378444592448 684.0357633115796 513.1068024096144 101.39901395565882
13 78.95833560387817 75.7242081334807 55.07588003448607 9 130.80008816796678 742.2190796826109 555.7814048064429 110.7134667426873
15 83.8628229210419 66.03103303419356 62.32710399521588 9 128.35813702940942 755.1338816347542 555.916019987576 133.18682861298473
8 37.53539916760345 102.593740539468 81.7420768185237 11 184.33581735799171 832.8823803406837 567.4739721209428 162.8146676802729
2 7.950897680738783 111.26852030400232 81.3402927186859 13 192.60881302268822 879.8532095109425 585.7817966438461 182.80289256309413
12 75.21299514725682 77.88594417678175 57.04855950104049 11 134.93450367782225 836.465303645621 592.1317314325313 166.447628036308
5 21.741304500962567 186.0859414674403 142.4323522550821 21 328.51829372252246 1726.408657603269 596.1969871265362 944.1257290092923
63 585.0369944382269 42.547085578130726 110.64078303452195 147 153.18786861265266 21237.968029773278 203.7787824191514 20991.64216177599
62 581.3842977577694 42.4143708455142 116.92365735321357 155 159.33802819872778 22429.866302694663 207.61302107349013 22179.838910775645
60 570.2739040179958 43.767612300010086 121.1122888077337 159 164.87990110774376 23009.00307578351 229.2075506043766 22736.027912879126
67 618.299061413087 42.63245058997204 124.45140614413384 159 167.0838567341059 23046.694480418115 176.12026131625566 22827.941768511893
27 234.83135685496794 47.016313336049066 125.20056365472836 165 172.2168769907774 23628.300889197857 553.3299257841164 23027.95465007769
30 293.76322021568734 47.19417005647882 123.40485361952696 165 170.59902367600577 23669.1152864339 449.7589794189109 23172.162136958515
47 456.88423931596367 42.41529256291514 121.06154324991425 165 163.4768358128294 23783.07069702988 312.1326741332499 23428.52273033371
126 1067.4473776011596 49.08333581825576 118.00097097141544 159 167.0843067896712 23386.316282120828 35.85378415696255 23301.37916214561
17 114.9346841277378 47.328219622635565 132.11057279367841 171 179.438792416314 24417.147110542777 606.1499934918821 23763.668897428266
14 80.17519839636876 49.43636256449435 123.17145788896818 173 172.6078204534625 24665.869864369288 664.861444339363 23951.57205746541
23 197.52141391036957 45.69082575345723 122.75170718113974 175 168.44253293459695 25005.047379299966 550.2269487325786 24409.129604813945
200 1744.3324240405443 45.0966990398629 120.46275210755923 161 165.55945114742212 23851.071947421045 7.0795413141675 23798.89570706702
59 563.4890539924083 47.2709115569423 125.4590507891431 173 172.72996234608541 25037.16566650322 244.38849261818802 24745.506262328086
97 853.074277238586 45.15850026749496 126.08509663466553 171 171.24359690216048 24930.44234907283 46.10338258407853 24839.18046622126
143 1197.9928108328563 45.496703779061235 123.57996920417014 167 169.0766729832314 24603.72542851639 0.0 24558.22872473733
123 1037.1821310141179 49.679794452627 126.57503032340135 169 176.25482477602836 24801.60428564362 0.4493942423941917 24751.475096948598
26 226.91663049412887 55.04508787547702 130.65218392786093 179 185.69727180333797 25643.10018282004 588.5868730932319 24999.468221851334
58 557.7935177208249 43.67039297185705 132.31871079075208 175 175.98910376260915 25322.68976565837 255.92488877983976 25023.094483906665
37 370.34626115394445 49.45623408654052 133.85192225222787 179 183.30815633876838 25711.198559448836 394.02371909572196 25267.71860626658
105 882.4884951498926 49.430867879388465 126.98882345640007 173 176.4196913357885 25242.836367954238 42.23181214154806 25151.173687933297
40 414.3523191329892 52.793511692389835 135.1976511736569 181 187.99116286604675 26019.21623940153 360.00416220385495 25606.41856550528
65 602.2998388320492 49.13236872746363 134.62130740310948 179 183.7536761305731 25870.387696337777 193.58062025037964 25627.67470735993
98 863.9147226654031 50.86431694990532 133.82219959668657 177 184.68651654659186 25744.30180298817 35.73742115517996 25657.700064883076
100 877.4042873796157 47.6609057451859 129.00444352869536 177 176.66534927388125 25763.40956800316 42.016197036913695 25673.732465221066
38 392.8418792571187 49.084163180989066 139.21538426109632 183 188.29954744208538 26292.611242139163 432.6080965996884 25810.91898235848
159 1333.7334476070453 48.03310956245197 129.5600344513555 173 177.59314401380743 25449.666830442453 0.0 25401.63372088
51 501.362710071291 48.09840984224378 135.76352356303636 183 183.86193340528013 26342.977313329928 276.92003861698225 26017.958864870703
10 70.97132435877774 54.48805080746981 138.19023440976048 189 192.67828521723033 26776.6481730941 666.3195003067121 26055.840621979914
11 73.08449897290257 50.78168253725388 144.4207100299605 189 195.20239256721442 26778.349835054192 660.4982425424923 26067.069909974456
172 1439.2431121166355 45.632346701992546 128.29663726086355 173 173.9289839628561 25474.534658795586 0.0 25428.902312093604
197 1710.651309307069 46.34671395351222 127.50506073424708 171 173.8517746877593 25221.208805279628 0.0 25174.86209132611
108 914.659063932225 48.15173917264928 134.55170511846936 179 182.70344429111864 26040.627862753685 50.67044707158948 25941.805676509444
20 139.68224594457016 53.25075147284637 142.50549149808998 189 195.75624297093634 26921.55437829297 578.6871339762932 26289.616492843823
163 1369.8867303583015 50.20557402771868 135.58210727543704 175 185.78768130315575 25722.34291894085 0.0 25672.13734491312
52 503.912150049041 52.33555529938427 137.4690865214746 185 189.80464182085888 26607.621705885158 271.1792952620285 26284.10685532375
196 1703.161164447238 49.69120987617857 132.58446827761992 173 182.27567815379848 25478.25779229559 0.0 25428.566582419415
174 1460.4665024069066 53.20559880224384 130.71549660358139 175 183.9210954058252 25734.81195037588 0.0 25681.606351573646
39 403.60626455435687 52.72322387284534 142.5062028669642 187 195.22942673980953 26803.347455392788 399.7945994430125 26350.829632076926
166 1386.284841187933 46.475483861329856 134.07866782451958 177 180.55415168584943 25978.96675158368 0.0 25932.491267722347
76 677.855960164185 48.82489213471481 137.0787831464809 185 185.90367528119566 26700.315150466384 133.55445353383766 26517.935804797842
192 1678.2228924620915 46.96625842662098 127.24270622109738 175 174.20896464771835 25721.785512248414 0.0 25674.8192538218
193 1679.428429253057 49.30930960053093 133.43311284077927 175 182.74242244131023 25724.455664703197 0.33041958539365623 25674.81593551729
102 878.7157270778705 52.17858402414464 131.32080826101262 183 183.49939228515723 26538.08994467601 42.289209346897565 26443.622151304964
201 1804.0872852580276 50.37694401049687 130.993824014852 175 181.37076802534887 25689.275173428978 0.0 25638.89822941848
111 947.1030406143591 52.27927657254576 139.16989469373965 183 191.44917126628545 26567.258742837363 11.692635483068784 26503.286830781744
112 967.7303947015813 52.156847964086325 134.36532148382156 183 186.5221694479079 26582.22639287281 0.3158687473464852 26529.753676161374
74 661.0503933214134 53.63109851094011 137.12935783458903 187 190.76045634552912 26929.293568751345 150.63364782175734 26725.028822418637
81 707.5595600915846 48.31032819432816 133.5475336460889 187 181.8578618404171 26950.25258833916 117.02996792022111 26784.912292224613
183 1541.9124226122376 53.58674407882135 130.51622139877816 179 184.10296547759947 26207.232934247942 0.0 26153.64619016912
90 771.5575032527635 49.52682533295343 133.25041367270762 187 182.77723900566104 26982.058620348114 84.81394679949938 26847.717848215667
48 475.96518706915367 53.62365222931414 142.05775975887983 191 195.681411988194 27301.38013974215 288.1896547782495 26959.56683273458
162 1363.2095967333325 52.06386361744674 133.36581845770044 181 185.42968207514716 26448.192434544857 0.034171269156786366 26396.094399658243
138 1164.7980242253614 56.615320259627374 137.39926803996994 183 194.01458829959728 26661.75401068012 0.0 26605.13869042049
56 534.3805751432683 57.84330418311982 142.3942292440718 191 200.23753342719164 27337.793164841438 242.90996337173578 27037.03989728659
124 1042.228669562795 53.41111844936379 138.60159077231285 185 192.01270922167663 26856.413895372785 0.0 26803.00277692342
150 1244.541088040937 51.39890123059183 137.25376750518683 183 188.6526687357787 26667.536749160583 48.315786089182666 26567.8220618408
57 547.0841366799049 54.09611364126468 145.2593306819844 191 199.35544432324912 27368.939066981213 291.42881983614564 27023.4141335038
181 1538.9096108585832 48.81181704582127 130.6086694930377 181 179.42048653885894 26431.239431637277 0.43375270775959507 26381.9938618837
134 1130.4578166444176 51.449779714055104 136.80696495572022 185 188.25674466977534 26875.024873543996 0.0 26823.575093829942
164 1377.4458134941801 48.529318950016496 135.50678267835923 183 184.03610162837572 26672.069651322767 0.0 26623.540332372744
171 1428.8395746889516 50.51402499038488 135.09933644948697 183 185.61336143987182 26665.960046217228 0.0 26615.446021226835
151 1256.2380092965923 52.585020639365155 139.56346534394171 185 192.14848598330687 26871.67230412327 26.750801730833473 26792.336481753082
176 1497.9322570156723 52.532740456401015 133.99487831488634 183 186.5276187712874 26639.104862125194 0.7486677495464846 26585.823453919245
41 414.5978116153134 53.91379017663299 149.42566345681826 195 203.33945363345123 27724.96804491315 354.23094786891 27316.82330686761
89 762.7428042608828 48.758022594348574 149.12572562956078 191 197.88374822390932 27402.40656226133 96.57639791619101 27257.07214175079
178 1527.8861633229426 51.70128566360063 131.87636858310728 183 183.57765424670794 26638.76703525496 0.07840985425787039 26586.987339737105
46 440.43356299499663 55.57038287908491 147.42586444286124 195 202.99624732194616 27731.683787287686 326.4164640254052 27349.69694038318
29 278.7471454873698 53.626026790020894 145.7017634521332 197 199.3277902421541 27908.686389689952 466.9907058543991 27388.06965704553
32 329.93718904552895 50.33478536587283 148.8521861374152 197 199.18697150328802 27920.60471027308 430.45862343819095 27439.811301469017
34 342.1725326117043 57.19900591249722 145.3626742028218 197 202.56168011531906 27915.20708188326 412.7620168972639 27445.246059073503
87 745.4955655089927 54.75595189072907 144.05429597729704 193 198.8102478680261 27609.87067240774 101.8849294357841 27453.22979108123
43 435.70814865867465 56.1521440080101 150.29226397569582 197 206.4444079837059 27928.423562671756 338.5392787763652 27533.732139887383
64 599.599175656508 51.5628570426313 148.09100340464488 195 199.65386044727617 27773.044181974466 197.26249398030996 27524.21883095154
21 140.26626220130703 52.977078948668776 152.73191049897326 201 205.708989447642 28279.391464085165 574.6969188458436 27651.71746629066
73 640.2841328731827 51.12730532359564 142.41915833827176 195 193.54646366186742 27795.283292262855 158.98209236337163 27585.173894575888
33 339.53222110308064 54.00663033498815 143.23351164337265 199 197.24014197836078 28108.469237023142 418.3205753419538 27636.142031346186
130 1096.6842573556944 51.1347930442689 143.21032518358635 191 194.34511822785527 27456.254927340397 0.02376337237478765 27405.096370923748
88 761.6098360859633 51.15868295858922 146.08917648141917 195 197.24785944000843 27791.94213199937 99.02021315833133 27641.763235882456
161 1358.3248334610469 52.089319172374196 144.09783474183763 189 196.18715391421188 27261.98004852815 0.6618386366412778 27209.22889071913
93 823.9066027998482 53.88880569463275 146.18593374374495 195 200.07473943837772 27800.14449122505 51.70099867080148 27694.554686859618
115 982.7906046371186 50.73499617082739 140.9939373044156 193 191.72893347524297 27642.848996139797 0.0 27592.11399996897
95 840.4144237724113 56.6178607563836 147.195055461701 195 203.81291621808455 27795.88248288904 50.580470597432054 27688.684151535213
99 868.9908785455601 53.19569096542633 148.17729349159887 195 201.3729844570252 27794.4739924557 45.1292942295795 27696.149007260687
120 1018.4079375241873 54.367090820986675 147.0723899961294 193 201.43948081711608 27648.712557085924 0.5203509741119206 27593.825115290827
106 883.6568594702209 50.14989093289437 141.09483255201573 195 191.24472348491014 27812.410048435166 42.10430490500164 27720.15585259726
6 32.79483951429156 52.413889204542414 153.62043576188654 207 206.03432496642893 28672.842870020693 757.3368568013597 27863.092124014795
109 926.5793437621857 54.89445912977589 145.1199869352399 195 200.01444606501582 27801.289478344985 22.860791907156795 27723.534227308035
167 1397.6365318166252 50.09841365782282 143.07535533010278 191 193.1737689879256 27419.388553492976 0.0 27369.290139835153
148 1229.0128511287896 53.26965895096157 142.48936008870783 193 195.7590190396694 27636.443481142047 0.41358291857136464 27582.760239272502
16 92.60138529904603 59.041293753805995 154.78066438277855 207 213.82195813658456 28802.802057836983 626.925266175695 28116.835497907472
19 127.57782457051522 54.623970435275474 155.3409547874809 207 209.9649252227564 28797.008717992307 584.3158609331776 28158.068886623852
185 1561.5522317114944 49.718226309364084 145.19769395545566 191 194.9159202648197 27369.074355235218 0.0 27319.356128925858
31 295.9836280105427 55.75100478360949 154.538485234893 205 210.28949001850248 28637.422055269624 442.48591952963244 28139.185130956383
137 1143.7392496022908 55.63356915030439 142.23741481530328 195 197.87098396560765 27813.41215990685 0.6246500836580253 27757.153940672895
3 8.44493472798099 57.30078481729682 156.005206449314 211 213.3059912666108 28955.874173145676 688.1915226028467 28210.38186572553
202 1813.5129070380915 55.52090230137307 144.46155525769663 191 199.98245755906967 27258.68168332889 0.0 27203.160781027527
66 606.2136125354679 58.974159838201835 153.58249536560768 203 212.55665520380953 28470.2087376077 187.53353787376238 28223.701039895735
35 347.85318646948474 57.81702921602199 156.79914632457104 207 214.61617554059308 28795.603979851705 415.4204711553903 28322.366479480297
141 1193.7794524774622 51.43321212324091 144.31625054660296 197 195.74946266984387 27961.205847302208 0.0 27909.772635178968
53 525.9804004794887 55.65313793099412 146.47540163314824 205 202.1285395641424 28636.146569873934 255.24330744627298 28325.25012449666
125 1047.0315489259765 50.74658835767581 145.31755953396444 199 196.06414789164023 28143.565363466925 0.13827805212508792 28092.680497057114
107 903.6210771657175 57.053522461221675 148.4884661765549 201 205.54198863777657 28295.70161848839 83.24526637758424 28155.4028296496
85 730.8424362986572 60.935611829214345 157.02821769511675 203 217.96382952433106 28471.038331740292 120.43356519954727 28289.669154711533
127 1082.7231279272123 57.27590357009673 145.42328578360872 199 202.6991893537054 28129.243625529492 1.3203012426245095 28070.647420716763
0 1.0262382132357182 57.6279559296366 158.55401858022665 217 216.18197450986327 29262.79001684752 678.2731340758525 28526.888926842024
70 634.5813408091842 56.55781102403783 147.23392264174416 205 203.79173366578203 28630.230307369024 166.80490105211516 28406.86759529287
49 487.90222911637267 57.38744528373519 155.07670273825238 207 212.46414802198757 28785.008513866174 284.07013413807994 28443.550934444364
72 639.9070720431893 55.19488133385514 152.5673182672493 205 207.76219960110444 28635.373370146757 159.28512942295924 28420.89335938994
194 1698.7697074267903 49.09280051991713 145.59181814227532 195 194.68461866219243 27634.94532251528 0.0 27585.852521995363
116 989.5558983773519 53.739553334358185 150.76987488878044 203 204.5094282231386 28432.919468424072 0.12275228676458028 28379.05716280296
118 1001.3456676089647 57.653423325638165 152.118539543193 203 209.77196286883122 28430.662583988178 0.5833556539871552 28372.42580500855
77 685.0522274844243 60.06488737784426 153.97053191994968 207 214.03541929779394 28754.348494552578 137.95544988382971 28556.328157290915
145 1209.038075652488 52.44408660374389 148.79431767314753 201 201.23840427689146 28250.272260857564 0.36586037816891803 28197.462313875647
177 1498.4734908614191 55.861084708979064 144.566673549824 199 200.42775825880304 27992.49968764066 0.6922121586599133 27935.946390773013
44 439.17581223260237 57.46092441391518 159.79039364580268 211 217.25131805971785 29066.156906411034 331.75911369197075 28676.93686830515
179 1532.771966364461 54.4966461691339 145.79985949715388 199 200.2965056662878 27976.209051319245 0.841499909575532 27920.87090524054
69 624.7278734744681 56.14999230676898 155.40049480706512 209 211.5504871138341 28916.200284054587 165.3148712410258 28694.73542050677
94 835.134110433193 55.490139900756944 149.39982516846325 207 204.88996506922015 28723.595978609475 53.39389625212334 28614.711942456604
188 1613.1976673040979 53.510444485692396 147.48381733655424 199 200.99426182224664 27947.12991684985 0.0 27893.61947236417
75 670.6439423440676 55.49381141527951 156.45895809091712 209 211.9527695061966 28897.776720826954 140.94692170223652 28701.33598770944
168 1411.9425685874387 53.5761748886216 151.71019336805932 201 205.28636825668093 28167.41667433748 0.0 28113.840499448866
78 696.1959720889611 60.84080676377833 157.74529943918446 209 218.5861062029628 28892.597572449908 126.80331646797606 28704.953449218152
144 1207.0586069000979 57.57175758226816 151.85247603048882 203 209.42423361275695 28383.021839522546 0.0 28325.45008194026
154 1287.2859157236492 58.30609247647193 151.02414834529452 203 209.33024082176638 28340.759080689073 0.0 28282.452988212593
45 440.35741926426545 60.14152156274065 162.62226568888676 213 222.7637872516274 29193.169658879655 329.1574811573902 28803.870656159514
156 1318.9913852768013 56.41522725238625 153.4580492306208 203 209.87327648300703 28327.93663065816 0.0 28271.52140340578
91 777.4398702258155 55.91027255072919 155.3626587673675 209 211.2729313180967 28875.018132396413 76.12905123149255 28742.978808614196
158 1329.8681205000669 52.505132964856024 155.42073593998919 203 207.92586890484523 28330.328287907574 0.0 28277.823154942715
22 173.91266506919624 61.10139986921655 158.2610963730328 217 219.36249624224936 29510.078463005873 576.5664637255985 28872.41059941105
24 210.38168320723884 64.74110650022477 164.9100534120888 217 229.65115991231357 29486.09655555531 543.7505824218479 28877.60486663323
190 1660.1123149521331 53.806093007993304 149.34077723810907 201 203.14687024610234 28040.726129571878 0.01565846619587319 27986.90437809769
101 878.6850635773216 58.08588937208864 157.25010558324445 209 215.3359949553331 28836.389317446636 41.795437421096494 28736.507990653452
80 702.9263314351659 64.13293591821221 151.70100499616422 211 215.8339409143764 29013.72417459552 121.84426127983465 28827.746977397474
149 1236.1972731220724 53.0508779739434 151.86485544838095 205 204.91573342232437 28493.069768847847 0.0 28440.018890873907
129 1092.2955312427307 60.28637332185603 149.98322000698514 207 210.26959332884115 28656.030333743314 0.06758867037456184 28595.676371751066
132 1108.8604403322197 56.822920578216596 152.60980568753837 207 209.432726265755 28649.693389553962 0.0 28592.87046897575
204 1842.831874900382 52.448025292010286 150.37482423539075 201 202.82284952740105 27925.783426763177 0.15632586849960717 27873.179075602682
208 1852.5888152916405 55.615510625744385 148.0090643013831 201 203.62457492712747 27921.58192032091 0.0 27865.966409695175
209 1857.1607747263693 59.06397705509844 151.56113153028573 201 210.62510858538417 27920.329430082307 0.0 27861.265453027194
113 974.65385185688 59.87239549114951 153.75447380236838 209 213.62686929351787 28808.234062339867 0.0 28748.36166684872
186 1588.788552706733 57.68631324197579 150.05693945937637 203 207.7432527013521 28196.918763419446 0.0 28139.23245017745
25 221.05594638348768 61.84895276898329 164.14843171388043 219 225.9973844828637 29583.39799856864 530.1384547962791 28991.41059100338
173 1458.5309744839951 54.720093618378414 150.89026459547497 205 205.61035821385337 28368.69114094785 0.0 28313.97104732947
198 1726.4939145593091 59.5526857499815 153.43361870353817 203 212.98630445351967 28101.89131830943 0.0 28042.33863255946
206 1848.118953695904 57.21634041737589 150.09747321030937 203 207.3138136276853 28014.4868966514 0.200287452486009 27957.07026878153
96 850.2933839612218 60.99406477486209 155.40301941180766 213 216.39708418666976 29035.96836667268 46.94208255076785 28928.032219347057
61 577.258295771007 53.94115622813944 163.93169672139584 217 217.8728529495353 29347.05095783093 212.7001223199468 29080.40967928283
86 742.7474788871232 58.825489995119064 158.50088355118007 215 217.32637354629918 29182.986399005375 104.08350423449917 29020.077404775762
110 933.8976628046258 59.956752295757525 152.70971426283907 213 212.66646655859657 28996.5521441836 19.59032578699771 28917.005066100828
182 1540.6516213475238 50.1012274473545 159.17089912997272 207 209.27212657732719 28395.82963464493 0.0 28345.72840719758
18 117.30381236285031 59.497099488469864 169.13937830249697 223 228.63647779096684 29825.950212565553 598.8978901157418 29167.555222961335
207 1851.3955010356465 58.61669640871564 151.45318242889158 205 210.06987883760723 28094.641984548023 0.0 28036.025288139313
136 1143.4328830194825 55.792128547867 154.00763234117494 211 209.79976088904192 28810.86329813236 0.02866525363765504 28755.042504330857
36 359.5792412259454 61.949656312330816 163.7538018649865 221 225.70345817731732 29608.440143476837 402.0391248771675 29144.45136228734
122 1037.0097195160297 59.238150846438685 159.50662859299734 213 218.7447794394361 28947.037538532706 0.31471147577030933 28887.4846762105
147 1223.626020202589 58.96613149401755 159.70863738316444 211 218.67476887718192 28766.063715069333 0.0 28707.09758357533
189 1637.9671856740883 60.05289994603193 156.80952321100096 209 216.8624231570329 28396.354414483012 0.0 28336.301514536975
191 1674.7641939448843 57.3226164756735 157.7224902253597 209 215.04510670103323 28366.367368205927 0.0 28309.044751730264
54 529.5724443862488 62.59869558764361 158.54992652618284 221 221.14862211382646 29514.487992017162 249.62590906193645 29202.263387367584
79 698.1807679032231 62.60389723066328 165.8340324610712 219 228.43792969173444 29349.711645587995 125.32563867519389 29161.78210968214
131 1107.0862971832878 52.433552809454724 156.28180412856153 215 208.71535693801627 28962.571196387802 0.5851707993035689 28909.55247277904
160 1337.5749768604119 62.59424217403083 162.2062245689964 213 224.80046674302721 28743.285027643204 0.2610938136508594 28680.429691655518
92 798.0276352099928 60.39304093738289 168.3802828814395 219 228.77332381882246 29284.72408195543 54.24006337980211 29170.09097763825
119 1010.6122301381171 61.03731312379763 159.73756721016642 217 220.77488033396406 29086.569282583994 0.0 29025.53196946019
121 1027.6077887110384 60.1606300977254 164.1125789859799 217 224.27320908370535 29077.39916157298 0.3200891341386978 29016.918442341113
103 880.3097728566032 60.70508710622657 161.47188668011958 219 222.17697378634614 29225.182920261945 41.56799976028287 29122.90983339544
104 882.2633599589769 61.42562579846703 161.08844256177267 219 222.51406836023972 29226.640079727942 41.8867864275328 29123.327667501922
83 712.9218132282133 61.84758604561346 166.73160848288336 221 228.57919452849677 29402.125109498706 185.5267621923141 29154.750761260766
114 980.2099876320017 63.410669207691996 168.94918867899366 219 232.35985788668563 29161.656056963307 0.0 29098.245387755604
169 1415.09123073695 62.42953240135373 157.75299399951052 215 220.18252640086425 28737.011668074058 0.0 28674.582135672696
180 1538.4599602720803 61.94221485756649 161.709122179848 215 223.65133703741446 28635.57842264154 0.31811358656773336 28573.318094197413
205 1844.0716903035586 57.88966865565802 153.78906002598342 213 211.67872868164142 28336.385262018062 0.45024068814063867 28278.045352674257
71 634.6531850261825 63.10005879877691 167.89327580501947 225 230.99333460379637 29548.900767009003 166.22952489436068 29319.571183315864
140 1169.704692716781 57.89845092002039 161.2306728679016 219 219.129123787922 29023.215848059648 0.5663060791632688 28964.751091060476
55 531.3136727665488 59.59338987405854 172.73587350851247 227 232.329263382571 29667.266560004577 246.75059053165273 29360.92257959886
199 1734.95240736782 65.55899386416128 160.08049790660286 215 225.63949177076412 28469.736289018267 13.377995810606535 28390.799299343507
152 1265.5034388463894 59.96924181585594 162.0832235172288 219 222.05246533308474 28941.792511639604 8.580221303119743 28873.243048520646
128 1085.2164338866362 58.49621012268439 164.74738378867025 221 223.2435939113546 29127.96486630167 0.0 29069.468656178982
42 430.8843075370587 63.09769655710466 169.60634101886262 229 232.7040375759673 29783.28175160141 343.57511287301156 29376.6089421713
135 1141.5604423646732 58.88858213224382 169.23834360254872 221 228.12692573479256 29083.764531172586 0.0 29024.875949040343
142 1194.451864279719 61.61048581608654 162.3018438066415 221 223.91232962272807 29039.98528615606 0.8867826739151496 28977.488017666066
82 707.7049860864421 61.47932741452283 165.0757362773829 227 226.55506369190573 29533.83997040956 117.92418783277742 29354.436455162257
155 1306.283031132755 59.849093280783514 161.67782658738196 221 221.52691986816546 28943.445116911735 0.0 28883.596023630947
203 1836.0393722046476 58.96325885155999 155.90397152775085 217 214.8672303793108 28418.374719929314 0.0 28359.411461077736
184 1545.1133798716842 62.995357445289464 166.41410560340557 221 229.40946304869505 28731.544061668705 0.0 28668.54870422342
68 624.0377201590393 69.14998777772696 174.2229613272641 231 243.37294910499102 29656.903755089566 166.42749152290355 29421.32627578893
117 1000.3394233291577 69.11355774220688 169.33929888956683 227 238.45285663177376 29287.129866193314 0.12855908205995092 29217.887749369034
84 723.8346049876028 65.7398125361332 169.47614541288885 231 235.21595794902203 29570.115977278558 135.96213266142183 29368.414032080997
28 253.60516678941514 63.908256672662304 177.90977368770757 237 241.8180303603699 30041.549963143883 502.8958809999554 29474.745825471262
175 1497.4349598206281 61.12993647103748 166.4113571987572 223 227.5412936697947 28798.70284248808 0.09615041149299941 28737.47675560555
157 1320.618830168114 65.17299677496617 170.5132156564419 225 235.68621243140808 28979.615852446517 0.0 28914.442855671547
139 1166.745767564406 67.76652258205026 167.7593165241002 227 235.52583910615044 29138.077878949884 0.5535027254752549 29069.757853642364
153 1272.8914471670969 60.10730267176705 169.81260744426868 227 229.91991011603574 29040.66032684918 1.237707358594207 28979.31531681881
133 1113.5839927694076 62.140128802683485 166.08290958788461 229 228.2230383905681 29201.85312728127 0.0 29139.712998478564
165 1382.210129477054 67.52261363669922 173.4065448184604 227 240.9291584551596 28936.78442078553 0.12224756088767208 28869.139559587937
50 489.3484857010501 60.10245801433868 177.02259488634527 239 237.1250529006839 29835.90174884661 281.79419311412437 29494.005097718156
170 1418.2557987536984 63.9041821625927 173.05374983367776 233 236.95793199627042 28921.72751867347 0.008189875758489507 28857.815146635126
146 1222.3368811682706 62.818421155014335 170.42135509473786 237 233.23977624975217 29123.19504529047 0.0 29060.376624135464
187 1605.0857100549447 66.54939422584856 169.44530963356863 235 235.9947038594172 28743.7278132005 0.11487337233279504 28677.06354560232
195 1702.2976389287858 63.99641579354606 183.1442025981186 241 247.14061839166465 28655.79347494086 0.4613888055946518 28591.335670341723
