# Cpu scheduler: fcfs
# Quantum: None
pid arrival_time cpu_bursts_time io_bursts_time nbursts bursts_time tat ready_wait_time io_wait_time
1 25.774840925043392 59.0551538876513 41.03856152038364 7 100.09371540803495 268.77778798054425 167.2335288232639 42.48910526962908
3 30.92557655778824 58.42537648120095 40.28435503039992 7 98.70973151160086 283.1363635938287 172.1747166658026 52.53627044682514
7 38.20709294545635 105.64030944583455 69.9753065640751 11 175.61561600990964 494.36467050696274 216.63081892333895 172.09354213778917
5 36.145525376112374 116.29470409170065 88.9175397579833 13 205.21224384968397 570.9133884536419 205.92631097240718 248.69237338953405
4 33.90923241071327 137.90323411952852 128.96342871727842 17 266.86666283680694 751.477646338357 195.05160262960814 418.5228095892202
65 677.2785855937753 39.94568411719099 102.36903660915468 141 142.31472072634568 10400.67095105019 23.758810802715402 10336.966456130282
0 25.774840925043392 48.24489336545295 124.82356577013378 167 173.0684591355867 11709.093110793314 309.37602139965264 11351.472196028206
100 931.5327550732101 39.917823954652036 111.16905642172831 149 151.08688037638035 11089.502505248656 0.31951897530257156 11049.265162318703
17 136.93297132465793 48.06745017203938 118.90276259812238 169 166.97021277016177 12176.601109847546 231.59619664327332 11896.93746303223
86 838.6117538251867 48.409858416962855 119.99871025736341 157 168.40856867432626 11643.289621668158 0.12497030960969369 11594.754792941587
23 211.1768207425455 44.329798681793505 129.13745394655277 171 173.46725262834622 12353.793274948923 164.4970121998748 12144.966464067254
40 402.1253294424535 43.24863536161503 125.49070663736968 167 168.7393419989847 12170.191258811969 41.791847602678274 12085.150775847678
83 831.1137192990491 43.459652376296624 118.94607225804876 159 162.40572463434535 11781.647584905571 0.5807010672157276 11737.607231462061
25 267.63361178683704 48.22162571232206 131.1432241612718 171 179.36484987359387 12381.653237609109 106.72090640202964 12226.710705494761
22 207.30153461284073 49.64936575915188 133.08599480911238 173 182.73536056826424 12497.442401233417 178.34917774837095 12269.443857725892
92 905.9075975599003 43.38180205376125 116.76252245253553 161 160.14432450629678 11933.661644780033 0.0 11890.27984272627
20 180.10797365915573 47.954315324438895 128.87670722184464 177 176.83102254628355 12743.18932050751 168.3982635603738 12526.8367416227
99 929.3483010027578 45.83130424168395 118.53630630537388 163 164.36761054705784 12074.832436136383 0.1346532566692531 12028.866478638029
79 784.8157697562781 45.5084776205438 129.69419255535635 167 175.20267017590015 12314.53180908251 6.2693135609583805 12262.754017900994
84 835.0805235279502 46.27499450140718 123.53451547759931 167 169.80950997900652 12322.984718352753 0.0 12276.709723851345
56 579.7558700838625 49.08973073161761 127.52856367780103 173 176.61829440941864 12653.866286423938 23.643965377703694 12581.13259031461
10 71.03633926633438 55.30894677132318 134.7292829237605 185 190.03822969508366 13216.217612550117 271.3345341593677 12889.574131619427
42 405.55882833193255 49.03835961377853 135.02931540832205 179 184.0676750221006 12976.834534482734 62.49067184605872 12865.305503022892
15 126.6454079606273 48.07542305964103 138.76676886520383 185 186.84219192484483 13259.441905035923 246.2583104751965 12965.108171501086
8 55.39089011146092 50.815471199230046 143.89403740243802 187 194.7095086016681 13350.645176388147 285.518460385698 13014.311244803224
24 215.73653354408796 53.722534179990305 142.76411869510582 185 196.48665287509615 13301.335821771827 164.44544250107216 13083.167845090762
94 908.7802825854847 47.179170163281064 131.78954751836503 175 178.968717681646 12826.899107020454 0.17626215172219872 12779.543674705457
68 698.184069115079 49.07957832360962 135.23674840563766 179 184.31632672924724 13044.784012932567 3.7785607316420737 12991.925873877317
49 504.2625312706602 45.69667891610891 137.14260616836938 183 182.83928508447826 13244.504694131183 12.622946444151978 13186.185068770923
16 127.45625840938513 56.43440735410751 141.4077417709765 191 197.84214912508398 13626.010565444176 236.8998788453092 13332.676279244755
52 536.5193823958766 51.04438343131589 138.39146129082312 183 189.43584472213905 13242.016510800993 5.859808537569052 13185.112318832109
37 358.87581634996013 54.10539031995485 139.79716630995642 187 193.90255662991126 13444.177542281257 36.56311112528704 13353.509040836014
54 567.1312033596074 50.18085375647532 139.07591473437975 183 189.25676849085505 13244.453203401601 0.0 13194.272349645127
61 664.3060935368128 48.09536371654272 132.90402991575948 181 180.9993936323022 13152.951185975806 0.0 13104.855822259266
46 464.6983984418411 51.642773512961355 136.06480556166795 185 187.7075790746293 13363.100284429827 50.82547863100365 13260.632032285863
87 839.2358008260918 53.85156615370959 131.75219126744196 179 185.60375742115156 13052.493670052363 0.6079046944963693 12998.034199204161
95 914.0103129304276 54.30737382220927 133.32002817450885 181 187.6274019967181 13153.238179224585 0.0 13098.930805402373
2 27.129908638705395 54.74148101004382 151.01818167787619 201 205.75966268791998 14053.319418792067 315.96238290571716 13682.615554876305
9 67.84430436878088 54.05322254709705 149.84206011277004 199 203.89528265986706 14030.637002660456 278.2305316016316 13698.353248511725
60 662.8813953071252 54.47675410847643 140.62379924197376 187 195.10055335045018 13470.049211707075 0.0 13415.572457598604
78 782.9808843201646 49.669599194210214 138.87417183012667 185 188.54377102433685 13369.626411934742 6.1237907558158895 13313.833021984721
98 921.8987079578151 53.47549866172622 145.72498232929678 183 199.20048099102297 13254.339528297309 0.0 13200.864029635584
38 367.83148577360157 52.192152280686855 146.5803578463982 195 198.77251012708504 13876.587937348699 74.59042152980311 13749.805363538211
45 448.74094495508666 55.778690976672785 143.59738598682694 195 199.3760769634997 13866.014145434141 6.435964373057914 13803.799490084408
89 878.4978408792239 51.096666477946854 139.6722083881302 187 190.76887486607703 13451.061355933103 0.19241858296186365 13399.772270872198
91 886.1367563902782 53.062857048948096 138.54672703430313 187 191.60958408325126 13450.705714585833 0.8451184745747469 13396.797739062315
57 615.9948898231369 52.29858052288767 141.40955684230062 193 193.7081373651883 13752.448153328605 0.38681950037153 13699.762753305353
31 323.5527293094154 57.737176321521524 149.18620678102016 199 206.92338310254166 14052.164482615744 90.04096332474273 13904.386342969474
34 333.4818491109025 53.00089831365826 147.0237033637062 199 200.0246016773645 14058.247209920504 66.88827550601957 13938.358036100826
64 674.0594827847048 53.23016552980763 146.92946594233905 193 200.15963147214669 13743.72708094497 28.67787842886446 13661.819036986304
39 387.38583154970775 51.96460093751662 145.47240326465894 199 197.43700420217556 14055.754694513373 68.71234069185124 13935.077752884004
21 186.25523409707384 57.31222324028724 150.52368495409362 205 207.83590819438086 14316.715614829494 211.011440135487 14048.391951453723
55 573.8130211332706 56.00895111735129 149.2427339052664 197 205.25168502261766 13935.581592290344 33.29024032438372 13846.282400848613
6 37.79765370491737 55.81152105618344 154.57146660168488 209 210.38298765786834 14483.168620575616 320.4296494330913 14106.927450086338
43 416.6028763896827 56.178025478325765 150.13277621621137 201 206.31080169453713 14120.610678849138 39.492344325106444 14024.940309045704
30 316.61510595133547 60.36137440097569 156.22382441677138 205 216.5851988177471 14293.770064175584 108.94284097406046 14124.465848800552
19 143.76129592616437 57.9632915608877 152.6724955430562 209 210.63578710394387 14478.545027015107 207.87553465698443 14212.706200797238
11 71.27796569827825 57.98671808871371 159.6808883261152 211 217.66760641482887 14560.68453612509 263.7756181161111 14238.922199920265
12 75.48070080182337 57.82926753126093 155.83205716474603 211 213.66132469600697 14559.603820385606 252.77708569428032 14248.997467160065
35 336.9688796604782 58.37075546452719 152.13747278565134 205 210.50822825017858 14306.710017796768 60.52871832932641 14187.810544002912
76 761.1967874844421 52.021827483422385 148.47792585368987 197 200.49975333711222 13895.212341168712 0.0 13843.190513685287
67 685.2433650253436 53.801309012672505 147.3410094073826 199 201.14231842005503 13983.87392567526 15.053959766809726 13915.018656895774
69 706.7452001917275 53.53114486906635 145.8487735591274 199 199.37991842819378 13978.148085211033 0.7179042846460106 13923.899036057326
85 836.3522281163763 53.01659830249585 150.2825942706844 197 203.29919257318022 13860.676844122834 0.0 13807.660245820336
14 79.00201076826518 62.52469566073057 157.83041516494717 213 220.35511082567774 14630.778011064862 244.34236997778515 14323.910945426342
44 446.42365588196117 54.345836701115566 156.73715185926739 205 211.08298856038294 14266.942348722045 8.311584628925345 14204.284927392004
59 661.2456670116385 57.32555972586417 150.19807800714545 203 207.52363773300965 14117.220714484713 0.0 14059.895154758859
50 527.9558645505721 61.07634894608512 151.64638222247322 207 212.7227311685583 14283.075666562865 9.263373218348647 14212.735944398437
18 140.0674368738442 63.40238801624888 161.25811066727275 215 224.66049868352164 14672.701306547646 220.1501279169082 14389.148790614494
47 472.7170401331943 58.894133326366585 159.36010025315105 209 218.25423357951763 14375.790404879237 35.1123710588584 14281.783900494012
27 296.4033331234733 56.33414330140171 160.6399644392877 213 216.97410774068942 14556.083313121391 131.4755308152284 14368.273639004758
71 727.2856835934363 58.572906612907836 160.10801343084538 205 218.6809200437532 14144.830753887902 0.267492209829129 14085.99035506517
58 635.7041440823533 53.59456932909537 150.62241390795353 207 204.21698323704885 14237.570739977518 0.6205624125979057 14183.35560823583
66 682.3815165940151 54.10327356287276 152.27033679494915 207 206.37361035782192 14218.644353000545 19.474581080091525 14145.066498357579
41 402.1418612110563 64.27899073864826 160.2372352158006 213 224.51622595444886 14511.716779461709 39.906590411860634 14407.531198311199
101 941.2561510872741 60.799997713933344 147.56105111237574 203 208.3610488263091 13977.844478625486 0.0 13917.044480911554
74 736.8818724690123 53.351287426771414 151.29775139053865 207 204.64903881731004 14192.446022327555 0.32514086411583776 14138.769594036668
33 331.7654823220014 65.11623943467738 160.1762863546205 217 225.29252578929788 14634.880254399162 72.13084143448623 14497.633173529997
72 731.1124642751025 63.51968629568818 153.0557589958471 209 216.5754452915353 14237.436772485225 0.45648487848916375 14173.460601311055
73 735.1906145498182 62.22273843017126 157.86227552774253 209 220.0850139579138 14235.120698650251 0.0 14172.897960220078
103 995.7543406461807 53.699768643572384 144.5825901551595 205 198.28235879873185 13984.610329537392 0.17608024319179094 13930.734480650632
63 666.8513491851654 64.7203862296965 161.45343374159685 211 226.17381997129334 14316.080781173965 0.09672130295939496 14251.263673641308
90 886.1123687036686 60.41712804771277 158.21761085827657 207 218.63473890598937 14102.068951770969 0.0 14041.651823723249
53 559.8762142546941 59.323102855244976 164.6522298994621 217 223.97533275470707 14488.900822214217 0.0 14429.577719358971
77 782.5476482768495 59.681145114746 154.80542577031764 213 214.48657088506366 14273.516554495847 5.841907131115931 14207.993502249985
93 907.5607803495895 54.26703169445993 155.79970346461994 213 210.0667351590799 14185.070980056613 0.0 14130.803948362152
13 76.84498735093504 64.0988407439187 175.0707610856954 231 239.16960182961412 15032.248194153062 249.42860478210196 14718.720748627045
102 980.263099200277 59.472667910728816 161.73699481058588 213 221.2096627213147 14130.50229854108 0.0 14071.029630630353
96 915.1355344571332 57.333583727573995 158.81484560913222 217 216.14842933670622 14236.58947524317 0.0 14179.255891515595
51 534.3586830328263 63.4821051652232 168.52442075784927 227 232.0065259230725 14648.677519935536 5.453327828834517 14579.74208694147
36 352.58557646723614 65.1180829093952 166.89811126095043 231 232.0161941703456 14834.115582616421 43.70487664155792 14725.29262306547
82 813.5246122385622 60.90848484602941 169.59961005686984 223 230.5080949028993 14391.341205550334 0.6885176584759165 14329.744203045819
88 849.4710761795742 58.32411502125831 169.59770345381014 225 227.92181847506845 14378.433927709617 0.0 14320.109812688364
28 305.91946547357577 62.732173886625546 177.287200854164 237 240.0193747407896 14932.082139234506 102.90416040370894 14766.445804944175
29 309.73810658521626 64.9337873820771 180.0669028565066 239 245.0006902385837 14944.020839001823 96.1609339618995 14782.92611765785
32 327.5291811443846 68.13951643120168 179.73844514338103 239 247.87796157458268 14932.032078768803 81.15862525691523 14782.733937080691
26 294.87989278735927 65.06883033424013 184.6776070946306 243 249.7464374288707 14983.353992733728 122.76575484844466 14795.519407551044
75 750.536876065762 66.46999703289467 175.52411770669784 235 241.99411473959253 14536.033581366806 0.1822126557339061 14469.381371678175
48 476.4683182294537 70.53317377863792 180.64480912261496 241 251.17798290125285 14815.494002677176 30.583890450817137 14714.376938447724
97 916.2983246715232 66.26770928373368 175.87885062943732 233 242.146559913171 14379.000876997527 0.0 14312.733167713788
70 715.1005434460172 62.54227281866874 175.01881858151344 237 237.56109140018216 14582.270429616741 0.0 14519.728156798072
104 1008.3385291222959 64.496662648392 175.83869183749903 237 240.33535448589106 14304.709503288792 0.13940987714147468 14240.07343076327
62 666.1571130625604 70.2516941838866 184.71623976016517 255 254.96793394405177 14671.354654282199 0.0 14601.102960098315
81 805.645592751375 72.20989867660626 185.7873030765698 255 257.99720175317606 14538.737475204714 0.0 14466.527576528111
80 788.7594769414433 71.85842155206286 204.2760002962745 267 276.13442184833735 14566.743834000417 3.6282240236670305 14491.257188424692
