# Cpu scheduler: fcfs
# Quantum: None
pid arrival_time cpu_bursts_time io_bursts_time nbursts bursts_time tat ready_wait_time io_wait_time
10 49.295072812829765 57.92838097630744 41.79070776624757 7 99.71908874255502 308.33157165115523 145.91123144191025 104.49195923293755
1 13.177659902870468 88.64384637663376 78.89903566855348 11 167.54288204518724 382.18887430394483 132.47338806437534 161.0716398629357
11 52.82775728987 73.20007808055287 64.37087972146792 9 137.57095780202079 423.99522255195194 146.41030838027953 204.3848360911196
8 45.348779449722464 97.89235247506676 76.37181753178143 11 174.2641700068482 483.4356115637308 122.60351606172054 262.9397430269436
9 47.17698692228634 100.54292176938938 71.63314744071806 13 172.17606921010744 592.1476968066122 144.88101541044122 346.72375962678154
48 374.47997920177073 44.140660454327396 112.8170682583569 157 156.9577287126843 11524.696091723832 26.078111015677223 11454.47732025383
56 497.46341896592287 42.96738563276699 117.48799008675786 163 160.45537571952485 12018.786657377497 0.07054843496598551 11975.748723309765
58 513.6620949985123 46.41800563147001 118.48497032829358 163 164.90297595976358 12010.891882199297 17.000921367176034 11947.472955200652
13 71.83107957288499 41.81455384915387 124.66878102735602 173 166.48333487650984 12569.251565819628 178.44659932879856 12348.990412641677
4 18.470006818609495 48.62398339331218 139.40614583242822 181 188.03012922574038 12974.831137395468 245.08808166654785 12681.119072335607
30 214.82360313982105 52.74552744563732 125.1648595466552 175 177.91038699229247 12802.93045948753 98.68040486156951 12651.504527180321
59 519.7542989156013 46.18021983314287 125.25601828428267 171 171.43623811742557 12601.842704377257 13.262454215737648 12542.400030328372
40 311.12742987667525 50.30543532202569 129.55981422558278 175 179.86524954760847 12835.519257028487 58.99865271861938 12726.215168987843
19 133.0461293488626 49.878112327120114 133.38437858985912 179 183.26249091697923 13041.313504163412 149.57740481439978 12841.857987021895
44 349.1166869192578 50.11598494852163 129.4948959003567 175 179.6108808488783 12844.128838713557 37.42673540898039 12756.586118356057
3 17.81488178134526 50.26449890399741 140.51918766750688 187 190.7836865715043 13363.657088659887 224.0658603807326 13089.326729375158
27 178.93103025035444 48.14553016261634 135.20414763509365 183 183.34967779771 13336.769486158539 120.13169562293302 13168.49226037299
12 53.91688250012521 52.656736913350755 146.44516635950257 191 199.1019032728533 13780.742395171459 217.209234864027 13510.876423394078
22 143.02073092833064 55.11416933417217 145.98068072844134 189 201.09485006261355 13735.08325765587 143.0801794599786 13536.888908861716
55 481.7170822131704 49.69266996784121 136.87871979022006 183 186.5713897580613 13401.180099943533 5.034091147525601 13346.453338828165
15 85.39888152926683 51.55824981814969 145.74963613005642 191 197.30788594820606 13830.443279294903 186.78146504750185 13592.103564429251
41 334.3238088315049 56.57651132196399 138.15330588779403 187 194.729817209758 13627.702786984566 39.72805164195 13531.39822402065
54 465.6223899780574 51.55860427186438 144.05743785210126 185 195.6160421239656 13514.286719944213 14.25590872091908 13448.472206951428
2 14.473436488522585 57.2646432712551 146.83264351479258 197 204.09728678604768 13997.381348666071 215.8149609201934 13724.301744474624
94 830.0796582690923 50.07444753868951 137.2634762530291 179 187.33792379171862 13223.357231008486 0.0 13173.282783469793
52 403.65502725656324 50.3052641968302 140.73290627227178 189 191.038170469102 13770.523659769386 34.45055847576879 13685.767837096784
87 770.5802843411262 47.07344231076796 135.96882604329355 185 183.04226835406152 13594.039807125348 0.31220414807114594 13546.65416066651
0 13.177659902870468 51.969951418562 152.52010225080085 205 204.49005366936285 14371.615318949021 206.8858437770144 14112.759523753446
50 382.79319964693 50.15771929794021 143.0539677857671 193 193.2116870837073 14019.268481633058 21.919468161901932 13947.191294173208
83 747.6249428470405 48.472658902233164 138.15468348061123 187 186.62734238284435 13707.697243474979 0.8741732368325756 13658.350411335918
34 279.48547221597244 53.91758621109339 147.04257328600937 197 200.96015949710275 14236.8956324459 43.821259917900534 14139.156786316904
5 20.098426061768368 57.48620256932242 152.20358364611022 205 209.68978621543272 14527.82517212784 236.56182621260263 14233.777143345913
97 851.7457000252155 49.49739705383426 139.6526951959938 187 189.1500922498281 13706.373366766027 0.5028965552399995 13656.373073156958
6 27.76836639698297 52.55665602058645 157.00250287688166 205 209.5591588974681 14532.985506229761 227.71024334309755 14252.718606866083
98 859.110598279485 49.059642629017624 138.4770366007963 187 187.5366792298139 13707.575166128508 0.8520468059690529 13657.663476693522
29 210.29564418472762 50.39717021924761 147.40076185137474 199 197.79793207062238 14358.635117008482 106.15128647183536 14202.0866603174
74 672.3209964695645 55.06023435173873 143.7082550042402 191 198.76848935597891 13940.125336634263 0.0 13885.06510228252
47 365.1833328639349 51.51327102455335 144.32614880009834 197 195.8394198246517 14249.790427014817 19.467020851654468 14178.81013513861
76 686.5975027621314 53.31108970907134 144.266422424498 191 197.57751213356937 13938.53123095005 0.0 13885.220141240983
14 78.68943013864428 51.79402388219458 153.82101995433248 203 205.6150438365271 14547.725156237797 169.19392408895874 14326.737208266648
64 592.0239007499534 56.04694691280781 139.32404570226174 193 195.3709926150696 14037.998536729465 0.0 13981.951589816657
25 161.37039248601707 56.16987783740958 145.0241973855401 201 201.19407522294966 14471.73496454493 111.11570050034382 14304.449386207178
65 598.3326602287947 53.599385204578915 141.39378322523982 193 194.99316842981875 14037.827747397156 0.0 13984.228362192574
80 715.5077720123525 50.54444672120161 141.37537589515873 191 191.9198226163603 13935.61420527593 0.4846124364806883 13884.585146118246
18 126.47929653559628 56.340150311091094 154.33881922854061 203 210.67896953963168 14559.29638032402 158.57679060776218 14344.379439405171
43 345.98904714960327 56.75497822762118 150.05577291338187 199 206.81075114100304 14346.844057682822 43.264987656425944 14246.824091798775
45 351.4078488872654 52.71833592570587 151.0023093412053 199 203.72064526691116 14357.327998073912 34.18896572779926 14270.420696420406
33 246.9554891522288 58.66260584706316 152.19751261734623 201 210.86011846440937 14462.903503755773 61.75340924095897 14342.487488667746
89 782.6307366601661 51.720835533628694 144.18855622564516 191 195.90939175927383 13930.52971934173 0.0 13878.808883808097
77 699.2909053338957 55.399297453177184 145.43655336022113 193 200.83585081339828 14029.16032795147 0.0 13973.761030498285
53 428.17717477918177 51.637367738940064 151.02761843315434 199 202.6649861720944 14326.757498197894 36.18735229221335 14238.932778166742
42 336.3703385302806 53.763074566247894 152.6499273271745 201 206.4130018934224 14430.321672024955 36.48669526621683 14340.071902192496
70 651.7255884420717 52.995908517995595 142.9133288427683 195 195.90923736076388 14116.706970935491 0.7114203746721159 14062.999642042827
103 877.6182971966172 51.41925332028019 143.70993772938843 191 195.12919104966858 13900.923412736713 0.5999594492485585 13848.904199967179
88 772.6908773597958 57.01720767090665 145.5541565371372 193 202.57136420804386 14020.411732252063 0.0 13963.394524581156
26 166.02756663206907 53.53302781622965 148.9652961970936 205 202.4983240133232 14640.169753943333 105.08329544771127 14481.553430679394
99 864.3861829659567 52.43183573530057 141.90844428824846 193 194.340280023549 13979.228139146155 0.0 13926.796303410852
86 768.2018048919226 57.86889253362446 149.24167292152472 195 207.11056545514919 14095.464687433952 0.0 14037.595794900324
78 708.6610525042066 52.17676567220704 147.82756291551772 197 200.00432858772476 14177.714919484208 0.0 14125.538153811996
17 119.08293815207514 58.865535987966815 155.83837804176937 209 214.70391402973618 14793.245318118315 169.49305271141006 14564.886729418933
69 646.113041917467 55.2763166852743 147.88602839671196 199 203.16234508198625 14267.238790582429 3.6036132971687493 14208.358860599988
72 657.0757805018613 57.34898370306515 151.04280559222258 199 208.3917892952877 14268.49783087213 0.0 14211.148847169068
84 754.570644490196 56.297457324924956 148.855479576848 199 205.152936901773 14227.500428381314 0.0 14171.202971056386
20 133.590793269437 56.583280183836514 156.5317304656961 211 213.11501064953262 14854.880761821038 143.76815392740482 14654.529327709799
21 137.03180499339334 59.90248890656969 154.9221529497677 211 214.82464185633745 14857.289784488952 138.77081999925983 14658.616475583121
63 566.7169121436835 54.99089407891408 151.4337467849374 203 206.42464086385152 14429.642144571942 0.0 14374.651250493023
75 676.8174935220824 54.153745126932435 144.831670779101 201 198.98541590603344 14324.698075074977 0.44857974433250547 14270.095750203707
93 812.8881085763373 50.788757089399994 154.86890707401963 199 205.65766416341967 14201.454116475958 0.0 14150.665359386567
60 527.5247021689129 53.30447744567657 151.25968382972405 205 204.56416127540064 14495.433673255917 6.226054767802566 14435.903141042434
23 145.3903116398084 58.89943452388329 160.65698470116791 213 219.55641922505123 14916.054831069638 136.34160192744372 14720.813794618307
92 808.3451409785066 58.16364285238855 147.15363137150197 201 205.3172742238905 14260.793860210679 0.0 14202.630217358292
36 286.7707861692399 60.92944770487561 163.1157407735846 211 224.04518847846023 14791.886513590976 65.58147456434773 14665.375591321754
66 598.7758899930833 56.25392287925804 153.971684232242 207 210.22560711150004 14523.084141169575 1.2836310440895886 14465.546587246236
57 497.8433229193382 58.71852941010619 159.53930840180894 209 218.25783781191512 14627.206969020757 0.4442980810748054 14568.044141529579
28 183.62689344085732 56.22642722222944 161.8006054660274 215 218.02703268825687 14948.461344704681 143.89733623529963 14748.337581247157
67 630.8072320471864 60.267333491575144 159.6301316345849 207 219.89746512616 14502.829693893398 10.034810127974652 14432.52755027385
79 710.8259349287356 58.873937861875206 157.18532852000064 207 216.0592663818759 14462.8843945703 0.0 14404.010456708427
38 299.39986490408603 58.15151661147405 163.95727399491565 215 222.10879060638968 14884.618144141 79.27889026485201 14747.187737264669
95 848.3850285804617 57.924161550407725 154.5288872714873 205 212.45304882189498 14336.782974787428 0.19083928463805933 14278.667973952375
31 242.1819165092645 56.771879883324736 163.82861275293942 217 220.60049263626414 14962.282475841268 69.07357952749209 14836.437016430451
24 148.57973350604414 58.19882471990301 164.24926484766686 219 222.44808956756987 15062.553795133294 127.39685892751675 14876.958111485877
91 798.9048038794306 56.684737263172174 154.2137963083604 207 210.89853357153254 14413.91580475671 0.0 14357.231067493543
100 867.7683435031458 53.84664473035366 150.2184336341421 207 204.06507836449575 14363.856371155303 0.0 14310.009726424943
35 286.0082519944712 58.4599557451816 162.355679175729 219 220.81563492091058 14964.930552949834 68.66442350381101 14837.806173700841
68 631.7520428809069 63.80826952692959 160.06000395136772 213 223.8682734782973 14624.298859445742 10.07188783896629 14550.418702079849
16 98.65525870223546 63.23718834064833 170.63747224431904 223 233.87466058496736 15162.024215638721 188.319662098835 14910.46736519924
46 354.9128462952468 51.159428373033876 162.89554986563772 219 214.05497823867157 14924.000734140194 30.622281204717297 14842.21902456244
49 377.04285030696803 63.96620360546334 164.0242453360023 219 227.99044894146567 14905.038056475541 25.36283828228244 14815.7090145878
62 564.7549516838066 60.13939880440978 164.77302551593752 217 224.91242432034733 14740.843761705848 0.0 14680.704362901435
81 726.702910471145 62.31658754613544 161.70051406453246 215 224.0171016106679 14587.212465212559 0.0 14524.895877666419
32 244.22418988132708 59.130115442790085 169.0189197580684 225 228.14903520085846 15085.906619594358 66.29857382110455 14960.477930330462
61 532.824503560033 59.95144236181046 166.09421263918463 221 226.04565500099508 14803.502288177071 30.177345182498698 14713.373500632762
7 28.771306567913353 62.715371223428505 173.80622528439807 233 236.52159650782656 15313.661998399137 220.85540631533902 15030.09122086036
37 295.1883700933701 60.31147414768418 171.7600773396651 229 232.07155148734927 15079.198838301247 89.58600562810119 14929.30135852546
82 727.9814549275256 61.71761040149504 163.0366114626045 221 224.75422186409952 14647.77625960707 0.0 14586.05864920557
104 883.2071084278004 59.1963866871759 165.59431512588273 219 224.79070181305866 14504.584458089437 0.38029484816274817 14445.007776554103
96 851.7405876714025 55.65961180603185 168.80726436622768 223 224.4668761722595 14554.865489548303 0.05306948933275635 14499.152808252935
90 790.6780042924471 61.8411144199839 168.16014802071655 225 230.00126244070046 14626.119781048808 0.0 14564.27866662883
73 659.9283109246222 60.26713763529216 167.03242202189963 231 227.29955965719176 14775.208807433452 0.0 14714.941669798158
39 308.1197864693157 64.83471655441767 183.31365369710932 243 248.14837025152698 15147.047730224456 64.90573768143832 15017.307275988604
102 877.1631403219702 64.12360962946167 177.16717548635222 233 241.29078511581395 14583.837153878556 0.0 14519.713544249094
51 382.85584237935495 62.85245772379444 179.67935615382694 243 242.53181387762137 15080.121506067951 22.784287471203584 14994.48476087295
71 653.0716452815482 66.60465220221548 184.18586188229227 245 250.79051408450772 14823.953949131273 0.47123960163025913 14756.878057327429
101 873.6595750016508 67.06817426956776 185.30950087278165 241 252.37767514234943 14604.581530266283 0.0 14537.513355996722
85 756.2519556634669 64.03476539370921 178.97274956832723 243 243.0075149620364 14723.698948831512 0.13986519059017155 14659.524318247199
