# Cpu scheduler: fcfs
# Quantum: None
pid arrival_time cpu_bursts_time io_bursts_time nbursts bursts_time tat ready_wait_time io_wait_time
1 3.7226701344707624 67.40812176738088 48.04751558984877 7 115.45563735722965 437.92753086283915 304.43804439173607 66.08136470372223
8 22.94724482157916 64.9940687423364 41.56489323774866 7 106.55896198008506 555.9965843785202 381.54581415596647 109.45670148021729
11 35.07533592611458 59.56144214472915 49.139173597487456 7 108.70061574221663 564.6847101129483 382.41527864015393 122.70798932806531
15 62.7909602028498 62.74157570521072 46.030970139277 7 108.77254584448772 577.6779757009633 371.69778880046937 143.23861119528314
7 18.73938814605575 61.92303345820127 57.017954440006385 9 118.94098789820765 718.3110994629241 441.82196624492195 214.56609975980084
14 59.00527301097031 82.49513563470842 72.92583064261139 11 155.4209662773198 824.8729522386602 413.282912985273 329.0949036186787
5 14.788292864029891 113.02055482553187 86.36596012358532 13 199.3865149491172 933.4518229989476 443.45262266541516 376.9786455080006
6 15.254544114835822 99.73031659602543 74.84387264014808 13 174.5741892361735 977.3325959615798 466.81440577976997 410.7878735857844
4 14.402701553663029 163.87482868763496 147.22277490603628 19 311.0976035936711 1530.6223500784026 426.1704268587665 940.5770945320012
17 82.00942795728798 143.0403077393041 141.4991346105796 21 284.5394423498837 2089.68334843019 434.8048719345087 1511.8381687563774
10 31.933031963029425 45.51986158722879 113.30916215132778 153 158.82902373855654 21680.679562103716 527.4820354737444 21107.677665042742
192 1817.2620272702884 37.89055346987566 101.10777301160576 137 138.99832648148143 20388.21776856163 0.14062222842130723 20350.186592863334
32 205.42708241414493 41.873002945576815 121.91541155963347 159 163.78841450521026 22806.225598830362 363.1017229265444 22401.25087295824
34 213.4248185319636 47.50180934784544 122.44365049790055 169 169.94545984574597 24345.33198343974 415.61443048013564 23882.215743611767
3 13.852679014937102 43.721067833674844 124.51627004748599 175 168.23733788116087 24740.55598315398 511.86938682962443 24184.965528490677
100 940.7337144595714 47.339935411784 122.14942220305323 163 169.48935761483722 23958.307644083394 15.282032352300462 23895.685676319314
50 463.7455332694241 48.06284239270456 128.07595830889886 169 176.13880070160343 24534.995787903805 198.76579014081312 24288.167155370276
137 1226.9830609874111 37.94761533371573 121.60033284881379 161 159.54794818252952 23824.75478880678 0.0 23786.807173473066
177 1639.2185993449589 45.595060856598 126.5632967025754 161 172.15835755917342 23930.59662789124 0.4720084660559678 23884.529558568593
25 150.55121929617624 46.083535068412495 136.7366092640815 177 182.820144332494 25465.49459303575 428.6802443282061 24990.730813639144
115 1039.3319062063335 40.49254484120292 126.0321098330421 167 166.52465467424503 24607.786597035953 0.3953970197517265 24566.898655175002
9 30.027434955219995 46.778434482942004 131.58467618317079 181 178.3631106661128 25854.491131640207 534.707870716599 25273.004826440665
13 57.461174663113866 49.646821076723235 128.9416022854624 181 178.58842336218567 25867.580317992444 484.90421490009805 25333.02928201563
128 1122.5595282951151 46.10024867264763 126.78636110387346 169 172.88660977652108 24932.44469146936 3.7245514471110255 24882.6198913496
21 120.58607737046603 51.1719563607376 134.60066845007844 181 185.77262481081607 26012.806194400306 452.49173120267903 25509.142506836884
24 148.4920267412609 52.86023394898902 130.170306180341 181 183.03054012933006 26035.084874906643 434.31980652115226 25547.90483443649
44 377.0634597225978 49.9119808151254 135.01958959158256 179 184.93157040670798 25867.954587832464 237.71673795737587 25580.32586905997
139 1276.7134451547286 47.171564152513454 124.60160065961263 169 171.77316481212608 24987.186383343087 0.6911886358595893 24939.32363055471
181 1659.5719266575518 46.57485429505398 125.72236590861216 167 172.29722020366614 24790.1063105579 0.0 24743.53145626284
119 1086.8773628663741 50.40892427023515 126.86145403945639 173 177.27037830969152 25457.8182829884 0.0 25407.409358718167
142 1286.0290113877572 48.35045576621201 127.9271514799335 171 176.2776072461455 25271.164488777606 0.6020585050573573 25222.21197450634
190 1811.2571225827367 44.134014115178886 125.73569295427234 167 169.86970706945124 24795.189631081397 0.0 24751.055616966212
39 258.7921116790291 49.52402726771329 133.2577083467923 183 182.7817356145056 26412.423466661417 360.0796217601012 26002.819817633594
47 454.2927189047727 51.837341929384145 133.98000261853244 181 185.8173445479166 26218.419964595567 219.21853511572107 25947.364087550468
182 1696.728769388653 41.63212895940263 128.84897696811822 169 170.4811059275209 25058.23467893645 0.0 25016.602549977044
57 544.4135355125181 51.05209495825827 136.44020901731017 181 187.49230397556846 26236.171809718853 146.5457248585551 26038.573989902034
201 1908.3452624822712 41.24558047904632 127.90111665830378 169 169.1466971373501 25045.74642691919 0.0 25004.500846440136
204 1920.5765148553053 50.4730040414017 128.48089208552798 171 178.9538961269297 25310.561569691676 0.07865823540441852 25260.009907414853
54 503.7701816905394 51.06806519752845 136.31794091029118 185 187.38600610781964 26752.048413072458 185.48490982896692 26515.495438045964
56 537.7068050664361 53.74878297293535 137.5249869358999 185 191.27376990883528 26750.124062897874 132.55224644418195 26563.823033480756
60 555.0704599911081 50.23259177807679 138.71567176816208 185 188.94826354623888 26754.344389100555 130.01833075335003 26574.09346656912
160 1511.3943308321896 55.490898164972315 130.4615314908368 175 185.95242965580908 25831.952322649973 0.0 25776.461424485016
162 1524.0117945472325 50.24601038442147 132.00716189441454 175 182.25317227883602 25832.511098241233 0.0 25782.265087856802
37 237.74872464576282 49.85280719451588 140.4271087508731 189 190.279915945389 27153.90090170408 376.8600686425831 26727.188025866984
178 1644.083987175597 49.611765975777175 131.87370865397622 175 181.4854746297534 25840.93569506478 0.0 25791.323929089005
43 369.811233034755 51.687681583294946 141.5568362479021 189 193.24451783119707 27188.086764913227 243.80812477906318 26892.59095855086
140 1277.6606623847772 48.36439279018666 135.60056685921256 179 183.96495964939925 26312.20440276881 0.11023375079594189 26263.729776227825
163 1526.224653227117 49.100402303197825 131.88919018244974 177 180.98959248564756 26079.018799577938 0.0 26029.91839727474
124 1107.6143810435442 48.77726010565256 132.52755636991324 181 181.30481647556581 26511.720028976037 32.99740250984769 26429.94536636054
65 641.0479927013308 48.360177076119946 140.80832526879158 187 189.16850234491153 27044.62369637651 163.02051357458708 26833.243005725806
108 990.7682396133745 53.429856717671214 138.64211895414454 183 192.07197567181578 26720.34429078934 5.732673183832389 26661.181760887834
195 1856.4566762520344 49.108432237476954 131.3580399781403 177 180.46647221561724 26064.427664934286 0.0 26015.31923269681
179 1650.2470903137173 51.785376291563566 129.1968038100339 179 180.9821801015975 26330.858357938174 0.0 26279.072981646605
208 1981.03692534445 42.14484710283796 128.22676847546737 177 170.37161557830532 26048.033811474557 0.0 26005.888964371705
76 714.7488011859472 50.005105155373776 143.3659668082587 189 193.3710719636325 27330.66240055537 68.61298259262651 27212.044312807382
45 379.94553818253326 48.35265798206214 145.50667862134375 193 193.8593366034059 27682.579116155834 231.22072465461343 27403.005733519152
92 908.1315766883174 53.67456529833047 140.0640124650304 187 193.73857776336087 27163.85543229462 0.0 27110.18086699629
20 102.54089753309871 55.22499814852656 149.06998101757074 197 204.29497916609728 28092.555543336828 493.54929177250006 27543.781253415797
132 1175.148861688618 50.049833102263115 140.39260653601275 185 190.44243963827586 27026.361674066102 0.0 26976.311840963837
12 42.913126325773646 55.46816206446165 148.0921536494957 199 203.56031571395732 28212.34689697341 523.6029806107063 27633.275754298244
116 1045.9168922582942 49.71123472247849 139.02317492504343 187 188.73440964752194 27229.928709697808 0.31806268112836733 27179.899412294195
75 702.9891221481371 50.865357877478516 144.90943805069514 191 195.77479592817366 27577.26002613703 58.10978093584515 27468.284887323698
30 200.07496093272297 55.03684131701929 145.28447864097743 197 200.3213199579967 28091.756620943506 373.32285882295605 27663.39692080353
164 1528.8615360721626 52.60416845472395 134.83019745388614 183 187.4343659086101 26797.635802080258 0.0 26745.03163362554
98 937.6968883531557 50.51235878738502 137.84827747971877 189 188.3606362671038 27418.51724522054 24.365686020351177 27343.639200412803
127 1121.5613698976304 50.66000839667687 139.07400729367595 187 189.7340156903528 27240.74910720671 5.36248895705171 27184.72660985297
18 89.80255789847908 54.62578211170103 147.92750047760225 199 202.55328258930328 28305.505612784582 553.1345263295593 27697.745304343334
67 643.8663494234365 54.48248439518765 142.48302301650943 193 196.9655074116971 27773.223594706564 156.57418818682413 27562.166922124557
85 814.1813273672627 55.18923376470898 146.4027745890261 191 201.59200835373508 27636.200879072418 31.33290207099992 27549.678743236716
111 1005.5031049182197 53.945120438328836 139.62861500745842 189 193.5737354457873 27452.01080475931 0.0 27398.065684320965
89 863.3707273185936 55.632816891848876 142.6630870870776 191 198.29590397892645 27640.67480527198 0.0 27585.041988380133
157 1486.2034407726298 50.50767816176898 135.75422052373443 185 186.2618986855034 27027.690424045177 0.5865627044195207 26976.596183178983
102 946.7424288447652 52.677564034058626 146.62897676172446 191 199.3065407957831 27647.91346113213 8.49239229694956 27586.74350480113
66 641.2427406804869 54.85194813622806 147.41546388003266 195 202.2674120162607 27981.14004737021 151.91935058176773 27774.36874865223
198 1875.4200108222858 51.1923587081465 135.47773843372065 183 186.67009714186713 26751.1511431589 16.083332331485508 26683.87545211927
69 657.3764960598043 55.24565171772055 142.44874262990717 195 197.69439434762774 27982.618086309438 106.58379018401354 27820.78864440771
72 691.1326067325283 54.60274783740902 147.044941052268 195 201.647688889677 28006.829207637864 71.81082015372351 27880.41563964674
73 691.7033316655757 56.746578140740205 143.19181175904532 195 199.93838989978553 28007.948260183926 71.20588724987192 27879.99579479331
55 525.3706262908297 55.00376888740807 143.62594581530948 197 198.62971470271754 28182.265328595688 146.80764540059158 27980.453914307695
117 1056.7853768220248 57.30557138614179 137.82039102244912 191 195.1259624085909 27658.953979983453 0.0 27601.64840859731
126 1119.1598666368218 54.9382390092285 143.91694297288225 191 198.85518198211076 27664.389028171732 9.144823242603024 27600.305965919888
169 1565.4104429322542 50.661011977431635 137.76524126739676 187 188.42625324482844 27227.376143323745 0.4797024216045429 27176.2354289247
135 1182.3366039072964 55.809417614034004 141.5176564647663 191 197.3270740788003 27682.73198401419 1.6737838187048055 27625.248782581446
191 1812.2109987536587 54.676978659488526 142.8520672832559 187 197.52904594274446 27174.145541031547 0.0 27119.468562372065
172 1573.9630895897428 53.46477599108013 140.37615485402486 189 193.84093084510496 27425.785040490493 0.0 27372.320264499416
200 1899.8285789914423 52.27327169726679 139.68717035819992 187 191.96044205546673 27139.08719523766 0.1619525502203487 27086.65197099016
40 275.80274014513935 60.97194336676857 151.8444137351919 203 212.81635710196048 28779.771461845172 329.1628584811362 28389.636659997268
110 1004.2057316791982 50.9581136213167 147.25409187295722 195 198.2122054942739 28052.38330154812 0.6490193424340305 28000.776168584365
52 480.45025790499375 57.17582228524592 152.55628931064368 201 209.7321115958896 28581.79586219269 195.80110400530663 28328.818935902134
22 143.33279184415696 56.99940548836061 155.28008629432588 205 212.27949178268648 28923.165392568095 445.47977602936646 28420.68621105037
93 908.2583304234295 53.63957998939716 148.11419040265304 197 201.75377039205023 28217.910880747342 0.8507528311029091 28163.42054792684
97 932.7511239059519 51.14065243456951 146.71947434224003 197 197.86012677680952 28233.903549964878 38.20692214269286 28144.55597538762
48 455.44788491638195 53.57069945557452 150.30903794584324 203 203.87973740141777 28764.63347572887 213.68157269689056 28497.381203576424
180 1650.801030874472 50.46154256472264 140.8826313035089 191 191.34417386823156 27589.593759810887 1.4216473139290429 27537.710569932224
41 331.62778197675635 58.36858765901169 154.28802034795336 205 212.65660800696503 28934.07931356566 273.50152206388054 28602.209203842784
90 888.5538762771461 55.60708149079793 149.03292453285766 199 204.64000602365556 28401.53111337727 3.2689641464435226 28342.655067740034
120 1087.758663572189 53.86690540538792 148.1150881135623 197 201.98199351895025 28212.282203868403 0.0 28158.41529846299
16 69.17665419779968 55.72199632654068 153.6559947842245 209 209.3779911107652 29248.60399983517 548.8780197035946 28644.00398380503
171 1568.1861532602354 49.226800096338515 144.28171382932382 193 193.50851392566233 27785.740168339624 0.0 27736.51336824327
193 1848.59948706251 54.58887952719156 144.11707513301477 191 198.70595466020634 27519.975052541355 0.0 27465.386173014165
131 1147.7615755144764 54.77386737090284 146.95369281451056 197 201.72756018541338 28223.418246879264 64.03208891337295 28104.612290594992
106 974.2090022479732 55.91822536411656 148.3947364050818 199 204.31296176919838 28410.445288051837 32.68774337017817 28321.839319317543
82 793.6483303081329 54.12594380274082 148.14801686148408 201 202.27396066422492 28596.297678962677 73.84637413333382 28468.3253610266
155 1436.8419218031527 55.093785915566855 144.3857683050831 195 199.47955422064993 28001.12266399105 0.5253316751445709 27945.503546400345
77 735.4105114842725 55.191285927394745 153.0578090723986 203 208.24909499979339 28734.799219296852 43.685526026889534 28635.92240734257
121 1091.6718555988111 55.288407858826005 148.54964865243386 199 203.83805651125985 28386.024410413804 0.14944890492733975 28330.586553650057
123 1096.445750069149 59.62840911458791 143.25179406669645 199 202.88020318128434 28384.657431863452 0.0 28325.029022748866
46 397.64315323503934 58.18999484230591 154.89755631872376 207 213.0875511610297 29096.434990671252 289.373954380705 28748.87104144825
189 1797.7564230461717 54.55825511532313 141.1592510192608 193 195.7175061345839 27711.553611146814 0.3362031572680735 27656.65915287423
197 1865.9114905621411 55.305096827423064 144.8616736014227 193 200.16677042884572 27676.619679528576 25.857971437305423 27595.45661126385
133 1178.588795092673 54.89555577578379 148.3617692017844 199 203.25732497756815 28384.298712406613 0.0 28329.40315663083
51 468.9252799480146 55.822650035377336 151.011407694009 207 206.83405772938633 29109.078250087354 193.18655573571152 28860.069044316264
112 1009.5513587942934 52.03614873129109 148.33125658462052 201 200.36740531591158 28570.57930915367 0.5391267324168894 28518.00403368997
209 1987.7525909723827 53.75093351736552 145.94312507984517 193 199.6940585972107 27622.990772927755 0.13870016119312822 27569.101139249196
58 546.7466745166116 52.64309673013496 154.88684178111603 207 207.52993851125095 29070.65511507286 141.18573927345778 28876.82627906927
31 202.27169351602083 63.852326002456465 161.58678341255015 211 225.4391094150066 29418.115648957213 368.6783802693776 28985.58494268539
141 1285.6363929862166 52.4226678978419 150.19322497457418 199 202.6158928724161 28351.401850136856 0.2374995416009824 28298.741682697393
63 601.9437161458105 55.52404566624786 160.44161814390057 207 215.96566381014844 29053.729655651896 177.00031961241234 28821.20529037324
64 612.9922200118723 56.20038860099318 155.75943909475524 207 211.9598276957484 29054.362107386158 140.55878138913567 28857.60293739602
79 765.268574371177 57.79516999698652 154.73130786011154 205 212.52647785709803 28906.30198055515 61.91640124495461 28786.59040931321
149 1368.3358005526431 57.288391348792615 149.23698482204537 199 206.52537617083797 28328.875801496153 36.96891647002917 28234.61849367733
150 1370.0022198935526 55.78189149711146 148.98220972511203 199 204.76410122222347 28328.18455258594 29.351001510195374 28243.051659578632
176 1612.4852561355754 48.68197252911021 146.75646658942478 197 195.43843911853497 28090.151460233184 9.846846893737393 28031.622640810336
49 457.87238999498857 55.74559726456194 160.00606427367603 209 215.75166153823795 29250.21864914264 205.48312617080398 28988.98992570729
151 1391.0506471289507 53.64626688263633 147.5337250995235 199 201.1799919821598 28318.172433938333 0.0 28264.526167055687
154 1429.4291003359021 55.157093924683394 150.94479496215902 199 206.1018888868424 28303.17430632495 0.0 28248.017212400267
26 151.46948849115222 62.684928667843636 153.8180146110809 213 216.50294327892453 29583.85410881737 423.7824179463932 29097.38676220312
125 1110.890277464341 58.00201504828506 148.7849639205047 203 206.7869789687898 28684.43430064126 24.37274322179792 28602.05954237118
199 1876.9036887246916 55.83941348060205 146.31230895846295 197 202.15172243906497 27953.18524145889 14.899848716250062 27882.445979262036
206 1942.7061557658055 49.66307200372111 147.45310463663355 197 197.1161766403547 27910.039784534478 0.0 27860.376712530746
87 834.129188158833 55.63992061856569 163.0235078392102 207 218.66342845777592 29026.035261989713 18.008445609111504 28952.38689576203
27 154.96421082533172 61.18671738671112 161.71856357713514 215 222.90528096384622 29708.838766326 425.31335177634116 29222.33869716295
0 3.7226701344707624 60.53537668052419 161.58650170483727 221 222.12187838536144 29861.563622754096 534.0901924639461 29266.93805360963
29 175.5467148448264 59.39609231885582 163.142441380729 217 222.53853369958483 29820.689576819197 394.6280856337095 29366.665398866633
33 209.61905614616185 60.56976212685956 160.12708414098557 217 220.69684626784513 29789.113620786964 355.4623553040368 29373.081503356072
95 919.3698292198368 60.52351148467218 160.81604673086943 209 221.33955821554162 29108.880593713224 42.8648312481331 29005.49225098042
96 932.2254314540332 60.40299190690941 155.9079339176644 209 216.31092582457381 29100.729110035154 42.0882098483396 28998.237908279913
168 1557.8197370503053 58.16791707276881 151.24513402616967 203 209.41305109893852 28482.383206496037 0.006582669734598312 28424.20870675354
81 779.9208521230083 61.700868953559 156.19431218863494 211 217.89518114219396 29287.314572052663 100.07908344579698 29125.534619653306
203 1916.2214242704624 51.81617640851553 154.92095292521222 201 206.73712933372775 28169.928262109555 0.0 28118.11208570103
53 489.2714073547335 60.66732221485828 156.23197625456223 215 216.8992984694205 29599.618101720043 185.05703859541683 29353.893740909767
61 563.1885690187224 58.83169791606499 158.7205460469703 215 217.55224396303532 29552.71755709465 133.19793047376777 29360.687928704818
129 1126.0250056615469 57.545591816428626 152.7006812503812 209 210.2462730668098 29028.272304677193 2.2672107319638144 28968.4595021288
101 942.1001790276714 61.0561914302119 153.5149484954728 211 214.5711399256847 29213.852764232495 12.792839583681712 29140.003733218593
173 1574.9555484239306 55.80663664642939 153.98309825486422 205 209.78973490129357 28585.071427001694 0.4908373272780864 28528.773953027983
148 1361.6928194210614 59.92643172523657 151.56765898733926 207 211.49409071257583 28809.437503265195 49.08270669189346 28700.428364848063
107 976.0494676218783 58.95429232244346 158.46623915156053 211 217.42053147400395 29199.03584470713 27.613261196922167 29112.468291187768
23 145.95431121766828 61.54986435121158 165.0850717137712 221 226.6349360649828 30049.631464312908 439.5327816357517 29548.548818325948
136 1214.9033562090806 55.41762870232344 157.7016571380779 209 213.11928584040135 28983.276153048777 0.0 28927.858524346448
158 1491.9494703071991 56.67827840174524 157.2135486640404 207 213.89182706578563 28723.95168505651 0.11430803834468861 28667.15909861642
185 1759.4124611461752 51.93252975432039 151.8526076619124 205 203.78513741623283 28465.77764012266 0.0 28413.84511036833
146 1323.4543268174632 55.7898190443808 158.19318260821882 209 213.98300165259965 28923.902626649968 7.297617381684404 28860.815190223882
99 939.0216557003351 61.48472112006996 160.47604120158474 213 221.96076232165473 29311.890408277304 17.857178631068564 29232.54850852618
104 953.4120392693201 57.56596806446751 159.34465404094226 213 216.9106221054098 29303.80894917891 2.9182886888651183 29243.324692425565
175 1588.2429571675027 56.26653058316603 157.73735386155457 207 214.0038844447206 28673.85941421 0.08193349284260876 28617.510950133983
152 1397.2533684817208 60.37661084703621 156.4062561841045 209 216.7828670311407 28876.6505537087 0.0 28816.27394286166
207 1957.4988216955692 52.069858997254215 159.0191495557544 205 211.08900855300863 28330.31529732503 0.0 28278.245438327773
2 13.315873367326281 62.265212577437424 168.57072315165956 227 230.835935729097 30276.007925513524 520.9899467885195 29692.75276614756
156 1450.8418928990347 62.88538600329129 154.56874027423237 209 217.45412627752364 28840.519036114456 0.0 28777.633650111165
88 858.3528369592387 62.28087380262766 161.11650947474507 215 223.39738327737274 29443.318385748807 1.8393982604095527 29379.198113685772
186 1769.8154569269482 53.785496222325875 157.2312977758805 209 211.01679399820637 28620.091249078738 0.0 28566.305752856406
143 1301.5485065395853 59.087620890751865 157.51336534704419 213 216.60098623779606 29089.670776924504 0.08417878790032773 29030.49897724584
165 1530.627197261133 64.71906627249696 160.2409691546751 211 224.96003542717207 28863.895489845534 14.397854370932691 28784.7785692021
130 1144.7087263681276 54.6510798966592 158.05703269552387 215 212.70811259218306 29269.03549444258 0.05246835105072023 29214.331946194874
147 1349.4413733198946 60.3681991571078 163.07928181597183 213 223.44748097307962 29065.724051374473 0.0 29005.35585221736
134 1181.3574235344818 60.353507115753565 161.57020413595342 215 221.923711251707 29253.17846210292 0.148363731710333 29192.67659125546
161 1513.6149304042801 59.10372617928803 157.69662604204882 213 216.80035222133682 28949.009247179183 0.0 28889.905520999902
36 231.01448499261787 61.530971328561236 170.9354868233042 227 232.46645815186542 30247.028534280147 389.3031411345736 29796.194421817025
84 811.6472932843152 62.83653330235784 163.45439743133574 221 226.29093073369359 29691.168117817208 33.72438284337386 29594.607201671475
205 1926.1813951600373 61.8697881338732 155.24135285657056 211 217.1111409904438 28577.98455726184 0.0 28516.114769127948
71 676.3231108142096 60.148609203735006 167.0136495784568 223 227.16225878219177 29830.918601747624 90.77343429653808 29679.99655824735
183 1709.6085187050328 58.15028555527194 160.83245221865025 213 218.98273777392225 28806.32418092573 0.0104925836219536 28748.16340278684
184 1739.1440536633152 54.271335840343866 162.58684605557016 213 216.85818189591402 28780.526586635082 0.0 28726.25525079473
159 1494.0659744610848 66.50512637934479 166.14556487756064 215 232.65069125690542 29027.01647581107 0.0 28960.51134943173
91 906.6298256621112 61.094329021593936 163.44943402826198 221 224.5437630498559 29616.54801219653 0.0 29555.453683174946
35 228.51813865392836 67.75765205945822 175.326658442059 229 243.08431050151722 30312.182052918255 398.1370682742271 29846.287332584558
38 248.70194313676365 55.92935542401679 171.0923853675613 229 227.0217407915781 30304.55982684567 407.24343073853044 29841.387040683134
59 551.4323003596296 60.0139400566934 171.77816448611577 227 231.79210454280917 30022.370599961072 135.17602658145393 29827.180633322918
62 594.8584936425418 62.38516554309109 174.9717522307399 227 237.35691777383096 29989.703934470897 168.37903526388902 29758.939733663916
170 1565.7716455729535 57.24911455345947 159.0527764651269 217 216.30189101858633 29026.73078271722 0.6607825921571475 28968.820885571597
194 1852.789918619984 57.802202515564545 153.2238647512728 215 211.02606726683732 28745.303447348357 0.0 28687.501244832787
109 997.7733195065315 61.43012272853227 164.24634833792564 223 225.6764710664579 29610.244456543278 1.083905575816857 29547.73042823893
42 334.6708197904729 63.90005617915648 169.5997259792407 231 233.49978215839715 30283.563494080052 263.6498101299395 29956.013627770964
138 1239.7419160524091 58.48157701656028 161.6003278016413 221 220.0819048182016 29380.583134066546 0.0 29322.10155704999
144 1302.8903609817949 66.39625547648545 166.85563516005251 221 233.25189063653798 29323.340727500698 0.0 29256.944472024214
80 765.4838693363553 61.09763814406248 171.1666694250974 227 232.26430756915985 29870.44129842982 60.063079488539415 29749.280580797214
103 946.9763357612874 58.38091131359375 169.27659167023933 225 227.65750298383307 29691.590072123086 8.771121125765603 29624.438039683733
174 1587.3823413071116 65.38028720024248 168.7195443254321 219 234.09983152567457 29052.171849453443 0.0 28986.79156225319
70 660.3371103018989 59.19938201634008 175.71712938766743 229 234.9165114040075 29988.521872560632 102.252831072866 29827.069659471406
113 1012.7132283055481 63.48558865633336 169.7279375066203 225 233.21352616295366 29642.504594894817 0.24718727256401962 29578.771818965917
202 1910.016576644686 58.12797014144654 160.14306467886158 219 218.2710348203081 28774.21213651098 0.0 28716.084166369543
188 1791.410018870567 61.099490925814706 165.40037486444692 221 226.49986579026165 28910.317651186055 0.0 28849.21816026022
145 1315.6799722973965 58.08108491046095 169.1139565937341 225 227.19504150419505 29387.793438447447 16.794856184390255 29312.917497352595
78 738.0362054206392 63.12383722385876 169.51606745404018 233 232.63990467789893 29983.135549803428 39.69707129471226 29880.31464128484
118 1082.2818119426142 61.481732646754025 172.2181409563137 229 233.69987360306772 29640.187809639046 0.3262152134259395 29578.379861778853
166 1532.5171517082545 63.97470598368256 168.1077893518107 225 232.0824953354933 29194.653481869966 13.117124730842534 29117.56165115544
94 917.8459427727611 65.55433030741968 165.81477896975164 231 231.36910927717128 29810.538136993364 46.698869297171655 29698.284937388762
167 1544.604559913204 56.14380201389588 169.10688947757487 225 225.25069149147075 29185.22050985753 4.507260584401138 29124.569447259222
105 961.8978786838618 61.00378934348899 172.69647222999558 231 233.70026157348454 29770.57470673551 66.56930276493142 29643.0016146271
83 810.2875159027859 67.38535822053694 172.66383553077722 233 240.04919375131414 29926.34337068323 35.33212063357291 29823.625891829128
86 832.7615023846853 60.65252404604612 177.15929702845452 233 237.81182107450064 29907.120029533024 19.051689553632627 29827.415815933353
114 1037.9854096117404 64.3097817917827 171.58140900274947 231 235.89119079453215 29702.93799408557 0.5119426613764517 29638.116269632414
196 1863.417128338601 67.0565631605987 168.33605804659226 225 235.39262120719096 28885.37426930099 28.03873579725405 28790.278970343126
153 1399.074542633356 61.24975169432871 172.45949237498684 229 233.7092440693155 29354.234136136434 0.0 29292.98438444211
187 1779.0072117464438 63.99423867917997 169.0561574551595 227 233.05039613433945 28980.76312764909 0.508943455508188 28916.259945514415
28 161.77209730551658 72.4312074520141 180.3708463276433 245 252.80205377965746 30604.986775577832 395.6519501224242 30136.903618003387
68 650.5506495647453 67.68517611352019 179.92623989795595 241 247.6114160114761 30119.909309733757 119.27782426214355 29932.946309358096
19 95.95443745587768 66.06184751494588 185.8531005847755 253 251.91494809972133 30687.815855321773 507.60513537405313 30114.148872432786
122 1092.8682724151993 68.49031682091669 184.0216393236374 243 252.5119561445541 29695.33248371245 0.3978340030198524 29626.444332888517
74 694.0616405920625 71.05796902606127 191.5704169851504 253 262.6283860112116 30100.992689127947 68.68024868072314 29961.254471421154
