# Cpu scheduler: fcfs
# Quantum: None
pid arrival_time cpu_bursts_time io_bursts_time nbursts bursts_time tat ready_wait_time io_wait_time
1 5.450426857973712 61.60699243149699 48.64427587838616 7 110.25126830988314 259.73690482944295 137.55532068881973 60.57459170912621
5 13.956805101466827 75.00160246061765 46.18779319272443 7 121.18939565334207 294.3296374407306 159.6472590771263 59.68077590298664
6 14.967150421529924 108.00975557964722 85.23386066149706 13 193.24361624114428 550.2095993313976 211.81606083896494 230.38378291278548
7 19.538413981005093 116.15319445592274 97.35448330096725 15 213.50767775688996 692.403477038664 224.34009495452094 351.9101876282204
3 7.553082830417092 126.14371938935061 119.60868208607963 17 245.75240147543022 764.5224105242675 199.47331856782222 438.9053725670947
71 620.1716966635285 41.935728333311445 111.65454228426225 145 153.5902706175737 10758.785934108491 0.33676835232711255 10716.513437422853
44 423.6231197441403 42.976029853083354 119.38703338089606 163 162.3630632339794 12037.812159838357 10.675860218198011 11984.160269767079
74 654.0394674220581 41.95889647634822 114.98268686206703 159 156.94158333841528 11811.041694289615 0.2179876499742477 11768.864810163293
56 511.2550191056125 46.820443689864234 129.44566033176838 165 176.2661040216326 12215.015363643055 25.35331963411022 12142.841600319078
28 259.46740265963746 46.64320951738034 129.22265033898566 177 175.865859856366 12949.79442956879 119.67050820142379 12783.480711849983
8 25.930218058715674 47.55988370865124 138.4014905271853 183 185.96137423583656 13209.367962215118 322.7462709733503 12839.06180753311
24 232.7759801673197 49.20094324738941 139.90065311267452 179 189.10159636006392 13083.576720261774 131.1779249469115 12903.197852067475
77 672.002831213882 48.21594649785302 124.90877398356905 171 173.12472048142206 12690.257768802614 0.0 12642.041822304753
86 743.4329572121304 44.31838023903545 128.48374998475597 171 172.80213022379144 12684.325150716151 0.0 12640.00677047712
30 271.85311453419615 53.671696872037586 134.3789438533776 181 188.05064072541518 13246.825390473656 130.51525897699287 13062.638434624627
58 535.6349463934379 46.80211091124522 134.03719275779832 177 180.83930366904355 13085.660057820598 0.0 13038.857946909347
29 271.07814349215977 49.75435562687929 135.95531632064817 183 185.70967194752745 13381.768230279 136.48701364595303 13195.526861006168
66 596.901650815753 49.72661179272453 132.18022512921084 177 181.9068369219354 13084.965878081484 0.0 13035.239266288758
0 5.450426857973712 51.81821959454032 143.9691724377916 193 195.78739203233192 13679.665378651925 273.9900667427108 13353.857092314678
84 710.1368255563635 49.61595036643737 135.67000271012142 177 185.2859530765588 13089.835664590468 9.07114295371332 13031.148571270318
12 111.8922903530691 55.25399844983811 142.52037724007033 189 197.77437568990842 13690.066211691166 232.51998193470615 13402.292231306623
73 640.6313051976484 46.998225435265525 132.39123426704725 179 179.38945970231282 13219.323091684824 1.7140601976191192 13170.61080605194
16 172.72664507516274 48.077110663506886 143.26350325895407 189 191.34061392246102 13697.90439477138 178.72660678508058 13471.100677322796
75 660.2758110322869 47.25427264150253 133.8911251606395 179 181.14539780214204 13227.96729187539 0.0 13180.71301923388
39 408.052393070148 49.268655337312495 136.65972788705068 185 185.9283832243632 13541.497372523423 0.3226141593322609 13491.906103026779
78 676.2825074879954 51.59517521801273 136.78562133333043 181 188.3807965513431 13352.818519022683 0.38889370177332694 13300.834450102895
53 507.10456139490816 55.024680055432746 138.60660307553377 185 193.6312831309665 13574.805990131428 38.38600921463751 13481.395300861359
46 448.480047395195 57.5602704826925 140.17839223519198 187 197.73866271788447 13689.663032153352 21.10702705969055 13610.99573461097
31 273.7101995929813 53.833414562708185 140.04142695343316 191 193.87484151614134 13896.996998299774 118.8578090430704 13724.305774693998
48 452.2771455320855 52.52386579248295 139.81571789769882 189 192.3395836901817 13804.905011083743 15.67357337635002 13736.707571914918
2 6.817011874812635 51.31352234252067 147.14716323585148 201 198.46068557837216 14283.631865334786 284.13502551976427 13948.183317472496
23 226.5584894144006 53.56360489250624 145.04162972918664 195 198.60523462169283 14092.729671379235 157.0423753100649 13882.123691176665
34 339.956619439627 56.28447280813047 145.9931697737505 193 202.277642581881 14007.09478457387 32.704004590167244 13918.106307175574
38 380.5556741487004 49.92159070256512 141.76809466074664 193 191.68968536331175 14020.710015144581 22.90163792837012 13947.88678651365
13 135.01753827985297 55.438614425229176 146.82065966862572 199 202.2592740938549 14272.811120979113 178.47125052878934 14038.901256025092
25 232.87653640247737 51.63933117912248 148.86905223575673 197 200.50838341487923 14208.054504104286 126.2318115443199 14030.183361380841
35 341.5316778583118 52.418874308109984 141.85324392353175 195 194.27211823164174 14112.978500232799 30.761894735579403 14029.797731189112
45 425.72637563043094 51.09940216010528 143.06554605425094 193 194.16494821435623 14030.42758391879 8.666055622500323 13970.662126136182
59 548.1715349012386 50.281563553972845 145.5636568762157 191 195.84522043018848 13910.662837460774 17.005214851688947 13843.376059055108
27 258.7113342800589 52.205725271192634 143.41002789088552 197 195.6157531620782 14205.603781349711 124.26637974795204 14029.131676330566
41 410.76086433727534 54.824726920199886 143.68357267654764 195 198.50829959674752 14117.38485737161 39.32050362832581 14023.23962682308
4 13.806760205837907 55.16655992822126 149.35821605669207 205 204.52477598491333 14517.520906049771 292.7718825125012 14169.58246360905
10 78.41124803016766 56.5642331269427 153.25180087696978 203 209.81603400391245 14464.032258940066 250.4503484044599 14157.01767740866
43 419.58870814681364 51.810566423182365 149.03333326365788 195 200.84389968684027 14127.466448968029 15.89121245134146 14059.76467009351
60 549.4705792553231 54.19759516064569 145.30362722904613 193 199.5012223896918 14010.2714993775 16.67059620126031 13939.403308015595
26 256.5574590633508 57.54298681606666 144.18470248185986 199 201.7276892979265 14304.48728470828 127.91051195823275 14119.033785933985
83 703.88644370707 55.97109244075474 135.1043266352512 191 191.07541907600597 13882.215628959073 13.102892523792434 13813.141643994522
65 583.8511836467774 51.69231986137646 141.45974519580426 193 193.15206505718072 14006.536246696302 16.786022482719773 13938.057904352201
19 199.92315882485985 57.42259085550227 150.91911141778206 201 208.34170227328428 14392.38237518348 158.69131635865253 14176.268467969325
55 507.7130886507148 55.43996430099221 145.70263643644975 195 201.14260073744197 14109.81829216406 33.58562947921655 14020.792698383853
33 313.3307101457631 58.31796488009654 146.57241923425477 199 204.89038411435132 14324.316861436248 61.30285929285327 14204.696037263298
47 449.4326883291055 54.54459850381688 148.43356330922086 197 202.97816181303773 14197.387359522649 18.56198135435426 14124.280779664474
18 194.79574447922343 55.85183716716874 150.2907138386897 203 206.14255100585842 14475.836781730124 179.51066647741717 14240.474278085538
96 891.3615812320061 53.445402584698584 142.1649857911052 191 195.61038837580378 13809.425444966528 0.13953904138418238 13755.840503340447
17 188.43618526296717 55.952151153599715 152.51231067084663 205 208.4644618244463 14537.563488318483 177.7782900355084 14303.833047129376
11 110.68197183954058 58.16102059209023 151.01582792540327 209 209.1768485174935 14710.309592237374 246.2155109141084 14405.933060731179
20 204.4759236577909 59.46975077437456 152.90285722225067 207 212.37260799662528 14622.333293704321 150.09526062707576 14412.768282302877
67 611.7645291458847 51.82349119130462 146.5612185251784 199 198.38470971648297 14231.597213318446 0.3581404554031451 14179.415581671738
68 611.9421716589786 55.06750084053162 149.30233154806606 199 204.36983238859773 14232.507337722327 0.22948665967044235 14177.210350222122
89 771.034441386892 54.346498331763556 148.10774875612358 197 202.4542470878871 14086.035419198264 4.6687022585516615 14027.020218607953
32 282.1333853295265 55.5188964096117 157.09837686801552 207 212.61727327762725 14625.880119000805 81.38441855247345 14488.97680403872
72 623.2175213468869 56.28573940624189 152.20802305891795 201 208.49376246515982 14296.525524621446 0.03867323322685934 14240.201111981974
87 743.7800971213063 62.3550664109611 149.45161715149104 203 211.80668356245212 14307.108647955856 0.8582193797409445 14243.895362165162
15 164.90034678243157 57.27362408916515 162.30218190708214 215 219.57580599624737 14896.566408314606 174.23474745623432 14665.058036769213
92 816.2591010621446 54.340144285034 148.61304919957942 203 202.9531934846134 14261.98155164904 0.0 14207.641407364006
61 560.1248274183489 55.67519225064163 159.81144359440376 207 215.48663584504544 14520.352009246342 9.678947457116806 14454.997869538583
64 583.4998377559139 54.86551709915556 159.73727746396924 207 214.6027945631248 14514.99695083299 17.706151956156532 14442.425281777672
21 209.02545729064434 58.75642378147314 160.57358918395204 215 219.33001296542517 14892.461473819249 153.34652977047472 14680.358520267308
70 616.3990816678458 58.96099358247366 154.85076849375127 207 213.8117620762249 14496.94669408882 0.0 14437.985700506346
54 507.56001249035114 56.352722253701316 155.22163792493535 209 211.57436017863665 14607.916263537887 34.50906059167323 14517.054480692519
14 151.5414383024741 59.79458857438644 159.58883182650945 217 219.38342040089586 14967.22291308225 193.4820151762893 14713.946309331563
62 567.2762666405697 61.06646265610134 157.0314986727655 209 218.09796132886686 14575.086705673053 2.8744094936855618 14511.14583352327
93 821.0118858119866 52.18894095323502 155.28777697326458 205 207.47671792649965 14323.127816009011 0.0 14270.938875055781
85 726.8581841269179 60.36764585760043 156.4841234830618 207 216.85176934066226 14432.963813207549 0.0 14372.596167349946
9 56.79566001791318 62.88735953984205 166.15041634953528 221 229.03777588937731 15103.961988114337 240.18426685430592 14800.890361720198
52 486.6776581528981 60.739778571299965 155.52937950570265 211 216.26915807700266 14676.844992729662 0.9718980697149959 14615.133316088652
42 414.7525824234594 58.266861886778486 158.64049140162626 213 216.90735328840475 14760.833240252397 23.453224109101257 14679.113154256514
94 822.5523453163273 56.7483094309036 155.31130009107466 207 212.05960952197825 14367.932625026298 0.0 14311.184315595394
37 371.2257999526178 56.95164374989225 161.47889975819487 215 218.43054350808717 14830.787151871315 55.8963274758421 14717.939180645573
51 478.5713471377759 56.60009775997085 156.24675343770056 215 212.8468511976714 14765.195147635099 6.280196198700082 14702.314853676424
98 904.2555227712306 56.013517673748396 157.71383218076232 209 213.72734985451072 14352.065942380588 0.3641523876107158 14295.688272319228
101 914.5037589419657 60.774311362474876 154.64357474534114 209 215.417886107816 14345.981358489762 0.0 14285.207047127285
103 925.6771313697342 55.39920266489058 152.5491224353292 209 207.9483251002198 14339.593195799422 0.0 14284.193993134535
104 928.6617215232285 57.66359746855092 155.14840682957697 209 212.81200429812787 14338.606359052388 0.0 14280.942761583834
69 615.0324766626753 56.38053659333146 158.80935591624865 215 215.1898925095801 14672.211792866443 0.0 14615.831256273113
99 908.4125200366234 54.43929256691994 153.3864229389153 211 207.8257155058353 14385.592110927639 0.0 14331.152818360722
82 702.7364019976236 58.59136471810409 160.37858901296795 215 218.96995373107205 14609.758182909807 13.349338921584604 14537.817479270112
91 794.2396879723665 62.117905243216335 158.64486201297206 215 220.76276725618837 14534.019626841451 0.23219150712520786 14471.669530091114
63 568.8941970296711 58.98906086774738 162.62174032455107 219 221.61080119229848 14764.007361448183 1.8038968349654851 14703.214403745465
76 671.3199961633559 58.99821773389098 164.57108941538092 219 223.56930714927194 14684.163489972887 0.12266670800829615 14625.042605530984
79 683.3463843650305 61.174631037563294 163.68903017507296 219 224.8636612126363 14674.190985901178 0.0 14613.016354863616
40 409.0650451897227 62.23247720639655 169.15812034010554 225 231.39059754650214 14957.873012114287 48.798790844673476 14846.841744063224
57 513.2446397058746 62.31630547751868 164.02723445800643 225 226.34353993552514 14874.077508312886 19.488419725878316 14792.272783109489
100 912.0605786692391 63.66347056676098 165.92795836870295 219 229.5914289354639 14479.022823532965 0.22008992423411655 14415.139263041967
50 475.9003558403837 58.847800278747435 172.48675046941847 227 231.3345507481659 14925.28130489875 14.904771417329812 14851.528733202673
49 455.17816837411567 64.34586832953526 171.53913177013112 229 235.88500009966634 14956.21728183275 11.611886211818728 14880.2595272914
36 367.24326254183677 59.80381365101492 174.46154236431477 231 234.26535601532973 15047.82979421999 66.19668451150494 14921.829296057474
88 769.3387318272636 60.727514888828146 169.20340876684816 225 229.9309236556763 14650.759909810184 5.333174084548773 14584.69922083681
95 873.2540467853812 62.441508840850965 162.73457520577836 225 225.17608404662934 14557.22573843403 0.0 14494.784229593173
97 903.8088650703486 61.118915913748715 168.345394876818 225 229.4643107905667 14527.841302078728 0.2876368563131564 14466.43474930867
22 213.29542124285973 67.21420192885927 179.15100351210398 239 246.36520544096328 15225.582384263176 129.96390524297732 15028.404277091335
102 920.1470413135025 63.57027596327864 173.24617332279195 229 236.81644928607056 14527.934543658826 0.0 14464.364267695544
81 698.4998252857604 62.33912316658137 175.19187154817033 235 237.53099471475173 14756.137558732997 14.51668782294962 14679.28174774346
90 792.0014700740659 62.14950783500317 178.13108673486283 235 240.280594569866 14663.31615270892 0.0 14601.16664487392
80 693.7497771044027 66.46710168765587 180.4828458949683 237 246.9499475826242 14762.845988504407 0.0 14696.37888681675
