# Cpu scheduler: fcfs
# Quantum: None
pid arrival_time cpu_bursts_time io_bursts_time nbursts bursts_time tat ready_wait_time io_wait_time
9 46.596082296180235 54.99530149950594 44.09212506694557 7 99.08742656645153 491.39934174170156 335.63389770075827 100.77014254143732
10 54.72963499629242 58.845109286451006 49.746202786670636 7 108.59131207312164 531.6651907555108 356.71019319349614 116.1098882755637
17 85.87046990322152 54.07605144374899 34.38708400370601 7 88.46313544745499 583.9759119344274 377.9298201498159 151.97004034086257
5 31.795359715541352 83.69013416983312 77.4519989120117 11 161.14213308184483 720.8150786013103 414.86309979637394 222.26184463510333
15 79.17259713794681 73.22044139679143 59.53459482282886 9 132.75503621962028 697.1575117613323 375.33677975752624 248.60029060701464
20 101.57851965621812 72.516971919583 45.76941729873812 9 118.28638921832112 751.3297318168957 421.51593165344104 257.29682824387163
21 103.55971408847876 72.5298694528291 66.38156291241708 9 138.91143236524618 765.7750037663245 421.87704161344766 271.3680927000478
16 83.33170391681004 95.18611047372686 72.07183965388427 11 167.2579501276111 852.5725430926965 396.89991408586627 360.4865185331034
19 96.9224503682905 106.5360535620585 92.08452518050247 13 198.62057874256095 1059.3095628668486 395.73643209274974 557.0370772120405
1 15.037383018576458 153.62419975360203 116.35993185074558 19 269.9841316043476 1264.0371771296022 397.13343683595804 713.2795405400421
36 217.15088910837778 40.50117784972353 110.18047319029549 145 150.681651040019 20692.742869567926 356.7303286373941 20295.511363080815
4 29.85302698272766 41.449912566418995 120.35267869285838 161 161.80259125927734 22369.51643069651 505.94557354122355 21822.12094458886
13 74.45978846378442 45.320350271743884 131.8402711225516 173 177.1606213942955 24611.79597629707 453.4780535159178 24112.997572509405
8 37.16531992332461 51.88241514864945 129.84398720895643 177 181.72640235760588 24918.889204071136 486.9095433057576 24380.097245616736
134 1206.802905185912 46.82439383526155 120.0416672638542 163 166.86606109911574 24030.83843120027 0.0 23984.014037365007
12 71.94701085882535 49.08041570889002 134.13698948556723 177 183.21740519445726 25188.472577679706 462.3461487706948 24677.046013200128
39 242.90497486310107 52.59906800265538 134.29513135283602 175 186.89419935549142 25184.7439984453 369.4810237163835 24762.66390672626
177 1637.3514320911047 41.518338632783724 120.25911778438729 161 161.77745641717104 23904.676740185318 0.5654921489963272 23862.592909403527
58 566.8273289676283 42.45043905699481 131.54407770587616 173 173.99451676287094 25073.102563059776 172.64039052788348 24858.011733474905
0 15.037383018576458 46.47939876282494 136.12054087406128 185 182.59993963688623 25646.065667400388 530.9238740543076 25068.66239458325
85 835.1905268453569 46.307527154707394 123.13171590181166 171 169.43924305651908 24920.442462943007 24.46222694820335 24849.672708840088
27 129.61286156410458 50.783335055721906 134.543602710516 179 185.32693776623793 25688.35662194666 451.1468268544322 25186.42646003649
76 738.5271798540766 46.609675733037605 128.03526738245327 173 174.6449431154909 25165.13225966112 97.117974605781 25021.404609322308
154 1322.3245838156627 46.12165395469928 122.22453053690121 167 168.3461844916005 24670.769616627884 0.0 24624.64796267317
23 109.77609366028548 51.30279366303122 136.3764934266486 181 187.6792870896798 25932.6893150554 478.5652794493235 25402.821241943053
196 1874.7096369849346 43.493711139843995 122.62782409033733 163 166.1215352301813 24224.039463602374 0.0 24180.545752462527
88 864.7645221744415 46.20814350923479 124.99016899123306 173 171.19831250046784 25243.70056056131 15.649102353161197 25181.843314698915
72 690.9673830736623 50.67528653259333 134.40588834035853 177 185.08117487295186 25692.40774943221 80.16328085622581 25561.56918204339
105 965.0534793086192 51.224533827890866 130.5914657761748 175 181.81599960406567 25583.491915857365 26.471298749951757 25505.796083279518
172 1599.5070180472453 47.06446229080748 128.09772356440715 169 175.1621858552146 25017.679267895695 0.2471990935996473 24970.36760651129
73 698.7057304737119 50.06856142241509 129.77480798803646 179 179.8433694104515 25981.38881792816 69.28439829850197 25862.035858207233
204 1933.8414161969006 43.990226678982 126.91419095427548 167 170.90441763325748 24774.96159011863 0.0 24730.971363439643
74 704.6874126391609 52.38070407951074 135.71967667100714 179 188.1003807505179 26006.23328415809 64.10960851097161 25889.742971567604
144 1269.1576196713452 44.34992237697876 127.16212866630893 173 171.5120510432877 25471.832615152915 12.463630124762176 25415.019062651187
34 202.8360550249057 52.24996677356447 139.30204887094382 185 191.55201564450823 26589.869166923414 375.91072759198164 26161.708472557857
40 263.57753457689364 53.94092302043897 136.97822915076299 185 190.91915217120197 26587.48754174125 366.4705586244163 26167.076060096402
44 371.869907851231 51.35231988740616 136.99645642519332 185 188.34877631259945 26647.173823287125 286.1096909883351 26309.711812411395
166 1521.5628401156703 46.894686016192516 130.09881678273368 173 176.99350279892616 25539.76166845539 0.0 25492.866982439195
81 803.7909035995144 47.50253808584754 133.56423519437232 181 181.06677328021982 26294.218236273413 50.4961335340289 26196.219564653537
42 287.4570292493962 55.29881535779886 138.40983523622413 187 193.70865059402297 26873.816504769147 324.4659283968418 26494.0517610145
7 34.69044294683754 53.43108656587072 139.94532596355728 193 193.376412529428 27156.928431322012 496.37190468012665 26607.125440076026
14 76.64785619285618 53.97998981096708 138.66000532927262 191 192.6399951402397 27149.511959974596 447.53468123008304 26647.997288933544
206 1949.2149489041446 40.84287374403505 124.2327992177165 171 165.07567296175156 25305.496543953792 0.0 25264.653670209755
149 1283.6337113417937 48.94363829162312 128.60820487071126 177 177.55184316233436 26010.93244043952 5.482925357495105 25956.50587679041
100 932.9653422346089 49.93984547962861 138.19134337583742 181 188.131188855466 26378.108385496213 10.68490563265425 26317.48363438393
60 594.0451641239111 50.22429010632812 141.00070843900195 185 191.22499854533007 26725.00145185199 127.54567932586463 26547.231482419804
155 1338.9909796658183 51.370025078653896 132.0394442212036 177 183.4094692998575 26019.830216352508 0.07761780481405367 25968.38257346905
49 448.8790335434649 56.235309639007404 143.4457571861327 187 199.68106682514008 26925.77099061972 229.65835209669189 26639.877328884013
135 1221.2636923062605 52.29221722070304 133.31996228778496 179 185.612179508488 26237.141567278064 0.2099291283823277 26184.639420928983
152 1297.3038593641882 50.35294843604509 134.78934558717 179 185.14229402321513 26262.79616169495 0.03908138853762466 26212.404131870364
168 1566.9339782585614 47.54454196605718 133.97504783501762 177 181.5195898010748 26047.175514686158 0.10012892143117824 25999.530843798675
205 1948.2079496284102 45.19824406164965 131.8108697093731 175 177.00911377102273 25800.352030100014 0.0 25755.15378603837
2 16.821265973609616 55.645982716143834 142.77522492989135 199 198.42120764603519 27738.56777232234 530.7425526721412 27152.179236934062
96 901.9305119393645 49.467041534527546 138.38503075910836 185 187.8520722936359 26855.434565391726 36.678962643644695 26769.28856121355
148 1283.3569156059575 48.649624839048 131.2194841386658 181 179.8691089777138 26508.1070397975 5.004707693403361 26454.452707265038
59 582.8310073171266 58.5610771162967 140.41631560760354 189 198.97739272390027 27218.47180207157 139.70826248938658 27020.202462465888
101 944.6685362476165 53.865512787578176 137.79091158161185 185 191.65642436919006 26883.25732891092 3.4648506848251373 26825.92696543852
24 112.29999241764988 56.69493473804448 153.91351222910026 195 210.60844696714474 27758.73279295812 470.28361337926697 27231.754244840817
26 128.93446284475755 55.34467868138107 146.24695649001424 195 201.5916351713953 27793.09344821468 454.1399654093125 27283.608804123985
138 1230.5507381102627 51.68317578134424 136.6053570553546 183 188.28853283669886 26729.740435408567 0.6965737191023891 26677.360685908123
95 890.0598816706109 51.92599685149165 143.23057088552545 187 195.15656773701707 27094.413191979344 2.0276330061749377 27040.459562121687
182 1709.8342763530566 48.10971887862646 139.1499422298628 179 187.25966110848924 26296.614063851866 0.5652219475903166 26247.93912302564
183 1722.8675506990753 50.212205484812195 132.62605892383536 179 182.83826440864755 26293.846284078314 0.0 26243.634078593506
185 1729.1522374282276 49.004701713121605 133.8001947028269 179 182.80489641594852 26294.251116873074 0.0 26245.246415159938
32 186.49121101847078 51.78502733419869 147.58893241380582 195 199.3739597480045 27840.428694258295 404.5528518437431 27384.090815080355
102 954.3374379815926 52.75752151032675 139.5131919621822 187 192.27071347250893 27098.233572953548 0.0 27045.47605144322
83 816.4877990382829 52.90705010793979 146.86181563512037 189 199.7688657430602 27267.40577474014 48.20268613086989 27166.296038501332
54 496.24529424613473 48.220957724719966 143.94163771312094 193 192.1625954378409 27657.22423072698 186.04327075658892 27422.960002245673
31 166.800250366411 50.75761415968373 147.18807455392712 197 197.94568871361085 28042.16521154087 442.81157875920167 27548.596018621967
77 747.8440365409301 54.92039704965578 143.62041257144222 191 198.540809621098 27463.68975349943 83.77463460467277 27324.994721845105
35 214.52579635267617 55.03811232809979 150.8302354823401 197 205.8683478104399 28034.25688985166 361.9590765172029 27617.259701006336
153 1315.320602401289 51.29711311962484 133.84060120748555 185 185.13771432711036 26948.781445314202 0.17779249372279082 26897.30653970085
41 273.2773339639478 54.41679010503013 146.78929048864433 197 201.20608059367441 28041.28772521494 342.73006744269907 27644.14086766723
70 660.9687268967408 46.34707621827643 144.6401212731427 193 190.98719749141912 27672.161468628317 96.76525508544046 27529.049137324608
89 869.6856084563559 50.88050122090333 141.55235870435476 191 192.43285992525807 27496.986770023883 12.392613832111806 27433.713654970867
28 132.31251815323506 55.24489208457172 148.23572280835776 199 203.4806148929295 28237.193162398726 437.6696252410086 27744.27864507315
47 399.5756583727151 56.42888322311691 148.00980269163333 197 204.4386859147503 28058.384904090966 231.9242829837101 27770.031737884143
167 1557.491671399231 50.87659303432314 140.2334624188355 185 191.11005545315868 26935.106431393404 0.0 26884.229838359097
66 630.3721415934289 52.69639762310393 142.80637265938066 195 195.50277028248456 27869.628063948512 131.47224935143447 27685.459416973983
116 1039.998729647209 54.99265466630369 140.90731309944027 191 195.89996776574395 27554.505765213373 0.02466026940919619 27499.488450277655
209 1966.6159414477538 51.74738313029179 138.4533330459697 183 190.20071617626147 26659.723613653507 0.10721753322673067 26607.869012989984
191 1810.804875780485 55.24612467854063 134.7792553625747 185 190.02538004111534 26888.193516729552 0.0 26832.947392051014
131 1193.3921593323937 50.31052048257821 138.18940794029564 191 188.4999284228739 27541.63874559454 0.06707505400731861 27491.261150057944
163 1470.4231468823257 48.091017779310825 143.16713324195845 189 191.25815102126933 27347.962933620052 0.0 27299.87191584073
99 920.9578125635712 54.44996674735788 140.5724216329826 195 195.0223883803405 27912.611820514783 31.72302587844365 27826.438827888975
65 618.7507370605165 57.48654150612875 145.6750305259274 199 203.1615720320562 28261.77749868999 125.73982922633775 28078.551127957526
127 1155.9549498739013 56.16648186112276 142.4722710495489 193 198.63875291067168 27733.445261809615 7.8528597450474535 27669.42592020344
68 644.0008297129151 52.16030792353132 147.29604968300643 199 199.45635760653772 28256.07739693544 107.51636792452246 28096.400721087382
22 103.81993804052908 56.411571710097284 151.20600413278126 205 207.61757584287855 28799.570391977126 489.1906144015172 28253.968205865513
110 993.733544544763 51.004237817265384 146.67844359146724 195 197.6826814087326 27917.41255387034 0.4044544705627686 27866.003861582518
199 1888.1069519829075 45.22540461248321 137.2456141396121 187 182.4710187520953 27067.014860099454 0.6374252642858664 27021.15203022268
11 69.94192227118276 54.62375214289594 157.10028973425898 207 211.72404187715495 28887.664633263612 468.99660617274486 28364.04427494797
181 1703.4960368490322 53.22984061372542 139.57165793556928 189 192.8014985492947 27305.348930937904 0.7809018736161306 27251.33818845056
64 615.5509350928904 56.67424564549688 149.7895239270887 201 206.4637695725856 28444.954520274685 133.34867596932327 28254.931598659874
107 972.4567806798707 51.666406296224395 149.7806719487885 197 201.4470782450129 28096.622287859976 17.10248652531402 28027.85339503844
198 1886.6039789481101 50.778982878850144 137.86899626766083 189 188.64797914651092 27247.985791762785 0.0 27197.20680888393
92 877.2163478476984 55.3077765830803 144.31633487539435 199 199.62411145847463 28272.598537061185 9.141738745759426 28208.14902173235
18 87.48370384156573 55.222763667294046 162.06951935885056 209 217.29228302614462 29125.089453555775 479.46028220400547 28590.406407684477
79 776.6721217888712 57.01572420317327 143.06853803420418 201 200.08426223737746 28439.72668383286 48.39300697122599 28334.317952658457
38 237.9743863968873 62.268134846275686 151.26572675660387 207 213.53386160287957 28998.974019415327 380.4865870497199 28556.219297519332
194 1865.1496183901772 54.78054296249431 142.48729578682648 191 197.26783874932073 27423.936155825697 0.0 27369.15561286321
113 1013.9002123589295 54.84355475386509 150.5084750886127 199 205.35202984247775 28292.842754397738 0.4028214602286653 28237.59637818364
137 1223.4652119150242 56.32362172923688 141.7884466102216 197 198.11206833945852 28093.672333247705 0.4409020182347376 28036.907809500233
98 917.8962598073201 56.711012769754404 152.45016418372373 201 209.16117695347816 28442.520055882113 39.08119517184798 28346.72784794052
45 371.9499788200329 57.874986602573124 157.80773460440224 207 215.68272120697537 28992.656769568755 277.6002984749322 28657.18148449126
128 1155.9889597836534 58.64703401561921 149.37465350198408 199 208.0216875176033 28253.27204573932 8.183669064005016 28186.441342659684
129 1187.8345081849632 52.07299986416208 143.65340308033572 199 195.7264029444978 28243.522257737466 0.0 28191.4492578733
192 1849.281036267172 55.685801884353566 145.30449268233608 193 200.99029456668964 27588.09034706299 0.3663114951671105 27532.03823368348
132 1203.1858423454776 57.01895523376431 149.66831982737799 199 206.68727506114232 28255.858792356812 0.0 28198.839837123043
133 1204.1473886415515 56.99719886066143 147.25706379087413 199 204.25426265153556 28257.452778630945 0.22531462724418816 28200.230265143044
115 1032.6376821214167 61.02402167205376 146.35647814379487 201 207.38049981584862 28444.772648486152 0.0 28383.748626814115
33 194.8558424043315 61.802399619490764 161.13340715215946 211 222.93580677165022 29339.0358114666 397.1316620934792 28880.101749753634
186 1759.0691498035615 53.65319542402407 143.92734844583836 195 197.58054386986242 27780.4956247195 0.0 27726.84242929549
174 1609.8340072324534 51.72517609186857 142.34110834322885 197 194.06628443509743 27985.51872314268 0.0 27933.793547050813
52 478.26289643281535 57.57128114165725 162.3002568857602 209 219.87153802741747 29122.374779117876 198.84801652928383 28865.95548144693
63 605.9294734174883 57.63465639352039 153.09953916366243 209 210.7341955571828 29080.668884527673 112.77546990895496 28910.25875822519
37 227.2882345028742 57.425620777972206 157.93691372057552 213 215.36253449854772 29468.477180675192 382.7303673487936 29028.321192548417
130 1188.3302354465936 56.42346088642718 151.3722585812903 203 207.79571946771748 28541.948612632124 0.0 28485.525151745693
55 502.11792789065606 61.85924017480556 156.22312597533477 211 218.0823661501403 29260.501311823944 175.22927545657313 29023.412796192584
141 1247.4782459558 58.490145290260116 146.89458523438603 203 205.38473052464613 28544.81356165492 0.0 28486.323416364663
94 887.5142585076201 52.59872867850416 156.75053035121832 207 209.3492590297225 28906.43319232594 4.014275165601589 28849.82018848183
147 1282.7893872619766 52.29876621911656 149.86296337401063 203 202.16172959312718 28533.213475532157 5.045509235136706 28475.869200077923
3 23.549858886599214 62.15926591501273 167.81722385491432 221 229.976489769927 29795.27744857238 516.5500209550205 29216.568161702337
109 989.5273816723887 56.525493007424515 152.57314674588338 207 209.09863975330796 28870.410071413404 0.751753835079171 28813.132824570894
25 115.3511956993005 58.483799134407526 166.01376215895817 217 224.49756129336572 29760.924658511307 467.06318154065366 29235.377677836226
180 1672.512993573188 49.970356764426164 150.77929855286084 201 200.749655317287 28242.931182609173 0.0 28192.960825844755
156 1340.5973956939188 54.90193982664539 151.6459674381505 205 206.54790726479584 28637.88706316371 0.0 28582.985123337083
67 633.2612954418903 58.78919976769821 163.671932395818 213 222.4611321635162 29350.508697235815 122.28133729732929 29169.43816017079
195 1866.5855171052572 52.775652600301946 146.16112726568502 201 198.93677986598695 28143.3573977927 0.32598725649927474 28090.255757935895
71 683.3530291887282 58.152360778632044 156.5021060772255 213 214.65446685585755 29329.925168394882 88.69113502197968 29183.081672594275
91 876.003685602148 61.43713482691091 160.16748397337952 211 221.60461880029044 29154.844914816877 9.517402524028057 29083.890377465934
162 1441.863804009113 53.35911858205106 151.97772987938978 205 205.33684846144087 28604.926807321815 0.16845600428041507 28551.39923273547
75 716.39654792466 58.516788283196895 159.1126865166667 213 217.6294747998636 29336.05410512436 51.664442652113735 29225.87287418906
57 532.6715447321054 58.729446249257514 163.22473486886446 215 221.95418111812202 29525.13128443255 150.58637341507358 29315.815464768213
151 1295.4563954580185 54.47524540933506 156.23819721741881 207 210.71344262675387 28787.94893354896 0.7146741247222508 28732.75901401489
62 604.5253263497856 57.92509884726187 166.71698083301087 215 224.6420796802728 29481.597327018924 114.71345161905344 29308.95877655259
125 1154.2240678796036 57.61735458815943 158.60988684711404 209 216.22724143527347 28952.19868503542 7.759421627934898 28886.82190881933
84 826.8656253590775 60.031268342241844 149.20118021389328 213 209.23244855613513 29287.72494896929 32.60815029206833 29195.085530334978
69 660.4269049865966 57.38149467191913 160.82799719071804 215 218.2094918626372 29465.871559727202 97.09852553115809 29311.39153952413
160 1418.1815387261602 61.719640217146726 158.9464357531297 207 220.6660759702764 28726.755951057385 0.0 28665.03631084024
161 1434.4132008354813 57.49806295479256 158.44202277812943 207 215.94008573292203 28721.861686811604 0.48355669544162083 28663.880067161375
187 1766.6640563599544 53.4004152988086 154.53729032318955 205 207.93770562199813 28433.751356447523 0.0 28380.35094114871
48 418.56186591469606 60.10373801204811 163.80140869049575 219 223.90514670254385 29789.01378533257 245.32723118138853 29483.58281613913
170 1585.2018212483079 56.318640200637695 146.3782486882226 207 202.6968888888603 28637.78190944284 0.0 28581.463269242195
111 994.1345910995508 56.087375979045 160.19295820277227 213 216.2803341818173 29235.02584212108 0.2960568111110433 29178.64240933091
159 1393.3891241043727 59.5633889966323 153.71892720750367 209 213.28231620413595 28847.597377536524 0.0 28788.03398853988
6 34.635090115406975 62.58672543543855 169.93118592988935 227 232.5179113653279 30208.610821295628 507.21885133868255 29638.805244521496
114 1022.7709898917507 58.44783801993665 155.76917964639622 213 214.2170176663329 29227.033342445535 0.0 29168.585504425595
29 141.87730408847256 62.15190386573202 167.75473357011205 223 229.90663743584412 30120.36466784336 410.5601438043957 29647.65262017325
139 1233.805343360034 58.211153543221144 161.50299938537296 211 219.7141529285941 29030.009395409747 0.0 28971.79824186653
142 1250.0778516241523 57.49470524068227 158.27653679812286 211 215.7712420388051 29026.290507534646 0.0 28968.79580229396
120 1076.247995226954 56.45382965981541 152.62252518981015 213 209.07635484962555 29210.09331119612 22.146953301408075 29131.4925282349
150 1294.9873314863491 58.90507162219179 152.37398602951913 211 211.2790576517109 29006.021039460218 0.0 28947.11596783804
190 1788.9912025825674 58.00550650505934 154.532964554988 207 212.53847106004739 28527.642000522937 0.0 28469.636494017886
82 804.0895516405678 60.33891031400063 159.42207163732942 217 219.76098195133005 29516.31766587584 48.95352250574683 29407.02523305609
108 979.2474326587707 56.59078743697404 162.9493446478601 215 219.54013208483417 29342.944869747636 9.233571657652874 29277.120510653007
53 478.45549582860707 58.25077814265456 166.4481894172157 221 224.69896755987025 29863.082455467305 197.85648837498246 29606.975188949673
119 1051.6470015187545 61.20658907289936 156.96883570752502 215 218.1754247804244 29317.236132093465 0.0 29256.029543020555
97 904.359470276298 55.53288683717498 162.1924264529691 217 217.7253132901441 29469.268958091052 31.655317837707912 29382.080753416158
145 1281.4325347910765 62.84142978754621 159.9874502890738 213 222.82888007662 29099.913318965915 5.2422952084848475 29031.829593969876
122 1084.230441042392 61.97968781636596 163.7060046023844 215 225.6856924187504 29299.74846135169 14.01823253442808 29223.750541000907
188 1781.6620838835934 56.702862391826685 154.78214622651439 209 211.4850086183411 28616.64229612462 0.0 28559.939433732794
189 1784.3507318747113 53.20342346434458 158.84047378129736 209 212.04389724564192 28616.984152634548 0.07487772281297111 28563.705851447387
126 1155.1140328668673 59.65532652818857 164.82121527193593 215 224.4765418001245 29247.781304910273 7.795253699772047 29180.330724682302
176 1626.9139275433154 57.381729728338556 157.46112939949322 211 214.84285912783176 28797.973574660864 0.09015959576868227 28740.501685336767
200 1900.520940763314 58.77217117647022 155.4604486106702 209 214.23261978714044 28528.37139772869 0.0 28469.59922655222
30 150.722225364342 59.50593809256724 162.2123341416298 227 221.71827223419703 30287.653048623655 398.96410360633377 29829.183006924755
140 1238.0131152569609 62.87116447098327 159.2479936426951 215 222.11915811367834 29204.50656856165 0.8046615688144811 29140.83074252185
46 382.689666794455 60.159728615990694 168.97746843242894 225 229.13719704841964 30077.578001890037 255.87679762036197 29761.541475653677
165 1504.9740605886802 60.38533464982876 165.17901710914202 213 225.56435175897082 28956.62212473086 0.0 28896.23679008102
158 1389.0293009936786 59.89705812947854 162.49916144242985 215 222.39621957190838 29099.882110859708 0.43121211305447105 29039.553840617184
175 1624.297217082046 58.09702243887878 164.15231427497918 213 222.24933671385799 28866.487137234293 0.6390007837421763 28807.751114011673
202 1919.416417509897 55.21385880735277 158.834919405694 211 214.0487782130468 28582.752749560426 0.20614119317110635 28527.332749559908
123 1111.5909620741036 59.100401243329785 166.73057926270042 219 225.8309805060302 29413.098536925623 0.02616854635607524 29353.97196713595
171 1585.6127012842271 54.050679881352515 156.7420571704885 215 210.79273705184096 28950.582723449854 0.13206233270943812 28896.39998123579
87 848.5284686177285 61.9772498480404 165.15850830684033 223 227.13575815488082 29694.38023057266 25.012349565643945 29607.390631158974
197 1879.5014683365312 55.33235585731477 157.53039205986246 213 212.86274791717727 28669.04580680926 0.2183782133151908 28613.495072738628
201 1915.7621317432636 66.33662359067823 158.58733440988496 213 224.92395800056318 28637.378490088657 0.0 28571.041866497973
93 886.8987273382339 65.16591627326316 166.24429464876354 223 231.4102109220267 29674.689117119662 4.095359419010947 29605.427841427383
164 1478.822613727529 56.12546006452523 164.05780690108938 217 220.1832669656146 29092.058243969 0.0 29035.932783904485
112 996.5201889396249 61.645054495543725 168.01863166654144 223 229.66368616208513 29595.887167461333 0.0 29534.242112965796
56 529.612221143981 63.11891919457318 171.98073164983757 229 235.09965084441075 30078.74245216607 155.6580086694638 29859.96552430204
184 1726.5578699782068 62.4690468729691 159.39436121524034 217 221.8634080882094 28892.1249109307 0.3715290460174856 28829.284335011722
90 872.1473902633493 63.44040983874403 173.50480268045328 227 236.94521251919733 29769.97158976288 11.657543123616279 29694.873636800512
208 1965.5680616515679 62.07444576451832 157.93236346523454 217 220.00680922975283 28689.4959592084 0.0 28627.421513443896
50 455.17917488969414 69.49490473502436 174.76913638951225 233 244.26404112453665 30218.80409262105 218.40494285769563 29930.90424502833
78 748.8237532069664 62.53680768559824 173.99825598188437 231 236.53506366748266 29947.267724917805 78.1865905721886 29806.544326660023
61 596.6344792666587 64.21206816708296 177.14533540762136 233 241.3574035747043 30102.704293945382 124.60685558903549 29913.88537018927
80 784.8585938640356 62.06082651193211 175.24078794357595 231 237.30161445550806 29915.3509781665 38.98934113142923 29814.30081052314
103 958.0100945732956 62.042046938883864 171.58629162941799 229 233.6283385683019 29743.907782011247 0.0 29681.86573507237
43 289.5157345400824 61.00430004890139 178.7941107903118 237 239.79841083921318 30427.341938279184 320.0323462502771 30046.305291980018
124 1131.1703396246671 64.20948480686451 167.93865920483458 229 232.14814401169906 29603.744501305977 0.0 29539.535016499132
106 967.6059916545797 68.38941507457622 165.22908080954116 231 233.61849588411738 29769.55172690167 22.652259534319228 29678.510052292782
157 1361.5727763792336 62.3605554057882 168.87082202203163 227 231.23137742781984 29377.492819028383 0.0 29315.132263622592
179 1660.9323192520774 62.23437781276902 165.31183018134723 225 227.54620799411623 29089.22278456251 0.0 29026.98840674974
203 1928.2065872548992 57.536768738361445 169.81720987912828 223 227.3539786174897 28823.214216753728 0.02396047436104709 28765.653487541007
207 1962.5296087036104 61.860371095424085 168.79388778373047 223 230.65425887915455 28795.13139140077 0.7245713191514369 28732.5464489862
143 1259.7132993279495 63.40158675884569 176.1676556671652 231 239.5692424260109 29517.21245976177 0.0 29453.81087300293
117 1041.084532583143 66.25861395969147 168.97604302671 235 235.2346569864015 29754.156434040386 0.47464416143338894 29687.423175919263
173 1605.0687926443084 63.882375786404744 175.15093728539978 231 239.0333130718045 29201.132401352377 0.0 29137.250025565972
104 958.7829602165561 66.47704780946415 177.37412646674096 239 243.85117427620509 29857.43127701055 0.0 29790.954229201085
193 1856.5546161615966 62.584881036199086 176.59027208717578 233 239.1751531233748 28978.884737324497 0.2107547957548377 28916.089101492544
121 1081.7012331229375 67.24712261290776 178.43891807700624 241 245.68604068991397 29760.30180020318 15.96181327267368 29677.09286431758
51 457.222816059688 66.19068784595505 189.7312218628131 251 255.92190970876817 30400.29294787659 214.01988207378616 30120.08237795685
86 847.5352288782889 72.51412554851233 185.72552845227645 247 258.2396540007888 30011.956146706634 24.85802967942209 29914.583991478696
178 1646.7007570710252 63.31059150565778 177.9977203371028 243 241.3083118427606 29229.028102461412 0.2038595945380166 29165.513651361223
136 1222.739109613096 69.60311479616303 189.4494821577204 247 259.05259695388344 29654.669313684397 0.0 29585.066198888217
118 1041.6956291732638 72.80259272538969 194.92372864367724 253 267.7263213690669 29846.79993782674 0.8323436476771349 29773.165001453683
146 1281.7393434316184 70.77938344005528 188.59449182095707 251 259.37387526101236 29608.02743997556 5.243030338481049 29532.00502619704
169 1572.9102733712384 66.17162151858258 187.5856193314503 249 253.75724085003296 29318.4305756596 0.15389674986727186 29252.10505739117
