# Cpu scheduler: fcfs
# Quantum: None
pid arrival_time cpu_bursts_time io_bursts_time nbursts bursts_time tat ready_wait_time io_wait_time
12 81.41813195565608 39.894434782727885 29.94506561868807 5 69.83950040141595 375.22442954854523 246.6614764137501 88.66851835206722
9 71.26137859526732 58.80949346118638 41.93972749325687 7 100.74922095444325 456.8934277445407 255.29938752628286 142.78454675707144
23 161.50003550921187 48.953294175384244 50.57908931017526 7 99.53238348555952 596.4888507056135 264.13076512256043 283.4047914076689
1 3.6807532868524278 118.65556171578348 109.12227418050392 15 227.7778358962874 776.7910246702411 303.36667662802023 354.7687863264374
14 105.89715678751783 62.15244877138007 58.946485754276836 9 121.09893452565689 720.2890780637337 283.05831968025075 375.0783096121028
22 152.8735166812694 64.85519085509735 59.43210130046492 9 124.28729215556228 810.3596252420366 269.66346506930745 475.8409693176318
10 75.3684252801923 111.48614062151785 88.27691566377328 13 199.76305628529113 1019.4097064448501 293.4909804354107 614.4325853879214
7 40.707144776536005 150.26201669243537 137.55795474356782 19 287.8199714360032 1614.3980292823244 307.59996886748183 1156.5360437224072
20 147.44015245629578 139.13481580966956 131.04968131896626 17 270.1844971286358 1736.8866953954434 254.05423109755978 1343.6976484882136
15 113.11164150719316 192.0019460018505 177.34271583072345 27 369.344661832574 3229.7602230738 283.22366731831767 2754.534609753632
53 423.7817191304987 45.07721742951477 119.00595863776961 159 164.0831760672844 23353.065359218777 206.18131892714416 23101.80682286212
93 845.376190571113 42.17127011164373 115.36036101008925 155 157.531631121733 22952.154363716654 7.099292141269984 22902.883801463744
51 413.71708035156445 45.2224105503053 123.44817035279243 163 168.67058090309772 23951.35793721779 239.2270959487197 23666.908430718766
52 415.7685623209505 41.696648765411666 125.38102042979659 163 167.07766919520827 23951.20815062585 224.09092896126236 23685.420572899173
3 10.983005672011117 53.715644057269294 123.36821133814492 177 177.08385539541422 24865.167114720924 388.8071050329329 24422.644365630716
103 928.6978197387069 48.32271292796136 115.72823097588753 163 164.05094390384886 24172.8797292606 41.3213471897277 24083.23566914291
44 365.28449229693007 45.508058866981195 130.70262798214867 171 176.21068684912984 25064.202673062046 177.62365712206002 24841.070957073003
5 32.479467982632144 53.094922730327426 133.38378880657072 179 186.47871153689812 25431.265131418444 377.47055894757824 25000.699649740545
54 426.76086230327974 50.1501813616378 131.68541074235927 171 181.83559210399707 25112.91892528268 185.14844098299835 24877.620302938038
72 622.4366692462839 46.50639936510785 123.10025755154696 169 169.60665691665483 24936.979483965377 57.01458776874233 24833.458496831532
120 1067.6402068919451 45.86655245731375 122.58473777545703 165 168.45129023277076 24516.516317415582 0.18533116814342065 24470.464433790126
155 1353.3611582255103 44.88646062750635 122.26777072658113 163 167.15423135408747 24305.15727838099 6.901407289349891 24253.36941046414
21 150.70926395386547 46.72911194836848 134.01268760672735 177 180.74179955509587 25812.769287418367 364.56045614174354 25401.479719328247
32 241.3877930102724 49.86846587244362 131.82707428298724 177 181.69554015543088 25866.88046669713 341.8764203579499 25475.135580466747
37 286.0779724834201 50.79049633832827 134.26303607155455 177 185.05353240988285 25903.28307764583 293.3834718267043 25559.109109480785
39 287.1990269235112 51.227123330987865 135.32444673096836 181 186.55157006195623 26461.574599708973 280.97049242041965 26129.376983957576
4 17.032902780959272 54.90265519548365 142.39938855988197 191 197.30204375536567 26860.183861947407 372.3830667948031 26432.898139957102
34 257.642701779127 51.7639281607349 132.7223679164036 183 184.4862960771385 26699.60080263389 245.10344973619948 26402.733424736954
144 1298.967087920268 44.95572377535337 126.73801469588135 173 171.69373847123467 25693.61638530288 0.8400071176654365 25647.820654409858
156 1355.9512843684638 51.69976155778425 131.56984341727346 173 183.26960497505775 25705.457840784886 5.39431140423676 25648.363767822862
56 447.6955570503443 50.69580098312908 135.98256640427576 183 186.67836738740488 26787.512680457985 141.87013367227075 26594.9467458026
116 1060.892814432124 46.24409056976519 136.37487291875732 177 182.6189634885225 26183.038637607693 0.0 26136.794547037913
142 1293.6111596980263 47.69451536851237 128.17796540803351 175 175.8724807765459 25964.2910727887 0.14264957193222472 25916.453907848245
40 295.2374484712312 49.5095078810719 136.22200982639123 185 185.73151770746315 27010.763719789597 246.95553591573395 26714.298675992777
8 48.209915662387985 50.72107345572594 144.0164879601425 191 194.73756141586844 27304.48288380384 418.2986788856643 26835.463131462457
6 40.55701484033786 52.917059171624395 146.23571316766163 193 199.152772339286 27387.17855102417 357.37322496904494 26976.888266883507
27 201.51558547456378 48.36803589468395 139.20893878361838 187 187.57697467830235 27231.35405415541 270.6223190844503 26912.363699176258
180 1582.0197755740685 51.468670223936634 130.57616499651434 175 182.04483522045095 25977.46718945749 0.0 25925.998519233555
149 1332.9950393251574 46.612864519238705 132.97051406521666 177 179.58337858445537 26228.67175236994 34.05119250924554 26148.007695341457
60 487.0121416244366 54.90299870771214 136.019777405816 185 190.92277611352813 27082.701840673606 146.62130684198496 26881.17753512389
152 1342.2121922727622 52.29889688361196 136.6827261303112 177 188.98162301392318 26232.516498610534 14.501198810338565 26165.71640291658
48 379.51293664655344 49.12531935943004 135.5807302067073 187 184.70604956613738 27325.262589886308 160.40915708773008 27115.728113439152
31 236.0903959865803 50.878596699558365 144.0124876865561 189 194.8910843861145 27507.646203645552 364.4579604577906 27092.30964648821
75 638.7403056617445 52.905197547258425 139.7673411105616 185 192.67253865782004 27132.709071296398 39.40924220460852 27040.394631544525
79 679.3402572324569 49.76276168651889 137.80825731945853 185 187.5710190059774 27154.514068038327 57.20337253420212 27047.54793381761
64 516.1287353946259 48.699963673629156 140.10020018587838 187 188.80016385950756 27369.30997537988 126.04413423478275 27194.56587747147
68 550.3265206878152 49.474116974676036 140.7486108375921 187 190.22272781226818 27362.47353600111 70.98828238349608 27242.01113664294
0 3.6807532868524278 55.46857888273132 150.77234247917426 201 206.24092136190563 27921.674960850913 400.3556893764322 27465.85069259175
71 604.4575631358313 54.238679949142345 141.18773975562053 187 195.42641970476285 27390.447655092205 180.60675854235717 27155.6022166007
173 1537.9684446812087 53.04636628757822 131.5550626498625 179 184.6014289374407 26494.763138851282 0.0 26441.71677256371
65 525.527046258246 49.15069631113723 142.33799878672863 189 191.48869509786584 27603.746804537528 112.28386760238709 27442.312240623996
199 1719.2329796433617 46.27091137241017 131.6568965315003 179 177.92780790391046 26474.29942169393 0.3659726379028143 26427.662537683616
49 393.18025763221453 52.217890762394205 144.9301338585719 191 197.14802462096617 27812.233871090008 144.86445818441285 27615.151522143206
36 278.1317892810859 52.284136326798766 143.2876139204089 193 195.57175024720766 28007.46661344233 246.3877454117067 27708.794731703834
161 1366.9164118231095 46.46813691723502 138.6684525506034 183 185.13658946783843 26976.06045558454 26.916707288471116 26902.67561137883
162 1369.2051028822616 51.27500972961876 138.44806845730685 183 189.72307818692562 26977.671672498906 23.648723696045863 26902.747939073248
62 495.85454904046026 46.53240916558819 140.4842482097022 191 187.01665737529035 27862.123153930563 141.7575357285382 27673.833209036442
43 360.12159105965816 53.74716983777235 142.4934790575499 193 196.24064889532227 28025.939255597612 184.27957863889196 27787.91250712096
85 758.043011194188 48.32940209915049 141.99938259972615 189 190.32878469887663 27640.14768733585 4.596194928904765 27587.222090307805
165 1414.0799528697185 50.603163537029396 138.66334477694812 183 189.2665083139775 26985.447690613455 0.0 26934.84452707643
194 1692.223586314229 50.86174750903101 136.03669636368315 181 186.89844387271415 26712.00962385605 0.33914302615858105 26660.80873332086
17 120.44680252816755 59.891712195685265 149.59740228604966 197 209.48911448173493 28368.04027646718 341.126644272525 27967.021919998977
61 490.8274066670574 52.80836246072624 141.92214076376757 193 194.73050322449382 28089.93961209662 169.77536273820033 27867.35588689769
41 309.3853146318143 51.52752447510169 144.0408871764879 195 195.5684116515896 28279.510761073274 240.98645851672694 27986.99677808144
164 1405.8219661208932 52.508773430377495 141.7434662864621 185 194.25223971683965 27211.896169038482 0.0583387386366212 27159.32905686947
88 784.6720239990004 55.49447091706732 145.7035180223584 191 201.19798893942567 27863.29835821714 2.5025814721236657 27805.301305827954
28 210.02362729385348 60.77294640129901 149.8476881643597 197 210.6206345656587 28446.790153687332 259.54144823361105 28126.47575905243
29 214.16678864240296 53.69275488723121 146.61584107963156 197 200.30859596686275 28449.74211226239 253.7329292835 28142.31642809167
30 231.97375853475154 58.610420826941294 144.0937445798115 197 202.70416540675276 28436.754340446758 256.1738620319504 28121.970057587852
90 822.0079986753587 56.44614815173891 140.96384292250954 191 197.4099910742484 27852.89282276438 6.300682761077496 27790.145991851565
202 1753.516245105158 48.81499033351388 138.58225745477802 183 187.3972477882919 26936.241598328856 0.0 26887.426607995345
139 1285.829020008912 49.83466102819578 138.8172897515925 187 188.6519507797883 27428.45346936254 0.5336163148331252 27378.085192019505
117 1061.1489496062889 53.78918905458518 139.55628098172926 189 193.34547003631445 27654.53601288546 0.06300416599037817 27600.683819664882
101 917.708402042984 55.791290252327755 141.58043720208292 191 197.3717274544107 27858.096527072506 12.335929591139802 27789.969307229025
131 1190.428579669854 51.624345134163875 135.96775685609117 189 187.59210199025506 27648.59608229644 0.1612177681081448 27596.81051939417
46 378.4301535575184 52.61200294333719 143.28000495469664 197 195.89200789803382 28485.283511531998 161.8913532635612 28270.780155325105
140 1289.5958887811432 54.23585031001676 143.24215306388257 189 197.47800337389936 27632.982095402058 0.0 27578.746245092043
145 1301.5601470344238 53.833786521233726 138.55829168044673 189 192.39207820168042 27637.14175975148 0.0 27583.307973230243
38 286.73887528089296 53.85361935625174 147.63238488805197 199 201.48600424430373 28672.95448214149 286.9812574554549 28332.119605329794
42 341.350776409 58.75049830468557 148.13936554492813 199 206.88986384961368 28684.527976572957 198.47164126403294 28427.30583700422
168 1430.7294310354941 54.801118779452935 138.9207053196172 189 193.72182409907015 27621.285550819775 0.0 27566.484432040324
113 1018.3746628765808 58.09834263895373 142.56181119547801 193 200.66015383443175 28064.05109252155 0.0 28005.952749882596
33 252.4056366594341 55.15093060478548 151.11563256120454 201 206.26656316598996 28861.579878514673 253.06077629145204 28553.36817161843
18 137.00221005159074 54.707988153644635 149.3326410244053 203 204.0406291780499 28994.174083327292 350.20366444706247 28589.26243072658
19 141.47798974636453 52.80137283899258 153.79165204212467 203 206.59302488111726 28996.16939341441 336.7346140924109 28606.633406483
150 1334.4197087538878 50.61621012755606 145.5326097555135 191 196.1488198830696 27830.0538012385 29.702944945674744 27749.734646165274
125 1139.340544799554 48.2846330589891 143.76619338748714 193 192.0508264464762 28042.386447568977 7.251830380138927 27986.84998412985
186 1636.3762763103052 55.37030521227468 136.32583434046518 189 191.69613955273982 27559.285353769123 0.0 27503.91504855682
189 1650.1952743552456 54.91537444490664 141.02331536596694 189 195.9386898108736 27552.21316712158 11.76857662504085 27485.529216051622
67 546.0876746507737 56.49002819339776 150.53464566616103 199 207.02467385955873 28689.682737728726 75.04103925571144 28558.151670279614
166 1425.3115394680208 56.00167896086888 142.10995183503485 191 198.1116307959037 27821.31392819434 0.4528575196923157 27764.85939171379
132 1241.2419182877336 55.6922788326874 142.10347895499837 193 197.79575778768577 28042.50256785836 0.20410777154052084 27986.606181254134
135 1249.7618069178766 51.9034257156001 143.0251753548596 193 194.9286010704597 28039.637282325777 0.0 27987.73385661019
182 1615.6127568697068 54.73962596004746 140.14834616190265 191 194.88797212195016 27752.954451546455 0.0 27698.214825586416
183 1616.920908296425 54.23212490319282 142.4911366861326 191 196.72326158932538 27752.625038364324 0.463210115805623 27697.929703345322
127 1147.2289354688266 55.98394795391264 142.53531514161637 195 198.51926309552903 28234.234424606904 42.36094754982446 28135.889529103155
129 1170.5923585076923 53.50270519195567 145.6106978725354 195 199.11340306449108 28230.213342280862 4.4067120442985015 28172.303925044613
130 1182.0805067036658 50.38820467600684 142.58649622192482 195 192.97470089793165 28232.541989780813 0.1177637626235537 28182.036021342177
136 1266.6335528819861 54.751010610735165 146.2939561842281 195 201.04496679496327 28204.50954370957 33.22790415349732 28116.530628945322
209 1803.4020700629555 56.66330338137088 138.45993254531643 191 195.12323592668736 27681.346667527756 0.1971783081810372 27624.486185838192
94 857.1547137969721 56.2360452204631 150.4776136238604 199 206.7136588443235 28631.139185845885 0.17755407957270108 28574.725586545872
158 1356.6036347086101 55.93420749196139 143.65128114124488 195 199.58548863320624 28189.15471272554 5.913841082195631 28127.306664151376
25 186.34463321218263 58.14799262830744 157.85839557239638 207 216.0063882007038 29389.75671429611 293.73899683935906 29037.869724828444
13 98.99509915631013 53.059836168820794 151.30546676586914 209 204.36530293468994 29493.86421260689 349.616325977289 29091.188050460773
66 545.3242536994304 56.084016942324794 151.67833048085933 205 207.7623474231841 29188.490274590313 75.33565626780967 29057.070601380176
106 972.9490104434204 58.734755685356326 148.17020124681008 201 206.90495693216639 28765.495042697225 0.0 28706.76028701186
198 1718.7995645999113 53.909213327337774 141.89227524659603 195 195.80148857393382 28042.822627731846 0.46398807103037143 27988.44942633347
205 1774.2621500735288 50.98835942259241 150.38691614745608 195 201.37527557004847 28014.789400995607 59.478430547659855 27904.322611025367
74 635.7713699442908 59.528934178215046 150.84994400231597 205 210.37887818053102 29170.12950072761 43.30693016358816 29067.29363638578
146 1302.7416143230312 58.2136206376663 144.2100125093867 199 202.42363314705293 28519.614541010917 0.12268321103238122 28461.278237162223
148 1320.6215180460126 55.39030667939491 147.40518759545074 199 202.79549427484562 28514.373399057207 0.12249039037146758 28458.860601987435
185 1632.132729735027 57.14924124759601 145.37401265144592 197 202.52325389904195 28233.75936126324 0.0 28176.61012001565
11 79.22030642987269 58.64845602206 159.90844409313698 213 218.55690011519698 29789.643306617825 410.5958957830494 29320.3989548127
104 940.3684713339535 56.01799538733333 149.83889850036792 203 205.85689388770123 28938.56399521586 15.94290911247299 28866.603090716064
193 1677.5571951774778 53.996537715377464 147.77556199243477 197 201.77209970781223 28214.978463784766 0.6753654138633465 28160.306560655514
84 746.7464992822922 51.485916854714816 154.0580636085835 205 205.54398046329828 29147.073769423383 14.34483986085661 29081.24301270781
169 1434.1316561398094 55.21326577015576 147.59539990313937 199 202.80866567329514 28476.075825505573 0.5530371267429928 28420.309522608688
179 1579.3226891155352 56.69362492150288 146.57585998836717 199 203.26948490987007 28405.847822408028 0.0 28349.154197486518
157 1356.4690911784298 51.74395498014242 148.74642503032624 201 200.49038001046864 28648.980976390896 5.36962081554293 28591.86740059521
160 1359.3753453454344 52.29615088247392 151.78703892217055 201 204.08318980464446 28650.474594152565 3.947733569587399 28594.230709700507
163 1382.4717219820184 51.32435445975473 149.6526287850944 201 200.97698324484918 28634.903158218014 9.583612370504625 28573.99519138776
82 720.1706500391364 60.28060431118763 157.76835207439854 207 218.0489563855861 29304.505622139375 37.56992031250866 29206.65509751568
196 1708.0620367359058 57.559005095180886 150.60132018594146 199 208.16032528112237 28336.257103360887 0.0 28278.69809826572
108 997.7533130444 54.70938864227367 156.65626229618326 205 211.3656509384569 29050.454060280397 0.5370101242288001 28995.20766151388
111 1013.1246651140689 55.48986482989338 155.95095663472324 205 211.44082146461662 29048.009404309705 0.0 28992.519539479817
203 1769.0725916875112 56.330736228681204 147.74949159795418 199 204.08022782663534 28305.94568487683 0.0 28249.614948648137
137 1272.618580526159 59.917803150187815 154.41984662539863 203 214.33764977558647 28816.62326272471 0.6477845541176066 28756.057675020405
99 885.8736495891519 59.575265892500425 153.59479375203136 207 213.1700596445318 29235.39903863422 7.107132287389845 29168.71664045432
100 898.8903909675811 58.00711234143728 153.07258701386183 207 211.0796993552991 29226.83784267226 49.791707687578764 29119.039022643257
102 923.2502851683242 54.697064343254844 157.2883719900088 207 211.9854363332636 29215.212565396898 11.266674748406786 29149.24882630523
184 1622.1562188545686 56.462534316562284 154.17542671328712 201 210.63796102984944 28520.192942891736 0.0 28463.730408575182
80 699.5301438180952 58.77593673264484 160.58633327617542 209 219.36227000882025 29449.490234615758 66.02622980778085 29324.688068075317
63 502.39027840442884 59.817246176711926 152.59955520184815 211 212.41680137856008 29648.76280939672 126.59101481018718 29462.354548409818
167 1428.4917622778414 53.82705069868335 153.3465915437661 203 207.1736422424495 28743.980107875832 0.05011488339846437 28690.10294229375
89 815.0816714397553 58.267212339722775 158.05591386342383 209 216.3231262031466 29373.26483274069 11.655898291843755 29303.34172210913
112 1013.945489502084 63.86094021757116 161.0187629303907 207 224.8797031479619 29175.21411072815 0.0 29111.353170510574
141 1293.5410609725936 54.04703175124981 152.13694158498183 205 206.18397333623165 28926.292657637292 0.0 28872.24562588606
143 1296.7744160550492 58.98940698278025 153.20549196220287 205 212.1948989449831 28926.562130682578 0.353500528746963 28867.21922317105
59 478.7506362264029 63.06676325846878 160.26222054422013 213 223.3289838026889 29765.91859090553 165.3688889173842 29537.48293872968
110 1008.451675339351 56.69664355181016 156.71510245908757 209 213.41174601089776 29290.54711030225 0.0 29233.85046675044
91 825.9433107589996 59.658056238232334 159.50459185298465 211 219.16264809121702 29476.102108534305 2.941766974645816 29413.50228532143
35 266.5952170109339 60.66085913763259 162.72035829496343 217 223.38121743259597 30070.9569256775 261.30557443994314 29748.99049209992
188 1646.7856691314603 55.111636149454135 154.03352881514857 205 209.1451649646027 28725.46406445942 13.018830648638186 28657.33359766132
128 1159.9843151692096 53.04563471866308 154.72448315030152 209 207.77011786896463 29212.70246845929 20.784981331514018 29138.871852409113
83 735.6550080380747 57.82683651305093 160.58978050242482 213 218.4166170154757 29644.19545546441 20.05838463817463 29566.31023431319
191 1669.7946259098273 58.14205380596273 150.3386608744285 205 208.48071468039126 28711.78730135375 0.0 28653.645247547785
69 563.120023957196 56.649712331891266 162.40456229832537 215 219.05427463021664 29832.004596890194 69.69974226302588 29705.655142295276
114 1019.2630291379221 52.92745642353338 155.79919053205333 211 208.7266469555867 29392.589888556435 0.0 29339.662432132907
121 1068.0040545808954 58.938418184364494 157.45434944868362 211 216.3927676330481 29370.265730499086 0.0 29311.327312314712
58 459.9374583307196 61.29059042663307 160.6825195975308 217 221.97311002416387 29987.159677408996 150.38045307337705 29775.48863390899
122 1123.9795628842846 60.0920526137134 159.19616351629483 211 219.28821613000824 29342.499877439488 17.090550093113507 29265.317274732653
153 1345.224374556879 52.23729951284663 161.95719526813403 209 214.19449478098068 29122.437432048257 10.332290803359001 29059.867841732055
124 1127.72800552063 52.31569790107211 157.163618668452 211 209.4793165695241 29345.35517203234 10.846042127672035 29282.193432003598
107 989.2429230208896 59.43417296128688 158.34332490771783 213 217.77749786900475 29504.98339435708 0.0 29445.5492213958
26 199.2479793769014 59.01548227649422 163.9918074096597 221 223.007289686154 30296.124935155418 276.2364934543776 29960.872959424538
109 1000.7763512499491 52.99587002426873 157.2186813712632 213 210.21455139553194 29497.635979863615 0.0 29444.64010983935
47 379.24066109843045 60.94317926489794 162.31314478961252 219 223.25632405451046 30121.659807381984 160.82152778520958 29899.895100331858
76 662.6478798322362 57.02731726653034 162.93878931680518 217 219.96610658333555 29877.43607437434 48.361204448397075 29772.047552659413
176 1559.1095323478692 57.12176969115651 152.64944615998175 209 209.77121585113827 28986.04678367052 0.0 28928.925013979366
151 1341.3053741486938 58.58591405718795 158.28506732151553 211 216.87098137870345 29212.299443804062 15.826816266305286 29137.88671348057
78 678.456855186667 54.267909599097464 161.63518767571534 217 215.9030972748128 29876.646551655856 62.35158857240663 29760.02705348435
126 1145.967395400697 59.21023022938314 155.29185872631413 213 214.50208895569727 29413.34509319659 6.673483801888551 29347.46137916531
24 170.53830043182342 61.91629778616846 167.13249928463443 223 229.04879707080286 30400.652805752314 315.7360722731941 30023.00043569295
2 5.553285189596229 62.64901858322776 176.97775728257793 231 239.62677586580568 30572.87933285526 407.63886222635375 30102.59145204567
170 1445.7379321128387 61.28348949287433 159.6907696670494 211 220.97425915992375 29137.36629002982 0.0 29076.08280053695
133 1242.5432839782584 57.20435616148528 161.18043437200035 213 218.38479053348567 29350.987258464273 0.0 29293.782902302784
208 1786.908184682207 59.09541767941445 157.81517903884088 209 216.91059671825533 28817.604442498938 6.459435331883697 28752.049589487633
175 1553.572147407217 61.25532254992484 155.31291135643724 211 216.5682339063621 29067.08418198183 0.0 29005.828859431902
177 1560.7954541054096 53.7098333898544 154.84635615743144 211 208.5561895472859 29065.376355307202 0.0 29011.666521917337
50 405.76018703112493 63.22291749912069 168.23628204497416 223 231.45919954409484 30250.457553131455 155.07562018453893 30032.159015447804
134 1246.8845151704752 61.49634436974579 160.0918176070388 215 221.5881619767846 29413.867686356047 0.0 29352.371341986305
204 1770.6258407863038 58.73265728146224 156.25561074122234 211 214.98826802268457 28891.995525545717 77.72896467168357 28755.533903592575
92 839.0702962493485 54.95355063819358 162.15982079538014 219 217.11337143357366 29830.17842732824 24.077198282742074 29751.147678407295
119 1066.3973861411885 53.00862196607065 159.89466714298578 217 212.9032891090564 29612.737036726045 0.0 29559.728414759975
57 455.7007845231655 64.54328917558583 170.352871754637 223 234.89616093022278 30228.208813033863 162.99964598136177 30000.66587787692
178 1565.7067594705736 55.935965702910664 157.5427263202041 213 213.4786920231148 29123.443791025577 0.0 29067.507825322653
181 1600.1611662143564 64.00451458453979 159.4559918422729 213 223.46050642681269 29092.984935688262 4.241204529235802 29024.739216574482
123 1126.2471082863942 58.303716562508214 158.00258207205505 217 216.30629863456326 29567.779064376467 12.437239328020496 29497.03810848593
87 769.5415715142809 56.68647208319615 166.0094422141411 221 222.69591429733725 29939.301672509708 10.930206442812619 29871.684993983697
200 1725.538912218765 65.01418621887245 155.31078045520596 213 220.32496667407838 28989.435615804327 0.0 28924.421429585454
154 1349.1055228069752 59.72477082667104 154.16364449957538 217 213.88841532624645 29397.11988179182 8.511144870379667 29328.883966094778
171 1451.563080398337 63.28903908022141 160.13468353030595 217 223.42372261052736 29312.90292615995 0.005566349277160043 29249.608320730444
201 1747.411519384287 61.42037959071287 160.7172987230169 215 222.1376783137298 29020.187222136883 0.0 28958.76684254618
172 1501.0377752320378 54.56855339227013 162.39125224459337 217 216.95980563686354 29271.910057579087 6.418477839008119 29210.923026347824
98 884.6075301962791 61.71381891220237 165.41821880235312 223 227.13203771455548 29901.836385459184 8.326906530518272 29831.795660016465
77 670.8582851334007 69.1110397541811 170.32898306201062 225 239.44002281619174 30118.591967713914 93.66433528054915 29955.816592679195
81 719.9072845153989 65.61826903868848 175.22980809701502 225 240.84807713570353 30078.404377447554 40.10508277179906 29972.68102563707
195 1698.3306155792332 63.512614288837376 161.4446802348169 217 224.9572945236543 29106.205578252302 0.0 29042.692963963473
115 1027.9381646262718 62.10901126946455 164.97539590898555 223 227.08440717845014 29780.932676396413 0.0 29718.823665126944
207 1785.92991934262 57.862913159515635 160.64653047418304 217 218.5094436336987 29027.512554652978 11.227728272912827 28958.421913220565
96 865.9089558349491 63.44449332553498 163.58824549428212 225 227.0327388198171 29957.01324502696 31.76975529639583 29861.798996405036
55 427.3965943707816 63.316735699417706 172.5668993683089 231 235.8836350677266 30416.51056733418 175.3299087107847 30177.863922923978
118 1061.7837516169327 59.43163510879874 169.59129509056123 225 229.02293019935996 29787.156112563265 1.3066040123105722 29726.417873442166
95 858.0367699438544 60.376110075130484 164.2868370760759 227 224.66294715120637 29991.87681024216 0.0 29931.50070016703
45 366.0059726796737 59.373986101560654 176.13271764993306 233 235.50670375149372 30499.413273120168 187.72491428294728 30252.314372735666
73 632.6773801290748 61.33011126618093 175.33835805791992 231 236.66846932410078 30242.666753386195 46.17576731964732 30135.160874800375
147 1309.932711552548 60.408097756376584 165.9833693586579 225 226.39146711503452 29569.078880220135 0.1229651631458637 29508.54781730062
192 1674.4513525779569 64.92419579248103 163.95145916812706 223 228.87565496060807 29212.18723423003 0.0 29147.263038437562
197 1713.3838343251298 63.11451019747876 172.00544392112965 225 235.1199541186084 29195.04701065296 0.32318850749538797 29131.609311948
16 119.53132518001533 67.19699767822821 176.50853166142937 241 243.70552933965757 30794.748567411545 350.1063748234702 30377.445194909844
174 1543.4953904893039 62.56192598802145 172.37620815634963 227 234.93813414437108 29373.140025134522 0.0 29310.57809914651
159 1356.8613923403543 61.595616465338836 167.7597151432116 229 229.35533160855044 29563.02363418316 5.929180599982146 29495.498837117837
105 943.0274155704651 63.142555326633094 177.54675679063433 233 240.68931211726743 29981.316829543266 14.641426561882554 29903.532847654755
187 1646.0342180193295 68.10837308606537 177.4007060472597 229 245.5090791333251 29287.03973885961 12.799645283883592 29206.131720489648
206 1781.102867451433 64.25042359493281 175.8575772370199 231 240.1080008319527 29167.32508365082 29.234716547543712 29073.83994350833
86 764.5838672290805 65.53102087516132 182.57316031268223 243 248.10418118784352 30199.070104895367 0.0 30133.539084020213
70 574.9405176268593 66.23818198525403 185.39481826862666 245 251.63300025388068 30389.60653606326 58.28377741332929 30265.084576664685
190 1659.683770172936 69.85824415932471 184.0622323112616 243 253.92047647058632 29324.840259483382 6.461050684109068 29248.520964639938
97 877.9983434762285 70.06875606683529 189.02583965037618 251 259.09459571721146 30109.84946416634 15.448594536742235 30024.332113562763
138 1277.5580793725835 65.81950052798507 184.8756002664774 249 250.69510079446243 29711.83695010772 0.0 29646.017449579726
