# Cpu scheduler: fcfs
# Quantum: None
pid arrival_time cpu_bursts_time io_bursts_time nbursts bursts_time tat ready_wait_time io_wait_time
1 7.264943225748187 47.137870631378554 37.27509942319474 5 84.4129700545733 243.67654636877975 139.7168490370824 56.82182670031881
17 86.37056074730742 65.79754804339193 49.64940657870708 7 115.44695462209901 596.2058371477009 345.8456617460136 184.56262735829534
2 9.371399915510205 82.53977879980428 75.2984186370173 11 157.8381974368216 800.9311227412117 396.38942427444107 322.0019196669663
18 89.19656696452893 76.84191473645527 71.30616199809376 9 148.148076734549 799.1939789491564 348.7831169373918 373.56894727530937
8 35.48144584818583 78.67836024960052 82.83014818062392 11 161.50850843022445 940.5495709176271 386.5107510139628 475.3604596540639
10 46.729330519779595 97.06646447389306 75.19686834447141 11 172.2633328183645 961.1505746625224 374.15370312308 489.9304070655494
7 23.858189142464685 113.6469666967615 85.65029770196442 13 199.29726439872596 1116.3644125580056 394.6705202989815 608.0469255622625
13 64.0891952681431 106.3440872137299 77.71914949944406 13 184.06323671317395 1184.8078340718382 377.7884579231207 700.6752889349875
20 95.41386686590948 137.76845345344782 125.77347015009487 17 263.54192360354267 1773.9507798263787 362.7682034312957 1273.4141229416352
5 18.017626460316656 150.25512572729434 141.84281406993452 21 292.09793979722883 2025.2996838385927 392.94787351737875 1482.0966845939197
22 103.74982728211276 45.28277506559491 117.11212729826849 159 162.39490236386342 23106.08494530904 464.84804036876255 22595.95412987469
21 100.10751644306971 45.56294732679267 123.84066025934338 163 169.40360758613605 23713.027750098456 476.94184432140736 23190.522958450256
12 61.60395917789497 42.45723538568166 121.98515500492172 165 164.4423903906034 23857.431202094784 442.40672386915867 23372.567242839934
29 181.49801131489752 41.06815830534865 112.8523382438612 163 153.92049654920984 23780.85806125899 377.30366533329527 23362.486237620342
47 333.1353629418988 47.239216051950955 124.32069605951129 163 171.5599121114622 23885.276521996107 254.96303014175442 23583.074275802406
73 532.3247866574319 42.8295532570812 119.22030795993312 161 162.04986121701432 23686.75336067043 128.41453663915206 23515.509270774204
203 1904.063012981499 42.60865295826247 116.83437972231317 155 159.44303268057564 23131.944393717582 0.6864786875955815 23088.64926207173
184 1739.7101352403176 47.40606159320393 114.7392608293024 157 162.1453224225063 23422.654073553083 0.699853214658333 23374.548158745216
32 229.34757676172947 47.22295872956129 125.3472230126669 171 172.5701817422282 24964.572194114124 333.315203297684 24584.034032086875
41 283.4036640348423 45.999851191362616 124.63907156904553 171 170.63892276040815 25007.009829600633 331.05772342933625 24629.952254979948
67 471.6454281599769 45.125933749735395 125.32356359123273 169 170.44949734096812 24831.478485029802 180.74122558147207 24605.611325698595
148 1407.1384255953121 43.73573998907823 120.99328410579534 161 164.72902409487358 23936.880362382573 0.713859037898601 23892.430763355613
169 1646.1277194630295 41.91275491397367 117.009537360954 161 158.92229227492768 23981.618044508297 0.12251486763079811 23939.582774726703
42 284.0551675156169 49.00041120082018 134.69799687896642 177 183.69840807978665 25862.04698613121 318.34106767627213 25494.705507254122
78 565.5281848826452 49.511074678933866 133.2064486437717 177 182.71752332270555 25998.80849608136 108.63812152445496 25840.65929987797
156 1509.6493554905612 43.20379110181884 124.7646336753204 169 167.9684247771392 25091.826433432037 5.083611432856742 25043.539030897344
34 232.45183646694008 51.00989130937526 132.71988662497176 181 183.72977793434703 26378.12440515859 324.9801849292593 26002.134328919958
193 1810.1810678501215 52.055183882539694 125.85736312152846 167 177.91254700406816 24841.881363856686 0.0 24789.826179974145
129 1155.3091440040225 47.991112479797714 129.25966874815543 173 177.25078122795315 25539.204957389575 45.35976721068687 25445.854077699085
113 977.6177826465031 52.26129182786344 135.61215806321638 175 187.87344989107982 25790.063083990044 5.956993024742019 25731.84479913743
71 517.9627198820895 54.05741173288912 135.45525741962857 179 189.5126691525177 26263.23422265495 146.45996868080238 26062.716842241258
50 350.9538922635947 50.6443570927704 134.38835184143974 181 185.03270893421018 26458.577712988892 265.7167985299759 26142.21655736615
58 391.35427692008517 48.210054424981955 132.35575421131725 181 180.5658086362992 26479.296386914746 208.86195624400665 26222.22437624577
23 128.4638782759995 51.34573013356053 138.58421701439343 185 189.929947147954 26872.82469130727 394.0754739117286 26427.403487261974
150 1417.4716823148435 46.52700593017847 128.91297409879428 173 175.43998002897274 25616.311258142363 0.0 25569.784252212197
45 321.4223678234929 46.88660299967259 133.42989197373666 183 180.31649497340922 26724.44649510102 270.9415331258438 26406.618358975502
30 186.81277045066997 48.935473039454074 137.60943343192997 185 186.54490647138408 26905.56398091451 367.5759693797025 26489.052538495354
61 411.7253670907042 48.441544691185136 133.35535942494795 183 181.7969041161331 26737.490482063997 188.58142424633394 26500.467513126474
170 1646.8107153500641 50.08721932989895 129.71987613894427 173 179.80709546884324 25636.024503453606 0.17907345471212466 25585.758210668988
46 326.1297447292886 53.66925034220774 138.9856821083583 185 192.65493245056604 26981.647234212527 264.3531502115268 26663.62483365878
135 1247.6957878851413 51.35367353720405 131.51398103829752 177 182.8676545755016 26098.834745502376 5.02465221197258 26042.456419753216
180 1716.5301163866384 44.45751415001224 133.7370483385075 173 178.1945624885197 25637.15410515124 0.0 25592.696591001233
100 828.43422111782 50.779466079227745 133.59142587660924 181 184.37089195583698 26534.789011207617 15.260270316244487 26468.749274812133
155 1499.48698576392 48.19544493512009 129.96470068125944 175 178.16014561637954 25879.548942666435 22.791681117732423 25808.56181661359
33 229.49368002188717 55.27350632752593 137.78258224148172 187 193.05608856900767 27172.031376408377 331.81307462941777 26784.944795451436
101 879.1707601970479 47.43962045426957 133.11214948308455 181 180.55176993735415 26543.67551907099 11.408079696663322 26484.82781892007
145 1373.4597175389292 48.01051814704011 126.27380035044838 177 174.28431849748847 26126.470453108624 23.632912240952464 26054.827022720616
147 1400.870193126871 46.55989497767339 137.4299196012422 177 183.98981457891557 26130.505507968817 0.719492029230878 26083.226120961925
190 1773.701033470478 46.271632662917156 135.86384592666067 175 182.13547858957787 25889.027861802642 0.0 25842.756229139715
151 1424.37177126765 50.8462327798446 134.96445017199486 179 185.81068295183948 26383.614413713007 0.0 26332.768180933163
182 1721.6236644346302 47.4456453129209 133.7387487280712 177 181.1843940409921 26139.065145171047 0.1310070763879594 26091.48849278174
6 20.82848578168775 52.94585214822645 145.2933532963207 195 198.23920544454717 27854.527615678322 509.5253786787316 27292.05638485136
127 1148.583810065508 49.10650446866412 134.12618518234262 183 183.23268965100672 26811.67752203169 0.0 26762.571017563027
136 1261.6150182771034 54.19833869648471 137.89157664417723 183 192.08991534066192 26833.77799861416 0.725954751322206 26778.85370516636
59 397.41838949711706 52.269863816445614 142.45625994850462 191 194.72612376495016 27730.917813993343 206.9376137757626 27471.710336401135
143 1370.9013207411977 50.92025842068306 136.43964781041558 183 187.35990623109865 26838.355658037282 32.94416018485913 26754.491239431733
26 137.92191834788525 57.13675235243695 147.22216169969613 195 204.3589140521331 28125.292406861932 388.1104852814584 27680.045169228037
106 890.0108549067353 53.05230973158194 138.9878435058746 189 192.04015323745654 27491.312816265618 3.4621481365570617 27434.798358397475
122 1109.7712062476992 47.72946950672877 134.65065492781147 187 182.38012443454022 27272.36644853308 0.8992316941723857 27223.737747332176
43 284.85598661975774 57.506472195073805 145.7396114773153 195 203.24608367238912 28158.953013620943 309.2853617574387 27792.161179668445
44 286.1999874775735 52.76359943146329 149.8526819591541 195 202.61628139061742 28159.695472108244 303.8988380066141 27803.033034670174
206 1919.6394810642273 55.06728657021648 139.85063969634243 181 194.91792626655894 26570.17336133297 0.0 26515.106074762756
149 1409.3915685789411 47.02374880273009 139.0718738967104 185 186.09562269944047 27084.95643178346 0.2340075166546285 27037.698675464075
104 887.9995088050885 53.022968220328416 144.8385624219147 191 197.86153064224308 27720.703759858072 4.830781828071167 27662.850009809677
88 688.2269053605287 54.56481157723651 142.8675584424204 193 197.43237001965693 27976.806522533247 103.06573511227998 27819.175975843733
24 129.64430040751043 54.7708238448341 146.8726789558784 199 201.6435028007125 28564.57692034651 390.29875237135116 28119.507344130318
0 7.264943225748187 57.933636500672854 153.8876369397943 205 211.8212734404671 28693.088302203687 461.2390529836778 28173.91561271933
49 345.69281517767155 52.69535384711545 146.29591772581762 197 198.99127157293307 28402.90837784198 228.2340914873884 28121.97893250748
31 206.58558581175612 56.653807054848926 152.98899889758275 199 209.64280595243162 28588.470304617113 369.6302343414501 28162.186263220814
40 260.8053882222565 55.94908554094691 152.5540124574361 199 208.50309799838303 28592.46267817808 319.2623381059281 28217.2512545312
68 477.5446027636855 46.18919894780326 147.32772759772533 197 193.51692654552863 28411.01266435389 169.46929809486176 28195.354167311227
90 698.7687988747598 55.75528992126575 146.2337410574594 195 201.9890309787251 28198.600548180282 60.31126041729067 28082.53399784173
92 716.7752448806698 50.89073905024951 147.19420447469562 195 198.08494352494515 28190.102405689137 64.20553218052237 28075.006134458363
173 1666.5496000250364 53.16552054655086 146.41648246087678 187 199.58200300742766 27270.749399825232 0.7524455859706904 27216.83143369271
51 351.39688274321475 54.56619333810253 146.7303631049403 199 201.2965564430428 28623.47888244743 259.6336882255063 28309.279000883835
52 353.304264746435 54.55721737636161 148.53863162530337 199 203.095849001665 28625.323778527356 249.77346659781637 28320.993094553178
85 656.2066082904515 53.179793753381944 151.96960166320096 197 205.1493954165829 28401.571829287022 95.75963769357656 28252.63239784007
161 1563.4226735562133 51.79602267817615 143.57811014094855 189 195.37413281912467 27497.555138778233 0.0 27445.759116100064
93 722.9378943321319 55.90693029412665 142.77788832192294 197 198.6848186160496 28399.262817268853 57.79928736542536 28285.55659960931
207 1920.0732050547726 48.52463292984595 140.30840374505254 187 188.83303667489855 27204.814650019696 0.0 27156.29001708985
172 1662.9928051055258 50.21285799993823 142.73326146609816 189 192.94611946603638 27474.276397054313 0.0 27424.06353905438
209 1960.309683622171 47.90997944288535 137.62098748927514 187 185.53096693216045 27190.404528117804 0.0 27142.494548674928
183 1739.5512011432515 54.04127129825179 137.46255867733979 189 191.5038299755916 27453.77243796762 0.0 27399.73116666937
56 378.0592176077843 51.92340470426225 148.2300621921869 201 200.15346689644917 28830.843558351924 234.29895394727106 28544.62119970039
36 250.47487611861155 52.07921724094321 156.40202109032688 203 208.4812383312701 28978.692762650764 301.41018516845986 28625.20336024136
138 1329.91228099681 51.1313722844017 145.47355700667828 193 196.60492929108 27919.37949915439 0.10280918364560421 27868.145317686343
38 254.25269188174403 55.52696784023389 147.3034436825151 203 202.830411522749 29007.779555189187 334.8932120407943 28617.35937530817
87 667.3478320521358 51.66659701423472 145.84644046380427 199 197.513037478039 28606.59871260454 77.4316770355515 28477.50043855476
141 1354.2689759121918 56.451517968383264 148.287073268337 193 204.73859123672025 27922.767463899152 0.0 27866.31594593078
164 1607.8691183384503 53.565563890820656 136.90605130974086 191 190.4716152005615 27684.566027168137 13.993676682363002 27617.00678659496
89 695.0876075490721 54.36732507685423 150.59582761803023 199 204.96315269488446 28602.386025468448 67.67302735203577 28480.34567303956
131 1167.4252156277219 50.629256517126585 144.3003205693993 195 194.92957708652588 28133.400158666824 10.822684233611653 28071.948217916077
11 49.23940300546218 59.07858841475176 153.51624716479924 207 212.59483557955105 29285.740453062175 461.0388195872547 28765.623045060165
74 532.4499429299852 60.186709385588195 151.27895999415333 201 211.4656693797415 28810.043372893033 126.25414234653715 28623.60252116091
185 1743.394392631066 54.1707420624429 143.34785033867544 191 197.51859240111833 27639.485476005706 21.36493820387477 27563.94979573938
189 1761.1487957185682 51.48823553398054 145.39809923998902 191 196.8863347739696 27639.394974301882 2.0053688314874307 27585.90136993641
81 605.6089271122647 58.45824305998489 151.2130431231031 201 209.67128618308797 28798.742285435746 102.46297015437585 28637.82107222138
65 457.4776794916866 56.686068835561485 150.27616674095353 203 206.962235576515 28995.060179502547 179.51664772562373 28758.857462941367
140 1348.4176339269459 55.8025631746002 142.89831680941398 195 198.7008799840142 28107.762752317354 0.6738194790079888 28051.28636966374
97 779.956611517464 56.33165032893933 146.34207206847603 201 202.67372239741542 28738.57399381743 32.95556179983339 28649.28678168867
117 1072.7844870350364 55.95132027587698 152.80804744744393 199 208.7593677233209 28487.36241226994 47.17214094142537 28384.238951052634
16 80.3204321226022 51.99211371924866 156.80858714561737 209 208.80070086486597 29486.348627103926 458.0209475368817 28976.335565847796
82 609.4026541077905 58.88221604767179 148.9876654499566 203 207.86988149762846 28964.511684378922 93.90440869231338 28811.72505963893
120 1087.6136300612295 57.460491220883526 146.63822559045698 199 204.09871681134055 28487.55196342346 5.926311994301841 28424.165160208275
37 252.14905657696494 57.549757922284485 158.7443102203872 207 216.29406814267168 29348.766761787967 341.80035941603774 28949.416644449644
142 1360.0328199161197 53.92805975196334 149.89483615574582 197 203.82289590770915 28261.19874164499 0.0 28207.270681893024
9 41.14932159383734 60.18135524134912 156.97483672202696 211 217.1561919633761 29610.62760098486 453.5305301064843 29096.915715637024
95 727.6932638511544 56.14307943519709 152.9487495699154 203 209.09182900511246 28944.619885895718 50.508613793205996 28837.968192667307
76 552.2379940655504 53.037775991989086 153.71536239699373 205 206.7531383889828 29146.9773140112 147.61338132797437 28946.32615669123
178 1700.562676530835 55.72285953857516 144.76953074653247 195 200.49239028510766 28001.190776123713 0.0 27945.467916585134
77 553.6139249228308 57.439622300875584 149.71604045294592 205 207.15566275382153 29152.159467260797 140.51590774012618 28954.203937219798
118 1074.1629790450343 55.0047878827906 151.70815512493556 201 206.71294300772615 28653.370682713117 38.75495218574133 28559.61094264459
187 1752.8322365190024 56.99607257980914 149.4597148986883 195 206.45578747849743 27976.33771101943 10.405246274246565 27908.93639216537
63 429.46151028945513 55.757253655979504 150.20924114949386 207 205.9664948054734 29317.143074228865 181.08402728357413 29080.30179328932
126 1133.4047139979994 56.57048555101892 149.96824709120642 201 206.53873264222534 28644.741230294472 11.24398219294585 28576.926762550513
130 1164.9367720830965 55.67979287959553 149.97587653260118 201 205.65566941219674 28633.938325227045 18.13738807432628 28560.12114427313
109 944.2430525540019 58.73914910344158 152.37716003272078 203 211.11630913616233 28861.14923674912 1.6504776780109296 28800.759609967656
167 1639.7720105803228 54.672933695332844 148.96630200961334 197 203.6392357049462 28173.999352683113 0.5452852358866949 28118.78113375189
25 132.2148953463342 66.7477762916154 161.9094587344254 211 228.65723502604078 29683.914050301566 400.6325942472483 29216.53367976272
179 1711.874655877686 53.92619783732708 148.27688140881946 197 202.2030792461465 28149.35390708389 0.01451106389049528 28095.41319818266
79 567.6430424941553 56.48528412101058 157.46449423013382 207 213.9497783511444 29300.369610664296 105.94735732362255 29137.936969219663
57 385.688076213433 60.548012453059485 154.4963915445766 209 215.04440399763604 29494.826598916792 221.29257938452344 29212.9860070792
123 1110.8533595887611 56.42085691329408 152.11314810818348 203 208.53400502147753 28787.89720424554 0.5882726674465175 28730.888074664796
199 1840.8848752452584 57.380880816304064 148.57496705711054 197 205.95584787341463 28082.478637179433 0.693646583699774 28024.404109779425
94 726.5938834807212 56.70416999343743 152.56795362260377 207 209.2721236160412 29228.746617652363 52.64004375542038 29119.402403903478
3 10.345088378007086 58.991543798284276 164.56580029883048 217 223.55734409711476 29955.182721506455 476.4502279380018 29419.740949770163
114 1015.8047006288492 56.05851313809913 153.28702947751867 205 209.34554261561783 28953.973344717335 0.0 28897.91483157923
99 805.5627512526139 57.127480505658646 155.8401948399394 207 212.96767534559802 29182.154455378106 48.290551916595746 29076.73642295587
115 1049.9552094195324 54.41432115943178 154.85680558587643 205 209.27112674530827 28942.590071097784 2.216320321493413 28885.95942961686
15 74.52154249450862 57.19750610973874 160.97576600547472 215 218.17327211521348 29925.045498803705 485.4227804919502 29382.425212202008
208 1944.412572862288 56.95300189350981 153.01065491039196 199 209.9636568039018 28146.24964817162 0.0 28089.29664627812
4 13.316506734709394 59.716552381312916 164.32235314532394 219 224.03890552663688 30081.003470463085 456.74730660821086 29564.539611473552
176 1690.0780037414563 54.92067932968754 152.8309352111569 201 207.7516145408444 28411.582984723056 0.25752490330546607 28356.40478049007
137 1266.365036705657 57.420602148004065 153.08010689738109 205 210.50070904538512 28854.58201198494 0.0 28797.161409836935
103 887.4377430645825 54.318224925492565 158.4195699440929 209 212.73779486958546 29255.26311145752 5.753830771099501 29195.19105576092
158 1550.4275100613545 55.50831245420405 151.01978023901742 203 206.52809269322154 28596.116532776607 0.0 28540.608220322392
19 91.56171213810127 56.68925397098791 163.40158016357262 217 220.0908341345605 30063.534057893212 455.65409410259826 29551.19070981964
200 1841.131502243235 55.92589628360726 151.7498365845948 201 207.67573286820203 28327.030605266267 0.7313278995829933 28270.373381083093
91 711.7976367054714 63.36867651831099 158.8574514243429 211 222.22612794265393 29473.563135672717 43.7905623759425 29366.403896778455
168 1645.2316954427085 53.65918247258112 149.91262967146935 203 203.57181214405045 28550.066837476945 0.29517378253694915 28496.11248122182
72 525.1684427274382 57.58212178660767 161.12677798443835 213 218.70889977104602 29681.956441344944 137.08540569473587 29487.28891386361
186 1750.2001877018115 56.12636303803289 150.69951381449638 203 206.8258768525293 28483.116263047712 13.819870391057748 28413.170029618606
121 1096.7033225929572 56.008431078311304 158.66900906940265 209 214.67744014771395 29150.75513245709 0.6992676665497584 29094.04743371223
160 1554.1902888940679 56.94767122126674 154.42665726704809 205 211.3743284883148 28706.805480467512 0.7236925011495714 28649.1341167451
69 479.57739060549557 58.75869251749671 165.31535283239614 215 224.07404534989286 29810.330080172156 160.64539495969757 29590.92599269496
48 338.65399744339265 61.18185908192666 161.4874042890112 217 222.66926337093787 29978.7874820165 236.4041920062749 29681.20143092829
102 886.1707249671098 56.542984113219596 159.46914206215408 213 216.01212617537365 29463.08866376274 5.151110712609011 29401.394568936925
196 1820.381918594425 53.079715972642695 155.88769843695263 205 208.96741440959528 28543.189931495894 0.06542215741069413 28490.044793365832
198 1840.8465594725585 54.75032352111389 151.2662207218528 205 206.0165442429667 28531.758878427776 0.0 28477.00855490666
144 1371.984243521295 56.907622614121614 155.78562730237303 209 212.69324991649466 29009.327162582864 26.44879235955841 28925.970747609186
70 501.0754855327921 57.011457474414414 162.4156594495377 217 219.42711692395216 29901.65299857035 139.90361239189428 29704.737928704046
28 167.8501357528954 59.0628944999755 170.09671456953126 221 229.1596090695068 30244.295794886973 364.7424106120384 29820.49048977498
188 1758.2042370073257 57.666607022167284 154.8545294504022 207 212.52113647256948 28673.254029339205 3.6823211239177454 28611.90510119312
157 1539.7048565586701 59.0772403761573 158.6055937377344 209 217.68283411389172 28902.905351529258 0.0 28843.828111153085
124 1122.763146301733 63.98178087444985 158.5644126901698 213 222.5461935646196 29325.911225376265 17.621505236347275 29244.30793926547
163 1605.8784668542582 60.050270286676096 156.7737393265449 209 216.82400961322094 28864.027967152742 17.891164194230214 28786.086532671827
152 1442.049338116532 55.62369824719161 154.34189059181685 211 209.96558883900843 29054.46565913005 0.5633362105313608 28998.27862467233
55 367.3019832970156 62.53489882837958 158.51750316112899 221 221.05240198950855 30148.300503180606 280.57581769859286 29805.18978665364
64 440.6583498691629 58.71795701412548 162.877305402455 221 221.59526241658048 30100.142237810895 198.83991573116867 29842.584365065588
66 460.1906585229673 64.72873682664246 160.67247261954432 221 225.40120944618678 30086.755994209532 237.1078103285281 29784.919447054373
112 966.11306816499 60.37482314042356 164.94849858219084 217 225.32332172261437 29597.63281526802 12.732001723239364 29524.52599040436
98 800.3022669701622 63.41655327859247 159.9433475559185 219 223.35990083451094 29785.340268978456 56.50702038604004 29665.416695313834
14 72.52096820628708 64.9945892401798 170.21006972214607 227 235.20465896232588 30515.456804115445 452.5933773563029 29997.868837518952
83 623.952406248208 57.962166604080686 168.00443214616516 221 225.96659875024585 29975.296611366037 72.60773924589103 29844.72670551607
107 894.8045925482119 61.229480543643646 162.97071963618225 219 224.2002001798259 29714.51529022199 0.7264861097332869 29652.55932356861
96 735.8477206416038 57.151675904515514 165.7968167112964 221 222.94849261581192 29913.537869590826 43.77219777958601 29812.61399590673
174 1674.988093358256 56.28345222754085 155.20615607305288 213 211.48960830059372 28975.938183054124 0.06628495193103845 28919.58844587465
134 1242.2396742677763 60.26152011167625 163.271594613979 217 223.53311472565525 29415.095413709387 7.477525585625244 29347.356368012082
154 1452.1498371819291 55.42756148801004 162.91041861481685 215 218.33798010282686 29206.77490431717 0.5892998925094162 29150.758042936654
35 236.42277214006296 67.23611885302475 165.0012809480819 227 232.23739980110662 30434.209191264526 321.56072902717233 30045.412343384327
191 1780.5617327127504 57.32015664211894 159.22498555692223 213 216.5451421990412 28892.568026170055 0.0 28835.24786952794
86 662.1391330402098 64.69573453063816 167.92710280061755 223 232.62283733125574 30027.66940443322 85.24704133692035 29877.72662856565
162 1600.2910649467826 61.352621316880196 162.49435651906535 215 223.84697783594555 29096.252065353867 24.78751517139449 29010.111928865586
166 1630.4280083289952 58.073748278066304 158.4070146561333 215 216.48076293419962 29072.296415798843 0.0 29014.222667520782
53 356.8280084150563 65.56860120082229 169.81057115352195 227 235.3791723543442 30365.3382390492 237.15961525302436 30062.610022595356
116 1053.9737759930297 55.893398274395985 160.3790856541684 221 216.27248392856436 29672.64900136732 0.4601232784527838 29616.295479814467
105 888.9098228565372 62.575030576663565 164.2325770329048 223 226.80760760956838 29848.378173180427 4.391291181647489 29781.41185142212
125 1125.9020061672813 61.06330705609072 161.9756759611797 221 223.03898301727037 29617.054101648693 15.801517682063604 29540.189276910543
128 1152.4581479186913 61.90464864185315 158.30846889807026 221 220.21311753992336 29597.53789498888 53.45499046563509 29482.178255881383
80 595.2960735585009 65.8563026731666 172.26932374012677 227 238.12562641329333 30186.652480265613 97.50290305854628 30023.2932745339
159 1553.4538980365048 62.69061500368216 159.72748214855116 219 222.41809715223332 29236.302445508976 0.6679637493514292 29172.94386675594
195 1813.969790655957 59.66404455468705 165.52418804436536 217 225.18823259905247 28979.40711485634 0.0 28919.743070301643
132 1187.6530542146872 62.29923192164131 166.34078854682102 223 228.64002046846235 29626.110926658734 1.0748355535972678 29562.736859183507
153 1445.7129899523281 62.34436796925105 166.23441037973726 221 228.57877834898827 29375.413530275593 0.0 29313.069162306358
204 1911.344956047503 59.904531069730524 160.34310803948358 219 220.2476391092141 28941.1801013578 0.9884684065145848 28880.287101881542
27 140.3223820467658 64.86137908907527 174.44343152556428 235 239.30481061463954 30715.06675298469 383.4317944683122 30266.7735794273
54 365.0478535626135 65.79765276875516 177.45901284273427 233 243.2566656114894 30498.776087457332 226.2522160592021 30206.72621862937
146 1383.4837547298148 62.73057318935446 166.59723690828275 225 229.3278100976372 29499.430577519903 11.637333069489614 29425.06267126107
75 540.2757530878673 67.30857811421228 170.21684479397175 233 237.52542290818405 30356.877923528293 115.0213265358309 30174.548018878253
119 1074.995403774648 62.21966740244083 170.044766947315 229 232.26443434975582 29826.17523022397 32.64909394871461 29731.306468872815
139 1340.6524158622944 61.06725625212159 165.37857819056063 227 226.44583444268227 29569.424305056567 0.8875282784254068 29507.469520526014
108 942.4071057633582 60.56264865939087 175.29346547403833 231 235.85611413342923 29974.00333501445 6.749365673305647 29906.691320681766
177 1695.6890677602478 60.21076962908875 168.0819264854635 225 228.29269611455226 29231.59018760007 0.0 29171.379417970995
181 1720.8078743544472 61.50572439559304 170.22794800179358 225 231.7336723973866 29207.6248967494 0.0 29146.119172353818
111 959.1777980376341 65.20139531402327 174.49563773888926 233 239.6970330529125 29986.54940219763 17.67774851025456 29903.670258373342
60 408.15691456358627 66.4260882271582 173.36062675130043 239 239.78671497845863 30546.268560382894 194.2037226972035 30285.638749458536
205 1911.362584797692 59.24619667649337 171.86830171035618 227 231.11449838684953 29059.33416332755 1.9428181181440323 28998.145148532916
171 1654.1887161604197 63.962247916705934 170.6487307711334 229 234.6109786878393 29317.820280609736 0.0 29253.858032693028
197 1834.4562617546842 65.3381000904292 171.98409116792416 229 237.32219125835337 29149.49080347073 0.0 29084.152703380307
165 1615.189610608009 64.05839389034034 172.16014210081 231 236.21853599115036 29371.53671430251 7.077495603632769 29300.40082480853
110 956.443754583591 67.17347396157875 179.72440702815084 237 246.89788098972952 30031.405996804253 0.0 29964.23252284266
192 1794.2884980434417 70.27487743437432 169.08108245848604 231 239.35595989286037 29202.75364926396 0.0 29132.47877182958
39 258.86122423379805 64.47002419451391 189.64233517111884 245 254.11235936563278 30741.41606995987 325.7938182664852 30351.152227498846
202 1903.6617985664357 69.5677199865078 170.88554963067244 233 240.45326961718024 29109.08921274855 0.1871696014372901 29039.3343231606
84 649.6699891570128 68.79697127235306 191.89128943104208 249 260.68826070339514 30388.496367765652 67.0026504728736 30252.69674602043
194 1813.2034540838276 62.96116865981681 173.27397040881982 239 236.23513906863667 29226.396233897853 0.20550025124225613 29163.229564986777
201 1853.5845947293924 70.15400226163084 181.52718476366618 239 251.68118702529702 29187.904384847225 0.0 29117.750382585597
175 1687.82569401947 69.57767446631541 184.42203017049425 247 253.99970463680967 29369.372160532297 0.0 29299.79448606597
133 1198.0811760377821 70.29334810675185 195.20552809920883 255 265.4988762059607 29866.154250769367 0.0 29795.86090266261
62 416.8804169262389 73.47551490367454 193.35917694199492 265 266.83469184566945 30650.078195992486 196.80736823703342 30379.79531285178
