# Cpu scheduler: fcfs
# Quantum: None
pid arrival_time cpu_bursts_time io_bursts_time nbursts bursts_time tat ready_wait_time io_wait_time
4 12.206060895681336 24.527772807648795 14.122544515259676 3 38.65031732290847 118.72788581173927 72.18519193796911 22.014921066121367
13 48.51168497848797 23.941884215286095 11.68498593107892 3 35.626870146365015 231.7329010362054 180.5359210467135 27.255095774205813
18 85.78102348106523 36.64630563565801 18.573002971648265 3 55.219308607306274 264.04337274156404 206.9860395949241 20.41102751098191
1 7.893308876351029 71.97188537573102 58.863481464304115 9 130.83536684003516 456.20981359479043 297.50093403923483 86.73699417982456
20 92.07484432059518 54.023601214060655 42.698737579218935 7 96.7223387932796 494.79420215929395 345.69940130608455 95.07119963914877
11 46.43311568796876 85.24661745603683 54.896772043813186 9 140.14338949985003 597.8094785075177 348.3596329727024 164.2032280787785
14 58.428442871944924 73.9484220131886 51.11785333042911 9 125.06627534361772 609.66051899073 373.3727093474244 162.33938763011722
15 61.07535582006461 73.94912536456337 63.13557032307737 9 137.08469568764073 629.9480583321106 367.67763108579504 188.32130188175222
7 43.21894307402043 96.31089478746269 79.45576420256147 11 175.76665899002415 677.806865924956 369.3213888004046 212.1745823370888
8 43.69132653750696 79.9169922805764 91.73497553908909 11 171.65196781966551 704.9268863825374 365.15281129224365 259.85708280971727
103 968.9932851157605 42.177080901396145 118.01592049828224 149 160.1930013996784 21588.29461117046 0.164165060445157 21545.95336520862
90 871.2235906772017 43.44595319702824 111.17642862653007 153 154.6223818235583 22030.11702707364 0.0712364070179774 21986.599837469596
118 1156.4194564253328 42.203201048344404 112.36450118206992 149 154.5677022304143 21794.96158270034 0.03020972048079784 21752.728171931518
79 757.4984604411393 47.426772346536346 119.18551390546565 161 166.61228625200198 23007.54118250656 0.38939416337734656 22959.725015996635
72 693.5752176824133 41.626822087829254 127.68428921658754 163 169.31111130441678 23216.53366353221 9.080292609630078 23165.826548834746
28 151.08242220477436 46.55706104338381 130.72411001734827 173 177.28117106073205 24207.22449535694 349.54088719202855 23811.126547121527
26 147.63313791769758 48.57672672783138 134.69885348274784 175 183.27558021057922 24491.04387552026 346.2354431170049 24096.231705675422
31 178.75053262417273 54.665058661488914 130.12172554838932 175 184.78678420987822 24513.987720600962 332.9350778981403 24126.38758404133
45 320.4763282980816 49.95592286072248 130.20925312595358 175 180.16517598667608 24635.129130655365 218.68389553451027 24366.489312260135
47 365.32489246238 49.433997151009066 129.76548544098793 175 179.199482591997 24670.51986639084 187.44430513416455 24433.641564105666
95 916.5272937940886 51.031160371044045 124.91813107074375 167 175.9492914417878 24141.79294207502 0.18034545775094557 24090.581436246226
159 1601.7219206276447 45.28388590928911 117.88524944998987 159 163.16913535927898 23514.278368111467 0.0 23468.994482202183
39 259.9497099096201 43.500050714856656 134.2585390979845 179 177.75858981284114 25121.10179446731 270.98986611834295 24806.611877634106
83 825.7147800752089 45.965777587930496 131.16111742493123 171 177.12689501286172 24566.007233093824 0.4203021812551242 24519.621153324635
88 858.9646399446042 47.94939858170835 128.23510625646506 171 176.18450483817344 24644.275152472328 0.0961381384241804 24596.229615752196
105 1018.074102065419 46.24724266108228 131.77794611516796 171 178.02518877625027 24846.06120881562 1.642829318487884 24798.17113683605
141 1370.9883176220403 46.67156871648758 124.36903054557018 167 171.04059926205775 24553.344700793485 0.0 24506.673132077
158 1570.5315864847107 44.917136223861526 124.27653965839926 165 169.1936758822608 24357.544643356305 0.3728835841905038 24312.254623548255
23 133.34684489483558 53.955148683958804 137.94654908527977 185 191.90169776923858 25892.06359094465 353.46555841890154 25484.642883841796
82 819.4036628469465 48.25735326999342 128.1873043300463 177 176.4446576000397 25397.957328041237 0.0 25349.69997477125
74 708.0746394605815 44.921174548040725 136.9446792282232 179 181.86585377626395 25510.557501506788 15.656748180427712 25449.979578778322
41 268.4016117508381 53.52341774547945 137.0684924291575 185 190.59191017463695 25977.49089938395 258.4846686406793 25665.48281299779
49 433.93889811244725 49.4147945580911 140.3781171250216 183 189.79291168311266 25823.560779494273 128.85237616626813 25645.293608769913
10 45.205551254262495 49.666993462657956 147.1304247051588 189 196.79741816781677 26217.827841857226 423.9525776691193 25744.208270725456
12 46.98729358171696 54.6276359800496 136.28568877899863 189 190.91332475904824 26268.71527629762 431.97910241826935 25782.108537899316
34 186.54007519096476 54.244404393925855 139.92673877484785 187 194.1711431687737 26226.810422068767 322.65615145000106 25849.90986622484
36 216.1077787385487 49.23653975527483 133.09238379277707 187 182.32892354805193 26224.069647730037 293.2803450555969 25881.55276291917
208 2001.3419916623282 44.651128745513745 129.1576644652478 167 173.80879321076154 24670.263420390183 0.0 24625.612291644677
16 67.32554982740162 51.95990530791853 139.47193336131605 191 191.4318386692346 26605.953695581833 424.61126173626303 26129.382528537655
48 386.4583522993255 52.315917794192146 137.33633014703193 187 189.6522479412241 26320.176982028188 157.18421464472533 26110.676849589272
189 1846.9164617224903 46.7704421971772 120.22962472079281 169 167.00006691797 24925.78352509067 0.26072370683391455 24878.752359186652
9 43.89017161512234 52.191411657229374 145.1875084895126 193 197.37892014674196 26733.212977699517 436.8171265777284 26244.204439464564
202 1921.6253237609699 43.530312602473686 120.2459300321918 169 163.77624263466546 24933.077249882248 0.0 24889.546937279767
149 1474.6605465718849 43.576321466693756 129.94260489133055 173 173.51892635802432 25393.806558842243 0.5585514579752271 25349.671685917572
180 1770.1058966612998 46.929017284410065 125.5027046916479 171 172.431721976058 25186.28267028993 0.0 25139.353653005528
75 708.7132849796693 52.897099318609236 139.15255349089352 185 192.0496528095028 26291.04891202493 16.12279735831089 26222.02901534801
91 878.288097111828 56.559500501506335 132.62562121380404 183 189.18512171531037 26274.66038144674 0.638589994001677 26217.462290951244
78 746.1138189488955 52.89312886806103 135.1792387226005 187 188.0723675906615 26580.910811541526 6.549842831401065 26521.46783984205
114 1108.8711067090821 47.42303073420956 137.70998081600723 181 185.1330115502168 26221.858546268468 0.0 26174.43551553426
200 1910.0664437266473 48.772808786168504 129.21425658440194 173 177.98706537057046 25432.1115130902 0.21919251640974835 25383.119511787623
30 164.93256793162493 53.7506126736428 147.67285167107175 195 201.4234643447146 27231.87038149627 350.158280173531 26827.96148864911
81 780.9999278231086 52.46275375458719 136.87371581485456 187 189.3364695694417 26633.39444870785 0.0 26580.931694953255
33 182.69083526265507 56.55936117782676 145.00572386048182 195 201.5650850383086 27242.811781956774 332.0076150232082 26854.244805755734
77 738.4480443855193 55.51679434313484 143.78471556048515 189 199.30150990361994 26792.999514147363 11.803463643160057 26725.679256161067
194 1875.506585552225 49.68510317939534 128.65304776468568 175 178.338150944081 25677.72732511016 0.0 25628.042221930762
151 1487.4098138627176 51.04076337756001 134.47980860380548 179 185.52057198136546 26137.69262174164 0.18257993525344318 26086.469278428824
54 485.64947230830387 56.13941558609565 149.4325441358418 193 205.57195972193745 27164.292264267053 96.73309208882085 27011.41975659212
153 1523.1648946478927 46.17799872321301 132.77156757044293 179 178.94956629365595 26140.176020413695 0.0 26093.998021690488
51 457.3930254017132 51.21854168322968 141.48177611995763 195 192.70031780318732 27368.144093209354 116.25660233630242 27200.66894918981
116 1140.1881401687485 47.05530785095042 133.2709218911148 185 180.3262297420652 26717.335407583734 0.0 26670.28009973279
108 1051.6845878118186 52.633855195329254 141.3012209581734 187 193.93507615350268 26891.41112040131 0.04487575911184649 26838.73238944687
112 1099.5007377797554 54.0359959553131 141.81240461654937 187 195.8484005718625 26908.791045893253 0.18254987389127564 26854.57250006404
89 862.7634946028978 51.549230252134684 138.1745875469132 191 189.72381779904788 27197.043825632038 0.056822966671006725 27145.437772413236
70 665.5575826257051 53.758080023311585 145.15656247530615 195 198.9146424986177 27468.378554557745 30.131968247541522 27384.4885062869
96 916.7657465172529 52.57130167519902 144.26506340219515 191 196.8363650773942 27238.924475975677 1.4021003285240567 27184.951073971944
65 596.3783430345317 54.279394373082816 147.50689729385215 197 201.78629166693491 27666.14208574243 35.13254614355651 27576.73014522579
115 1139.5869594691935 52.31267953030317 144.64835298874496 189 196.96103251904813 27154.069676284562 0.0 27101.756996754262
17 77.40453241700884 58.125576879388476 155.75767090205338 205 213.88324778144184 28279.257223595247 413.76280362296484 27807.3688430929
86 839.7689124643733 62.36677798841639 146.41658065417687 195 208.78335864259324 27594.421075874565 0.0 27532.054297886156
146 1435.0321922395456 51.51397515226287 140.7487964777976 187 192.26277163006046 27020.834229707816 0.0 26969.320254555558
24 134.53418403364958 62.48772052657318 152.71757247421016 205 215.20529300078337 28331.53487697994 348.58717079082953 27920.45998566254
67 635.752971267253 55.13481125828412 152.8343406889329 199 207.96915194721703 27876.289098350226 33.958076552044645 27787.196210539896
35 192.09049151440095 60.21013356103359 151.65034431715205 205 211.86047787818563 28365.48903284478 316.33762392836775 27988.94127535538
61 557.5141448589384 53.049855815513936 146.2317659514556 201 199.28162176696952 28046.312060119184 63.34581482019735 27929.91638948348
21 110.96189636843754 57.30941920449319 152.76408627445252 207 210.07350547894566 28494.655028646164 407.8433493207926 28029.502260120884
38 252.9611257821405 52.11824515198096 153.1317380124802 205 205.24998316446118 28353.519220316684 281.06926055111876 28020.33171461358
63 580.149048110843 52.590402069550805 146.59397438714493 201 199.1843764566957 28054.605213457075 39.47379785640578 27962.541013531125
110 1083.7917418196603 51.586244845311285 147.35640703277926 193 198.94265187809057 27552.07415060806 0.0 27500.48790576275
3 10.562052883568926 56.73001015197922 160.47586862994328 211 217.20587878192248 28626.27619570505 441.2268171400086 28128.31936841308
25 146.04378859804723 56.14693347482731 155.27276758863508 207 211.41970106346236 28543.502339969156 354.0071845084469 28133.348221985878
44 299.8464937737453 60.88255535384189 148.20859838474345 205 209.09115373858532 28396.782431620464 224.6560217150369 28111.243854551587
150 1476.8899174921178 50.927633233167576 143.43814066313467 189 194.36577389630227 27230.890741402243 0.0 27179.96310816907
104 1015.0945431954187 55.174653267967024 146.4453120300196 195 201.61996529798665 27736.433203156434 0.417617218173973 27680.840932670304
6 25.551328086927526 57.66318183061614 160.07764278799826 211 217.7408246186144 28728.439094769492 445.39603815364126 28225.37987478523
100 954.6739819428268 52.156637883873735 142.8333559129107 197 194.9899937967844 27880.76571898356 0.0 27828.6090810997
42 274.40156815196207 54.69630580702583 152.54225885554533 207 207.23856466257115 28565.01326157269 250.74376216868103 28259.573193596985
43 287.1600004377737 57.23216663277749 156.62666164854951 207 213.85882828132702 28595.025209401978 228.29081113542412 28309.502231633767
171 1694.8687430337968 50.14879235925617 141.42039334020836 189 191.56918569946458 27216.5640051507 0.7706260172731163 27165.64458677417
117 1142.9288905522708 53.10618713823985 147.23924225349302 195 200.34542939173286 27779.38010174205 0.0 27726.2739146038
204 1964.54393658116 52.02150082401882 143.1222649900944 187 195.14376581411324 26959.43996429747 0.0 26907.418463473452
178 1748.8121181847205 53.737970735588 143.50501072760284 189 197.24298146319086 27205.799559842028 0.13453192795918767 27151.927057178473
62 564.1439200744031 57.36975262799691 152.0622481097284 205 209.43200073772528 28443.999518599503 55.23694539644168 28331.392820575064
22 124.76605654279042 60.7061283007413 154.00832355769558 211 214.71445185843686 28911.97671800878 365.59793296670813 28485.67265674133
64 588.3396139970644 59.10225314030168 153.36587785187845 205 212.46813099218008 28450.721251789524 43.617771666682984 28348.001226982546
203 1932.1694947433468 53.35585689377504 144.7940284945628 189 198.14988538833785 27155.801424519006 0.0 27102.445567625222
80 769.2492916410321 53.24451176885514 150.94573810333742 203 204.19024987219257 28330.691172688432 0.9346949615074891 28276.511965958078
137 1322.1813543686942 53.10165292821128 144.81842817367757 195 197.92008110188885 27802.518984099806 0.0 27749.417331171593
93 894.1814716111861 57.24241869658483 151.5684018458945 201 208.81082054247935 28237.7909373495 0.5786365963587059 28179.96988205656
94 897.2144795673836 55.95876730856481 148.3470094194863 201 204.30577672805111 28240.55269081007 0.0 28184.593923501496
120 1189.1122470457447 57.89502999737099 143.58979826293563 197 201.48482826030659 27964.374636557375 0.6455981680580862 27905.83400839194
76 709.7799697345812 57.08468668030621 149.87432759302655 205 206.95901427333277 28473.41982761905 15.863748529640816 28400.47139240911
192 1870.711831651574 52.609999968967756 141.07099200743633 191 193.68099197640407 27342.85514357554 0.07479673180796453 27290.170346874766
195 1876.044702719597 51.67473891651804 145.77814366097624 191 197.45288257749428 27345.737763704958 0.0 27294.063024788447
164 1643.7421851678605 51.416100257788045 148.60319707792445 193 200.01929733571248 27580.48292537348 0.23288932956893404 27528.833935786126
126 1256.8635809645123 51.608447932100134 145.90609400004905 197 197.5145419321492 27969.34888908286 0.5861144330976913 27917.15432671767
147 1460.5957713097587 53.508872049772194 144.92032056186625 195 198.42919261163846 27789.48391157841 0.0 27735.97503952863
52 457.6985411876529 60.89198234917569 158.58840196369192 209 219.4803843128676 28794.540568553537 112.41452547481987 28621.234060729545
53 477.42987255781105 58.09346916119736 161.00216350202516 209 219.09563266322255 28787.251506903787 107.0221377132213 28622.135900029374
136 1309.022364064193 51.54959214337209 147.2791683209861 197 198.8287604643582 27970.149240129685 0.0 27918.59964798632
71 666.0786171495768 56.23713950939151 158.64517441063776 207 214.8823139200293 28640.207399719726 30.373668390481726 28553.59659181986
97 942.3257475270854 54.67822031441765 152.79239485915198 203 207.47061517356968 28406.566442883228 0.8567463658698671 28351.03147620294
193 1874.4672031669234 57.797554705320195 140.5985024913009 193 198.3960571966211 27503.982520152764 0.0 27446.18496544745
199 1898.0245106295388 52.85428968197288 144.53762432133314 193 197.391914003306 27500.187614918745 0.32801869481568247 27447.005306541963
66 630.756936127806 54.57812793363605 157.94767929710807 209 212.5258072307441 28784.576055533365 19.90442822768364 28710.093499372062
2 8.914933046038739 55.79732619386029 163.6598899958935 221 219.45721618975375 29445.251176883736 450.78922874423404 28938.664621945645
59 553.8487484255961 57.64159742231935 159.57998855632155 211 217.22158597864092 28920.639137237613 53.40080987992178 28809.59672993537
84 827.8262791241635 59.36102160696411 151.7765409187371 207 211.13756252570118 28667.006132665967 0.03885356693160702 28607.6062574921
160 1605.6261968697775 56.54297297604041 146.9480853710219 197 203.49105834706234 27896.9895068159 0.0 27840.446533839862
190 1852.3557172289893 51.874635415121176 143.65018847490484 195 195.524823890026 27657.882845198423 0.4037106846410552 27605.60449909865
163 1643.1141265824947 51.98442763416834 146.73959352210585 197 198.72402115627426 27878.186958608658 0.1446643766305442 27826.057866597865
132 1300.8508147658333 53.26523706292483 152.28760201361575 201 205.5528390765406 28256.979656900705 0.2448587973560734 28203.469561040423
134 1303.7910363395367 54.48993998397392 150.18473819328628 201 204.67467817726026 28259.04419332267 0.19241447999570482 28204.36183885871
205 1971.0302146409842 55.879907342868755 149.1207711663782 195 205.00067850924694 27596.912946483888 0.0 27541.03303914103
32 179.13374621312036 63.627134355139184 157.58748085390576 217 221.21461520904498 29393.770286194667 330.21728839761386 28999.925863441902
0 7.893308876351029 57.97436962752202 169.07499150759816 225 227.04936113512017 29588.819792973933 445.13936429982016 29085.70605904659
156 1551.996569530529 53.64709050052717 151.2914619364604 199 204.93855243698755 28053.47714530651 0.0 27999.83005480599
37 236.2033966328858 61.57631724602103 165.10596405546025 217 226.68228130148125 29371.002182007862 289.4069559558019 29020.018908806032
124 1232.34219637848 58.617358404099775 149.88824360632077 203 208.50560201042055 28415.923349077068 0.0 28357.305990672947
92 888.3420681265709 54.73680549679526 160.10538914317294 209 214.8421946399682 28824.63627781136 0.0 28769.899472314566
40 267.88090398047984 63.11191853483624 164.84527523327654 219 227.9571937681128 29488.077168668628 259.9469245165818 29165.01832561721
187 1826.9487128162214 55.8170462923791 147.80178884898694 199 203.61883514136605 27932.91324596304 0.057251613138532775 27877.038948057525
50 456.28208574723357 61.78676302970799 159.0933757070994 217 220.8801387368074 29344.977685692396 118.37653348481223 29164.81438917788
130 1273.6448465455774 56.90541013373133 151.14063536670636 205 208.0460455004377 28530.65662539105 0.01674137200484438 28473.73447388533
148 1467.0066116149899 57.411370294191315 150.5073738329219 203 207.91874412711323 28341.63238287978 0.34870978579783696 28283.872302799773
170 1690.4024000109155 58.14570338214046 151.54647232343697 201 209.69217570557745 28126.04087908922 0.3404282990863976 28067.554747408
174 1715.5169757872673 54.49932645723317 152.30714431448843 201 206.8064707717216 28109.718922721804 0.0 28055.21959626458
60 557.2074913768403 61.21100128976686 159.9860412708847 217 221.1970425606516 29315.13060046075 62.01641732343796 29191.90318184755
143 1404.7098826107824 58.14063612762365 149.22791930378796 205 207.3685554314116 28487.545110042887 0.37801928183853306 28429.026454633433
145 1433.397208954859 54.47547950238165 156.20603457357223 205 210.68151407595388 28471.561887709446 0.07186467999713386 28417.01454352706
5 20.259169107578995 60.58589217726017 173.18819146775033 227 233.7740836450105 29917.937443073184 452.93656564314836 29404.414985252773
206 1987.4049367071586 59.867375307392166 150.86537066354492 201 210.73274597093712 27962.03952993986 0.0 27902.17215463248
106 1020.7624992456442 54.84932959333123 157.55702850298812 211 212.40635809631937 28932.6558124101 0.3920405936238467 28877.41444222314
179 1751.2101029064509 55.0040231577059 154.9300459273745 203 209.9340690850804 28205.546374030957 0.0 28150.542350873246
209 2016.133290811411 56.35795651382201 153.51025447898058 201 209.86821099280263 27941.820706545943 0.6488927477034849 27884.813857284425
19 88.72386648929582 65.20932512803869 166.34475226238402 225 231.55407739042272 29877.078617776828 413.4377323270518 29398.43156032176
58 544.9005486557846 61.68693201664338 165.7294701496699 219 227.41640216631325 29430.18391631123 63.05863115804436 29305.43835313654
185 1808.2870113933293 53.324783589037864 149.85300472989547 203 203.17778831893335 28180.201978071458 0.5456246371966245 28126.33156984523
85 828.3660038482694 60.99657194535703 153.97933820005161 215 214.97591014540865 29170.943260688393 0.8665464817735256 29109.080142261268
142 1404.0646487482213 57.72128055543979 154.5488274763757 207 212.27010803181543 28597.58415227839 0.04909929761402054 28539.813772425343
27 149.28525236633737 62.99855009973486 165.89991731411226 225 228.8984674138471 29887.655023581927 353.60408054227764 29471.052392939924
169 1689.3552821532542 59.590018013399494 146.40648876109606 205 205.99650677449551 28350.436967401743 0.0 28290.846949388346
46 365.10010414959993 63.36653564667463 169.1161637190343 223 232.48269936570892 29697.1885111962 189.09847521527018 29444.723500334265
183 1806.231512910857 59.50087651251996 151.33478560175223 205 210.8356621142722 28275.612824097458 0.0 28216.111947584926
162 1622.9251493618167 55.85286911081989 151.7843501780828 207 207.63721928890274 28473.256431755362 0.0 28417.403562644547
128 1262.1291196079428 54.35650126901101 159.27806376171168 211 213.63456503072263 28852.930795216933 0.0 28798.574293947924
201 1918.6682111486962 54.49008144529817 150.63282711361052 205 205.12290855890865 28205.042465360188 0.0 28150.55238391489
173 1703.8351393615578 54.80044159161504 155.00945073224656 207 209.80989232386162 28425.687028756896 0.0 28370.886587165292
107 1050.8178827628833 57.30103145860166 159.36857844490632 215 216.669609903508 29111.048346480264 0.0 29053.747315021654
182 1803.194006472103 58.0350708457526 153.30524209489377 207 211.34031294064636 28360.484316068952 0.0 28302.449245223208
98 943.0170502983824 56.59637861406153 159.94691379363695 217 216.54329240769846 29230.870358530447 0.1278065565252291 29174.14617335984
102 963.2169640306028 58.290471335514454 156.68055702559002 217 214.97102836110452 29225.585046704677 0.4093505353926048 29166.885224833768
129 1262.969740336678 57.804216910313855 160.30289764294676 213 218.10711455326057 28935.824428313295 0.0 28878.02021140298
29 162.1171144234582 63.776993806251454 176.71842560120118 229 240.4954194074527 30045.610134604925 334.95667111658145 29646.876469682105
172 1701.2480521264267 61.924642162057616 150.9343963932742 209 212.85903855533178 28507.765944784114 0.0 28445.841302622066
68 640.212293999521 57.523262093503945 162.99823217047665 223 220.52149426398063 29574.37736952959 30.62040150119617 29486.233705934897
176 1726.8847391341587 56.1257977045669 160.2921199882004 209 216.41791769276728 28491.107796710145 0.0 28434.981999005573
69 641.5244724543161 61.330214450580044 165.5196880641746 223 226.84990251475466 29578.801443902816 30.741195369987167 29486.730034082255
99 944.2656639060028 60.62338300696028 163.29936216623733 219 223.9227451731976 29306.583746702778 0.2122635594366784 29245.74810013639
109 1079.2978042948598 64.09897072300062 155.86706383896666 217 219.96603456196732 29173.37102174505 0.0 29109.272051022042
191 1863.4749113236307 55.4640153758999 154.74846741519093 209 210.21248279109085 28393.160969250952 0.0 28337.69695387506
144 1424.8853127707366 58.93631190730178 157.80160173819786 213 216.73791364549962 28833.095927135873 0.0 28774.159615228564
155 1547.9139125045408 62.868960291271954 160.1594975860069 213 223.02845787727884 28745.322633862812 0.0 28682.453673571552
121 1194.791902249735 61.31581200169164 164.5840130676259 217 225.8998250693175 29100.884963678564 0.0 29039.569151676853
181 1786.0131747403661 56.829578739102075 159.1365825422652 211 215.96616128136725 28511.67387562146 0.0 28454.844296882355
122 1209.2011607425989 56.16496542705251 159.05083037147983 217 215.21579579853238 29095.350039500056 0.08915812527948219 29039.095915947724
184 1807.849611177139 60.460353027137515 155.20093169000654 211 215.66128471714399 28498.484591007116 0.0 28438.02423797997
127 1260.4373082052302 51.92733965165013 159.01744309261133 217 210.94478274426146 29063.799837563885 0.0 29011.872497912238
175 1723.1073351588864 62.962491878793344 157.43781099357057 213 220.4003028723639 28614.008210094362 0.0 28551.04571821556
57 528.4032967552677 67.22722144270719 164.5528107765606 229 231.78003221926775 29821.037069802318 69.12259719989595 29684.687251159707
168 1683.9317277250145 64.10279782972137 162.9302771880703 215 227.03307501779167 28696.927312912885 0.0 28632.824515083164
55 489.1523776615917 65.43764610308995 169.4982936676537 231 234.93593977074363 29900.291964172102 93.7521840130878 29741.10213405593
157 1564.66653755602 63.12731661624679 164.02385448206954 217 227.15117109831635 28834.636458549565 0.09793108569465403 28771.411210847633
161 1607.929110455505 57.18362725780348 159.12018193618036 217 216.30380919398385 28798.776880609086 0.0 28741.593253351293
139 1364.4115857442064 62.19603280436907 168.53296335987096 221 230.72899616424002 29077.610157614654 0.0 29015.414124810297
123 1218.918866137365 62.953681218305476 168.6406402273872 223 231.59432144569269 29227.87937090811 0.8499404304507152 29164.075749259355
188 1831.305141093749 57.195491793725225 161.34709275299676 217 218.54258454672197 28618.966089180605 0.12678590466498463 28561.643811482198
87 846.4849622419076 66.0908907535127 163.60007414053342 229 229.6909648940461 29618.888169141526 0.16372374855654925 29552.633554639455
166 1658.1891592223847 65.36452102042732 164.33892547810507 219 229.7034464985324 28809.27204041056 0.3893257146748965 28743.518193675456
73 700.2022294654498 62.66365617746942 171.2596811376235 233 233.92333731509297 29785.006024196864 2.88173738283524 29719.460630636553
101 962.914452337287 62.87763907212013 169.59238941440154 229 232.47002848652167 29527.412334906367 0.20632552263828075 29464.3283703116
125 1255.6173317595596 67.03824601331083 162.9080651358325 225 229.9463111491433 29237.061664287357 0.2115768914425189 29169.811841382623
196 1881.355063226679 58.83766557250866 164.84154045618385 219 223.67920602869253 28612.176140391184 0.0 28553.338474818665
198 1884.0194495674366 65.22541683759823 165.96746438028327 219 231.1928812178815 28614.22766122276 0.0 28549.002244385174
207 1994.6028899405003 60.20369395517387 167.41991182079985 219 227.62360577597372 28516.152910312558 0.0 28455.94921635737
154 1524.4467346569004 62.95896390887453 169.08041953338824 225 232.03938344226276 29010.539686231143 0.0 28947.580722322266
119 1174.424410667077 62.22380459549989 169.9108871046073 229 232.1346917001072 29361.914446100145 0.0 29299.690641504643
197 1882.5096216792103 57.481641763973045 166.7568692873427 223 224.2385110513157 28663.474969636733 0.0 28605.99332787276
167 1664.857960653192 57.364809096873216 169.38868662710001 225 226.75349572397323 28884.24366881769 0.1312313292644376 28826.74762839156
152 1504.170613254822 65.75727345627054 172.37829403742853 227 238.1355674936991 29050.744646057934 0.04404341124450184 28984.943329190428
131 1274.593453646695 63.080835926723005 172.81427993980037 231 235.89511586652333 29293.619000447452 0.5822224481205467 29229.95594207262
56 516.5717685577163 64.69576394449687 187.59162826844238 245 252.28739221293927 30074.274005751817 83.06138172053181 29926.516860086787
165 1650.9683025075901 63.632358694491465 170.225440811901 231 233.85779950639244 28947.477053358693 0.0 28883.844694664178
113 1101.631390117419 69.28366115831298 179.17012608553387 239 248.45378724384682 29508.49515571322 1.2107423811564786 29438.00075217375
135 1306.551441005531 71.66836539616489 173.194242984016 239 244.86260838018092 29317.122001644413 0.4665030461933384 29244.987133202074
177 1729.5570955231178 64.09332629786729 176.12898579828416 237 240.22231209615146 28904.127115436335 0.0 28840.033789138448
133 1303.1524170643486 66.8980004717463 180.2640302336773 247 247.16203070542355 29353.358274427184 0.0 29286.460273955432
140 1366.3193497537347 72.11185935759472 180.92949255164436 249 253.0413519092391 29299.930575341008 0.0 29227.818715983438
138 1352.5103044065377 72.12629817171643 191.60990885392644 253 263.7362070256429 29321.734719868753 0.09912132136946639 29249.50930037566
186 1826.5944807153355 68.44050118539316 185.8127585005935 253 254.25325968598662 28855.528179940964 0.06435030199077119 28787.023328453586
111 1089.3335064386754 68.25318601635261 197.84640478780221 263 266.0995908041549 29596.609712169975 0.0 29528.356526153642
