# Cpu scheduler: fcfs
# Quantum: None
pid arrival_time cpu_bursts_time io_bursts_time nbursts bursts_time tat ready_wait_time io_wait_time
5 50.36324213897406 48.59109584696634 32.17248347881451 5 80.76357932578085 296.8885093964489 213.08244097154852 35.214972577934006
1 21.705091290714556 71.22045801108301 45.12273685124576 7 116.34319486232874 395.2665315875507 264.21017871745136 59.83589485901632
4 42.49888980316408 59.08637762863893 44.12993439746375 7 103.21631202610268 439.91794624280203 294.92960594437994 85.90196266978316
11 96.23994789249116 44.1378065703734 31.286253402430823 5 75.42405997280423 401.17206153619617 285.80154202098413 71.23271294483871
14 115.56654610172222 56.26179410079276 39.44670411608216 7 95.70849821687491 538.8252205874426 403.9361708570706 78.62725562957925
13 109.07676054801613 74.20965918958466 59.38473773105362 9 133.59439692063825 650.9992701588646 445.60713370990857 131.18247725937138
7 67.85203068650074 101.33832032264218 105.2386720910294 13 206.5769924136716 849.7321725334169 479.83999683731105 268.55385537346365
10 89.60599833370324 103.04694274899994 81.57888204207744 13 184.62582479107738 877.0411381460091 456.84707384301066 317.1471215539983
15 116.06360238293273 111.94381828864405 84.86050230033152 13 196.8043205889756 937.3249001827091 465.15518358478363 360.22589830928155
2 25.15140302872155 143.69492186352747 136.52394188070787 19 280.2188637442353 1219.656574281513 488.8109760727186 587.150676345267
64 714.0973626426073 43.179338528557594 114.29644729803962 151 157.47578582659725 21612.893761409585 60.39911039239291 21509.31531248864
117 1277.805430239085 41.27166146489463 105.62048417223326 145 146.8921456371279 21237.829447319476 0.40501829146569435 21196.152767563122
53 556.4728932772906 43.66748615937169 119.8506374681779 157 163.51812362754958 22349.155520521224 168.65827740572286 22136.829756956144
55 569.1769773884079 43.97021879175284 123.83591397013403 161 167.8061327618869 22934.750467442886 151.157532870448 22739.622715780675
31 321.45618128679996 44.52102073381648 126.03838677979904 165 170.5594075136155 23282.70386512904 367.0833224662655 22871.099521928965
54 569.0776406302294 47.17252087144998 118.5238430132878 165 165.69636388473776 23514.12318315388 152.4336718532628 23314.516990429165
144 1476.5743372552781 40.16878065763084 112.94440926014921 155 153.11318991778006 22886.138711225405 0.0 22845.96993056778
76 898.491066433258 46.05200175307914 121.32304136531224 163 167.37504311839137 23531.86463634207 8.849492858381609 23476.963141730597
57 589.403356695545 45.56450707335211 126.66117051918275 169 172.22567759253485 24114.01119262344 162.65503762280605 23905.791647927283
19 190.13392732861413 45.86309491323393 131.62336805395964 175 177.48646296719355 24615.490159008288 476.2560523892913 24093.371011705774
66 722.0141605547338 47.79290137525232 130.7077977051295 169 178.50069908038182 24243.854475324086 52.17865345779035 24143.882920491036
6 51.178662510879136 50.982138055640554 135.83672346398384 181 186.8188615196244 25127.191331149155 565.010513218629 24511.198679874884
201 2114.1531654763658 43.10216095819528 116.55028713614544 155 159.65244809434074 23065.70723827654 0.5522788776561356 23022.0527984407
91 1035.2293625867305 46.05240656280685 124.7838820039059 167 170.83628856671274 24214.18148221355 18.676819890177057 24149.452255760567
158 1688.3405676398984 45.13565157951731 120.8038681136718 161 165.9395196931891 23826.621687744788 0.0 23781.486036165265
25 280.3516107785054 50.517712108843504 132.15417158658823 179 182.67188369543175 25250.380439168868 427.7918873314738 24772.070839728556
21 225.7409630356564 49.95502579990372 133.44578826139627 181 183.40081406130003 25477.324999435463 441.6963084397495 24985.6736651958
185 1989.3260016215172 44.35814283620097 121.93749890527178 161 166.29564174147276 23886.918840027825 0.0 23842.560697191628
9 88.87747660884372 48.77872529632374 137.51306187921875 185 186.2917871755425 25812.271263655635 567.6098034560405 25195.882734903258
69 816.7511193492511 48.87605395613068 129.13460657094924 175 178.01066052707995 25139.007256002566 30.963542011919913 25059.167660034524
38 390.29417932082174 43.16801889150884 133.6077265015161 181 176.77574539302495 25600.287188314578 309.35275320938143 25247.766416213683
73 843.3877603532825 51.82067083816827 136.3534492489483 175 188.17412008711653 25214.90883597888 12.065914325535914 25151.022250815164
59 654.2361205240165 50.89520027117033 132.55095580739535 179 183.44615607856565 25549.236244006006 98.99189930171565 25399.349144433116
99 1095.621417322777 49.136060318147955 130.0795804422678 175 179.2156407604157 25368.219084223456 3.8534961160273724 25315.229527789277
142 1470.2768874565613 48.37345069979287 128.72183904119663 171 177.09528974098953 25104.237382191168 0.0 25055.863931491378
206 2137.342358305119 48.29519774432112 122.87160265392029 165 171.1668003982414 24440.432851830275 0.35369001358367314 24391.78396407237
67 757.2209377437794 49.615153946106865 132.74350005054004 181 182.35865399664692 25895.053147523977 62.43708624341548 25783.00090733444
43 464.8725188071846 53.96867038135478 134.9353987016893 185 188.90406908304408 26234.435602048576 275.24812011743535 25905.21881154978
116 1276.6290163439828 46.90928806231195 128.56079253773962 175 175.47008060005157 25497.887557173624 0.047683720930535856 25450.930585390386
29 309.42612084304807 49.718501496278655 143.45582259555283 189 193.1743240918314 26620.630876543553 387.8682707191673 26183.044104328103
12 102.48079564969971 53.57771658932533 145.86197701348144 193 199.43969360280678 26914.91910244503 534.4771320398693 26326.864253815842
84 976.1093735509968 52.72102646416357 137.24106237393673 181 189.9620888381003 26052.614861443086 0.0 25999.89383497893
156 1652.0953298500826 47.846509314643214 131.50371609584457 173 179.35022541048778 25421.633373912213 0.0 25373.786864597572
72 838.0358630271837 48.28003547942066 134.69985575355787 183 182.9798912329785 26245.22988160787 16.079848188603137 26180.86999793984
39 401.12410911842426 55.65095178426132 138.96488505698724 191 194.6158368412486 26933.461632842107 291.77659615037385 26586.034084907467
128 1365.0347207052905 48.91448308730477 134.72289813926557 179 183.6373812265703 26072.98972087669 0.0 26024.07523778938
153 1584.9900951225677 45.12314193048339 132.89883643693605 177 178.02197836741948 25900.470844459593 0.0 25855.34770252911
81 960.1743709477455 51.90585988579145 139.98655273467904 185 191.8924126204705 26535.27165061438 7.595484775764135 26475.770305952818
61 670.1584894346564 54.84918059105825 140.7314213461144 189 195.58060193717262 26852.44087152116 95.829507498667 26701.762183431423
56 569.8392694187878 46.055753810246145 143.79682299844825 191 189.85257680869438 27038.752341453983 148.58258498810824 26844.11400265562
105 1166.2033486746086 51.638521062340615 135.04653181239044 183 186.68505287473104 26443.679850644585 0.06445072853762213 26391.976878853708
92 1041.687541742768 48.20830469155299 130.73972587180833 185 178.9480305633613 26588.947281157343 14.59333384634806 26526.145642619438
58 596.4936156393884 50.49418310820218 146.4096596765484 191 196.9038427847506 27046.709029221915 152.21821191414733 26843.996634199564
33 342.5080578313937 53.43352883592663 152.77796388810594 195 206.21149272403258 27372.87415915374 352.3982973652734 26967.042332952537
47 492.8985684057597 53.00774034674062 144.27329303792095 193 197.28103338466155 27256.24258287723 222.95530213916408 26980.27954039133
137 1430.5240178746014 53.345799449088624 139.6307421695222 181 192.97654161861084 26330.502568080734 0.0 26277.156768631652
50 524.8441092984797 53.247488773587946 150.60676064649903 193 203.85424942008697 27265.604431837797 178.32677876528976 27034.030164298918
23 267.9073738252786 50.08004975640713 151.42283663694582 197 201.50288639335295 27565.00116566296 401.56088717347563 27113.360228733076
89 1004.850121164837 55.50433293030751 145.1422343278867 187 200.64656725819424 26837.08246944403 0.8352891858145313 26780.742847327918
145 1492.3738658060013 52.21021610954057 140.14732397378222 181 192.35754008332282 26354.758775161146 0.631868843444181 26301.916690208163
24 270.29000588776273 54.55139697683979 149.10933695181149 197 203.66073392865127 27585.845484949277 442.0787474086683 27089.215340563765
131 1399.8609931136607 50.482096766073184 138.30363816024442 183 188.78573492631762 26559.203056804683 0.0 26508.72096003861
154 1594.4570959295809 47.42424725096415 135.50875136815935 181 182.9329986191235 26377.76747501813 0.4048566188375844 26329.938371148328
20 204.65950729286598 54.20434562139097 147.56811461855187 199 201.7724602399428 27793.298004537122 446.87317984221136 27292.22047907351
171 1848.4479604877997 49.471519055527885 131.80370542796302 179 181.27522448349092 26168.459390096014 0.564292393634787 26118.423578646853
62 678.1345848589098 51.47242145849981 146.89894827046237 193 198.37136972896218 27345.44633796814 85.46610388162537 27208.507812628017
119 1297.871342014753 50.57999885494547 138.16734216912602 185 188.7473410240715 26744.699125150557 0.38975806406779157 26693.729368231536
74 852.0109091642145 54.24049942800939 143.27823062463406 191 197.51873005264338 27232.47150848165 6.24685601640806 27171.98415303722
65 719.7305616140962 57.51935823934699 146.71461290607118 193 204.23397114541814 27366.132890229637 54.544498211391215 27254.06903377891
148 1527.7394408180135 52.28757157183915 136.74736996984743 183 189.03494154168658 26590.570530805497 0.07160163956632459 26538.211357594093
78 922.5849758003607 51.576668117892794 146.77176052954883 191 198.34842864744158 27237.198762651875 2.9278470319857206 27182.694247501993
46 491.44644400969884 56.79934775851885 144.12790051141846 197 200.9272482699373 27714.731055299315 226.19719612548562 27431.73451141531
63 680.7163733430282 55.16062496563591 142.34687479219494 195 197.50749975783083 27564.171785524566 82.36762212150938 27426.64353843743
175 1879.087437385896 50.626470878562856 135.99757415947153 181 186.62404503803438 26386.292988128167 0.6082712032500694 26335.05824604634
126 1353.089639625328 54.48243925033804 140.745146228579 187 195.22758547891704 26970.475403366498 0.0 26915.992964116165
164 1743.1067546110855 49.72920026773624 132.56235209450134 183 182.29155236223755 26598.921334872375 0.0 26549.192134604633
110 1212.993386381066 53.75848642226927 143.57983489092967 189 197.33832131319897 27144.65726840407 0.010651755382696138 27090.888130226424
83 975.9197222723382 51.70569714189994 139.4070943066912 193 191.1127914485911 27447.845119315643 0.3778630626479753 27395.761559111088
102 1126.8112862886744 54.89503643971885 149.2926694514868 191 204.18770589120564 27302.995163430907 0.3092778512930181 27247.790849139892
40 408.1709177815888 58.167407220047664 151.45465738125915 201 209.62206460130682 28065.526102278698 282.52311407656515 27724.83558098209
26 297.17045752016594 57.83770952437717 150.81876746897464 203 208.65647699335182 28211.346174215214 416.9411111682512 27736.56735352259
195 2075.1476704497513 53.18172690427523 138.72267644114714 183 191.90440334542234 26544.320901759886 0.2384687295666481 26490.90070612604
85 981.5378779427945 58.369949333594676 151.6687760024678 195 210.03872533606247 27653.29012541827 0.0 27594.920176084674
104 1146.08995566092 48.51261508920053 145.9796031572343 193 194.49221824643485 27514.50272065943 0.18779014322308285 27465.802315427005
177 1899.93744668123 52.080074588097574 140.573553511215 185 192.6536280993126 26780.319251063105 0.08867992285604487 26728.15049655214
41 414.23373662693217 60.68226939408687 149.7113297650726 203 210.39359915915952 28266.355634988922 283.971773007785 27921.70159258705
8 72.27130619434456 59.134633870891555 155.26299761014445 209 214.397631481036 28644.04426217738 576.3852851703949 28008.524343136094
149 1533.3401974715905 51.51692256620909 139.95048174718897 189 191.46740431339802 27189.310634443133 0.3680992228009927 27137.42561265411
95 1054.5527454879714 49.79251840827358 140.7619846851838 195 190.55450309345736 27669.967423750106 7.066353559714116 27613.108551782094
28 309.2757508879048 54.23031481325214 151.67645204919597 205 205.90676686244814 28422.362963648673 392.93116132385467 27975.201487511556
45 489.65340440098555 54.78343994238654 154.31408395159656 203 209.09752389398307 28307.75605391189 230.40515548587973 28022.567458483616
170 1838.5291614445412 49.50953795509706 138.02601294276312 187 187.53555089786016 26972.6364333935 0.012249636005890352 26923.114645802383
75 891.297867066795 58.9834137648186 144.54722673291775 199 203.53064049773636 28004.074641255316 10.795286752461834 27934.295940738037
98 1062.7194025717165 55.22698886385879 142.06611871805092 197 197.29310758190974 27866.355824548027 2.947268057512474 27808.181567626656
68 790.9647889016894 51.90448272273495 155.15370538320715 201 207.05818810594212 28162.37614731163 46.241542154330205 28064.23012243458
35 366.41786994631093 56.5550727665251 155.48531218870468 207 212.0403849552298 28597.38496520778 351.1132218861664 28189.71667055509
136 1429.8835630568537 51.093284751033515 146.04003948952945 193 197.13332424056296 27555.354483022456 0.0 27504.26119827142
169 1836.2059131167068 53.6757237947273 140.5319654608159 189 194.2076892555432 27151.006232179505 0.6633123373183025 27096.667196047452
51 536.9169137195494 49.21462369240594 154.59292563354907 205 203.80754932595505 28481.13700267472 177.35492923282027 28254.56744974949
166 1776.8685416131634 59.010022860643836 140.63057230804927 191 199.6405951686931 27341.58920887614 0.41726530882328916 27282.161920706665
101 1115.261125997513 57.29587552514852 151.39439919080192 199 208.69027471595047 28034.82604204615 0.0 27977.530166521003
115 1267.200972958156 57.164768379953685 147.86390096440775 197 205.02866934436145 27884.473734890442 0.23770244243314664 27827.071264068058
70 818.6232245921174 57.498075831833575 154.2387459164552 203 211.73682174828875 28334.341631046565 29.303813854364307 28247.539741360368
172 1856.9894945401036 50.24964479453985 141.3547863434405 191 191.60443113798038 27314.51537474306 0.2615834175778673 27264.004146530937
118 1295.6373291069542 56.27705403646918 144.14341256657264 197 200.4204666030418 27879.637970654738 0.6231734729656182 27822.737743145306
200 2112.02088133124 57.82833517336848 145.24353927916007 189 203.0718744525285 27064.41386951122 0.07305096320715165 27006.512483374638
52 545.2184112539878 56.28782774093807 152.4068484491157 207 208.69467619005374 28653.201145540363 164.78532145268798 28432.127996346728
0 21.705091290714556 60.77643807908575 162.37008107450433 219 223.14651915359002 29200.97628946525 634.060013859606 28506.139837526545
44 478.42113529743506 59.44904592556545 156.6716954154449 209 216.12074134101033 28812.462213422645 229.88150135256296 28523.13166614452
192 2040.2142225010075 49.17494613495599 136.71910579323077 191 185.89405192818677 27259.187779666016 0.0 27210.01283353105
134 1415.0900145318503 51.866055668352125 144.47607324559047 197 196.3421289139426 27894.328841999573 0.22401650533879547 27842.23876982587
49 514.090593714378 57.39306418834178 155.4859652781348 209 212.87902946647662 28815.740567246423 191.42007932545152 28566.92742373262
71 831.0306150100876 52.62201270512729 149.9981975419062 205 202.62021024703347 28500.270034029763 19.074705157579388 28428.573316167043
22 257.3702339604565 56.19625815559571 159.86683497664174 213 216.06309313223738 29084.615687587502 399.17422834319393 28629.24520108872
88 999.7855849272834 52.31378837498846 147.7258359847466 203 200.03962435973506 28352.76002715026 0.43761161930626713 28300.008627155963
123 1313.8657258554406 57.69531697841012 148.59064642041702 199 206.28596339882716 28045.965029754127 0.9555653730585618 27987.31414740265
16 139.31926154661744 57.14248162242609 162.03546423918343 215 219.17794586160952 29235.4067039811 552.5141560615889 28625.75006629709
208 2200.6561887045805 49.71650064445585 143.87342579834004 191 193.58992644279581 27181.1114567338 0.0 27131.394956089356
209 2207.475707043583 53.67676914351061 142.0128894922701 191 195.6896586357807 27181.481983637164 0.0 27127.80521449365
150 1534.5749431170225 50.00259196125792 146.3059630781019 197 196.30855503935982 27864.259664075027 0.5906199264161387 27813.666452187354
96 1056.385757834404 54.9323696866085 149.62443396719746 203 204.55680365380596 28348.357568612446 6.1992524157096796 28287.22594651013
111 1216.2303203374652 54.298941302883264 150.3592164438372 201 204.65815774672046 28207.044167274224 0.19082902474701768 28152.554396946594
18 177.92593882974705 59.360700418981104 161.9925181957036 215 221.3532186146847 29258.69583587267 486.4761494602226 28712.85898599346
48 505.3701514168798 57.0352342105803 161.4458503904988 211 218.48108460107915 28959.330286773595 201.58102765041428 28700.7140249126
103 1130.3449123478954 55.74054674477981 152.1525420545737 203 207.8930887993535 28341.30329390613 0.24680540668327922 28285.315941754678
90 1010.1354549070302 61.96931298129558 153.79503764878146 205 215.76435063007705 28498.179908536833 0.32704317370985336 28435.88355238183
160 1701.159292176374 57.618941305372516 145.9698178137165 197 203.588759119089 27810.21589884147 0.0 27752.596957536094
165 1750.4406432788217 56.78563653384732 146.85771476767002 197 203.64335130151733 27791.322751108502 0.0 27734.537114574647
109 1208.2966371867612 55.34748641527173 147.6597236657957 203 203.00721008106746 28338.701456170624 0.7374875648990837 28282.616482190442
32 328.96188209438066 59.78599234361194 161.35077468132553 215 221.13676702493746 29244.274123017956 371.2294572946652 28813.258673379678
173 1861.7403690095202 51.789287692983315 149.24084784687258 197 201.0301355398559 27745.196754119323 0.2732053646809618 27693.134261061652
124 1343.4178375954314 56.94883807725152 151.682560418464 203 208.63139849571553 28302.495251039156 0.6318979138602572 28244.914515048065
125 1344.412580404857 55.81669263344783 149.79292740419447 203 205.6096200376423 28304.444808605705 0.7140802333394731 28247.91403573892
82 967.7764981278063 56.10221338717217 154.10209897245696 209 210.2043123596291 28743.562778579002 4.110250867952345 28683.350314323874
37 390.12530112845656 61.835011389767224 164.5695072499122 217 226.4045186396794 29325.499904605946 312.5286643230919 28951.13622889309
139 1456.10586418818 53.852594578851615 157.54175722343578 203 211.39435180228745 28269.698124373695 0.0 28215.845529794842
203 2118.8567049437397 54.93864668023372 147.71711117837293 197 202.6557578586067 27614.219423003946 0.153737539174017 27559.127038784536
186 1993.0768303329794 54.3848806363384 153.45116149375366 199 207.8360421300921 27795.644858775395 0.0 27741.259978139067
17 165.37516568499976 59.51297133501873 163.31634086359387 221 222.82931219861257 29637.576323240643 506.16116128713827 29071.902190618504
80 940.3760121015464 49.418341440379365 158.19623511606062 211 207.61457655644 28868.770453228328 12.02433194887169 28807.32777983907
87 990.6105052253986 59.276232027752584 164.15265273635873 211 223.42888476411133 28850.364930469725 0.7298675758590889 28790.358830866124
141 1469.0204729803759 58.935350212053166 149.11380678308856 205 208.04915699514174 28377.525515210764 0.0 28318.590164998717
27 304.4789804526011 62.121320139562265 160.42771771124626 221 222.5490378508085 29569.083269614188 404.9861428265106 29101.975806648104
163 1734.535379794971 55.39222063856587 148.07136633944407 203 203.46358697800991 28152.15503120073 0.7843647335600963 28095.97844582861
77 911.0689122352533 57.92169785773695 159.4792001530272 213 217.40089801076414 28988.174474606647 13.885053980685825 28916.367722768224
152 1567.5016597315896 59.546857305431104 155.10270247406197 205 214.64955977949313 28342.638731413983 0.5138456906042848 28282.578028417935
193 2050.9769177055714 56.3498974239706 154.0651310851583 201 210.4150285091289 27880.8356668017 0.0 27824.485769377723
138 1444.217143098643 60.003543653065236 159.12260921600367 207 219.1261528690689 28495.5197764486 0.0 28435.51623279554
197 2093.310335119926 53.718150879498225 152.36250886550707 201 206.08065974500533 27847.91996196944 0.3816223621838617 27793.82018872777
174 1876.1991152373193 57.51964653297628 146.31897275186682 203 203.8386192848431 28074.43317825549 0.0 28016.91353172251
204 2133.5533320732766 52.30749041941465 151.4690063913494 201 203.7764968107641 27818.090213493764 0.06430348147841869 27765.71841959286
121 1312.696543207367 58.74974300928847 154.1019821071934 209 212.85172511648187 28645.999842089845 0.17710045511307726 28587.072998625426
162 1724.3551425650764 57.39536211876229 154.52342290834656 205 211.9187850271088 28255.502079228765 0.0 28198.106717110008
147 1526.8748231444272 53.078508785255664 154.77847745672582 207 207.85698624198153 28454.64351162358 0.17475395645465142 28401.390248881853
182 1964.7939037368099 56.198167725902685 150.3676775319385 203 206.5658452578412 28019.004938005633 0.0 27962.806770279727
188 2002.120605158888 58.733803464097676 154.3262074121471 203 213.0600108762448 28001.300919185785 0.0 27942.567115721686
60 655.4744259018527 57.223680683699634 162.71277848374692 219 219.93645916744657 29361.425562566787 96.0029887467681 29208.198893136305
34 347.83075383895556 58.3618834698421 167.6408524275239 223 226.0027358973659 29672.458287196092 356.21075304738537 29257.88565067888
159 1691.6659484086351 60.0829910159387 155.36608109920385 207 215.44907211514254 28363.99160851373 0.0 28303.90861749778
106 1177.8682277250973 57.48351922294922 159.19478896631585 213 216.67830818926507 28880.208416540103 0.0 28822.724897317155
93 1042.9102979444835 61.29679887949918 157.9932237502879 215 219.2900226297871 29019.537079590726 13.583061582454775 28944.657219128778
107 1199.7740704725752 59.30191349194865 161.0534823571848 213 220.35539584913346 28871.33385593076 0.0 28812.03194243881
129 1365.2502825786537 62.3734477123908 158.30183254129417 211 220.67528025368495 28714.27944826187 1.0708397811267787 28650.835160768365
97 1058.9338407912724 58.40466261188466 161.02980202689022 215 219.4344646387749 29023.05221037604 5.339442651396212 28959.308105112766
194 2061.3373575941328 57.64426571476247 151.5010070343868 205 209.14527274914929 28047.020390332556 0.0 27989.3761246178
198 2094.061929951298 57.50928836018041 148.32445271996522 205 205.83374108014564 28018.053966173786 0.20490787682547307 27960.339769936785
146 1499.298655228323 55.36612270142905 157.48292089952463 211 212.84904360095368 28634.54192115878 0.0 28579.17579845736
151 1560.2742169038559 60.780794106840936 154.30602989554973 211 215.08682400239064 28595.536424127138 0.0 28534.7556300203
120 1307.5431820525503 54.69842296047492 154.81796748932442 215 209.51639044979933 28882.86598881287 0.6998982931595492 28827.46766755924
122 1313.845357337136 60.68819694585514 160.04455684615033 215 220.7327537920055 28878.845000252128 0.0 28818.156803306276
130 1375.793090455647 61.994769669754774 157.0079833226087 215 219.00275299236353 28841.100427345926 0.0 28779.105657676173
113 1236.0612032080983 62.12516579695718 161.1468941448531 217 223.27205994181026 28988.105199967988 10.010701515537676 28915.969332655503
94 1044.901242762411 56.343945276996415 164.6099629200613 221 220.95390819705779 29219.6190532094 13.151279039922656 29150.123828892494
127 1354.6926983914354 63.44113597153082 161.50647998554615 217 224.94761595707695 28912.9454653426 0.08086140431714739 28849.423467966757
42 448.57568165670125 66.65559164615655 167.35085317297134 229 234.00644481912792 29822.6235313711 270.33103916204425 29485.636900562917
3 32.168053589173546 68.47969533173043 178.4491285878318 237 246.92882391956226 30246.562703200132 609.6615971877103 29568.42141068069
133 1409.278710334922 59.31534716341249 162.43920039429764 217 221.7545475577101 28880.17126547939 0.16705474781838348 28820.688863568164
114 1256.9931587747753 61.45572388409845 161.20147358593965 219 222.65719747003806 29035.158015193523 0.37880961266751 28973.323481696763
143 1475.5272313831779 57.89021742164311 162.31402452234394 217 220.20424194398709 28834.987992740695 0.0 28777.097775319053
190 2017.0496182372058 56.20884024558209 160.57889594099527 213 216.78773618657735 28316.041199199524 0.0 28259.83235895393
100 1107.2271759173343 69.85471436485247 158.71780379185748 223 228.57251815670995 29234.07446093453 0.302936484194106 29163.916810085477
86 986.2394698014284 62.12281193357848 166.55101481265217 225 228.67382674623065 29364.192488518947 0.0 29302.069676585368
178 1902.0055335284362 60.785459303866425 157.87357469562048 215 218.6590339994869 28457.009528233993 0.7047906933132708 28395.519278236825
157 1686.8482097714773 62.05671364902308 167.6926831522468 217 229.74939680126988 28672.90529890719 0.15465432567020798 28610.693930932484
79 934.8545955252134 62.42435750024497 170.88604965241754 227 233.31040715266252 29445.158731424686 22.893000772263008 29359.841373152183
36 370.5616543194599 71.27702929068123 173.77524402883475 235 245.05227331951593 30014.15799162111 344.2498741123971 29598.63108821803
161 1720.7316561470814 56.88453237749016 159.73804833700333 219 216.6225807144935 28683.347643498215 0.2630110205661822 28626.200100100166
187 1997.7543826432423 58.88440630524154 158.32147436296273 217 217.20588066820426 28413.618175459607 0.0 28354.733769154376
132 1405.4589942450002 64.11682889587703 167.14551482376436 223 231.26234371964148 29013.06210071932 0.0 28948.945271823442
183 1972.9916513545063 60.70445560783545 167.25832282718088 219 227.9627784350163 28466.289000613808 0.5566127522902207 28405.027932253673
168 1810.9749235792513 54.617090359796144 162.7860931874869 221 217.40318354728305 28641.0881536683 0.0 28586.471063308523
189 2009.6283475533119 59.51571181556208 162.92863222965093 221 222.44434404521297 28468.562450410256 0.0 28409.046738594694
140 1464.354531965507 62.31351643371434 169.2178418662039 227 231.53135829991822 29025.603261516295 0.0 28963.289745082573
167 1777.541386731594 56.98411832030737 167.46718680864498 225 224.45130512895233 28729.358773951688 1.3731406391063956 28671.00151499226
205 2136.358390727191 64.52290136433368 163.48866449636083 223 228.01156586069453 28380.011899608497 0.6701286730381071 28314.81886957111
184 1981.2636320323024 58.86640933718487 166.28280260678417 225 225.14921194396902 28544.951591978956 0.08760286354709024 28485.99757977821
112 1226.517119948128 64.79989740781883 173.35317985308035 233 238.15307726089918 29302.350633803693 0.0 29237.55073639588
180 1936.0332414103807 64.2620631484274 170.066962991905 227 234.32902614033236 28608.084523168553 0.0 28543.822460020132
108 1200.2157760035207 66.76558201234236 176.36152567408374 235 243.12710768642606 29346.818731546038 1.1365742502716785 29278.916575283416
30 311.9187158165286 61.87046922802468 185.84605396721346 247 247.71652319523815 30236.569412203804 380.4772070669688 29794.221735908814
191 2033.9242517917576 64.2538551762846 175.63077528069283 227 239.8846304569774 28515.99786345304 0.47023202030482025 28451.27377625644
196 2090.0773004115313 62.034317264293115 172.22632847797493 229 234.2606457422681 28475.518834679537 0.0 28413.484517415243
176 1884.3175343563555 64.66117600913427 169.1030344236615 231 233.76421043279584 28688.289759024934 0.40110876251287664 28623.22747425329
207 2190.472940421205 61.605794485774254 163.2136576162745 229 224.81945210204876 28384.837755620454 0.0 28323.23196113467
179 1907.1884602841633 62.29187790519491 174.7468144259111 233 237.038692331106 28678.96996181298 0.23285249033961009 28616.44523141745
181 1939.9969431493537 64.9593698223654 177.07993997187805 233 242.03930979424348 28647.95945947757 0.0 28583.000089655205
155 1648.435441006968 62.70541681784993 175.10262560120285 239 237.8080424190528 28949.50265935541 0.9823430533272131 28885.814899484227
135 1426.8645235245606 69.94096735571888 180.9255696760828 243 250.8665370318017 29173.47893436588 0.0 29103.53796701015
202 2116.670063889782 66.60867212892003 173.190412962205 237 239.79908509112505 28486.80069336645 0.0 28420.192021237537
199 2098.3732431443195 71.30244121730829 201.26128695524272 263 272.563728172551 28532.401606607826 0.0 28461.099165390515
