# Cpu scheduler: fcfs
# Quantum: None
pid arrival_time cpu_bursts_time io_bursts_time nbursts bursts_time tat ready_wait_time io_wait_time
2 13.06178559012088 65.68098808164507 61.269243511211805 9 126.95023159285688 345.3370826596537 139.53532171779364 140.12077286021497
3 13.66557304677248 78.91924337590112 82.57726344265255 11 161.49650681855366 469.09126694854933 129.07892806455828 261.09309550808985
4 15.180552658777259 98.27677868495273 90.52400031351473 13 188.80077899846748 617.1513390202282 133.77634647680182 385.0982138584736
5 15.49303904226989 113.468872252689 100.47454024375955 13 213.94341249644856 666.1628071174096 133.63824689581406 419.05568796890645
1 11.330656939239304 147.1906079783286 129.86935676789477 19 277.05996474622333 940.865329734884 130.35383096651591 663.3208907900395
50 510.4404391279657 40.611140688268286 111.38968493962089 147 152.00082562788918 10864.367974377463 21.138994786449473 10802.617838902745
27 262.3878295094891 42.441320956875565 121.13459532750826 161 163.57591628438382 11823.398938690052 57.54470936687858 11723.412908366292
72 709.076157360997 41.63050509038865 115.82569604371662 155 157.45620113410527 11494.847990834225 14.356178703236878 11438.8613070406
51 514.0838519108162 45.469640403743966 119.97168360763135 161 165.44132401137534 11904.100853583399 14.889606541030503 11843.74160663863
29 276.8235317834816 46.13026972941847 128.91366189895035 171 175.04393162836882 12560.925665857594 78.13117060995853 12436.664225518214
19 162.29242689271047 46.557287212096476 132.28140546017852 177 178.838692672275 12923.125866729726 117.47519037793083 12759.093389139704
60 601.9930816695659 49.56656660050142 124.69216511750697 169 174.2587317180084 12511.03134051043 0.0 12461.464773909927
103 943.2829512090866 44.84665947955669 116.78393844301267 165 161.63059792256936 12266.23386370057 10.241310383513223 12211.145893837502
59 587.2362083262705 44.84791343057182 125.18923066113327 171 170.0371440917051 12649.117492122712 9.470161280968455 12594.799417411174
86 825.2990291923163 41.96553573825287 123.47914735627663 169 165.4446830945295 12534.701465478222 11.694872573185194 12481.041057166785
28 266.1444521371224 50.691245244849654 133.3750876894533 181 184.06633293430292 13252.740831963309 51.55187463222512 13150.497712086235
83 808.3847094621805 44.9774409516319 130.1381567721972 173 175.11559772382907 12802.042104115117 0.0 12757.064663163485
40 401.1218661108807 52.678311206018606 133.3584230555607 181 186.03673426157934 13279.935627017128 22.00265920789616 13205.254656603214
73 729.9203704676177 47.57361641920394 136.49732390766297 177 184.0709403268669 13050.709444629827 0.0 13003.135828210623
96 889.8221880437147 48.31701246293429 133.70886524120672 175 182.025877704141 12931.880660835248 0.0 12883.563648372312
6 25.833639350053495 56.96437121747647 149.82050044530584 193 206.78487166278228 13931.35905316633 227.0921411900608 13647.302540758794
67 677.6451592945323 54.422994217257326 136.72839824124046 181 191.15139245849775 13300.42802552368 10.20336032378168 13235.80167098264
18 132.0494266525996 50.430736773842185 145.46719709061495 191 195.89793386445712 13871.142917407644 180.35794398011484 13640.354236653691
13 78.70439060228466 55.97416405751547 147.1841345192576 193 203.1582985767731 13954.101638029048 160.01941128058155 13738.108062690948
23 245.43482100341495 47.51761006269031 142.4772148347394 191 189.99482489742968 13895.955600212053 67.05955917241837 13781.378430976942
65 649.8450386741932 55.1205840648405 136.1798913417988 185 191.30047540663932 13551.791772602553 0.0 13496.67118853771
102 931.7385781880699 49.38256903666649 138.5629669211275 181 187.945535957794 13308.405973037114 0.0 13259.023404000449
0 11.330656939239304 55.94305014770709 147.3036462928629 201 203.24669644056996 14239.704940329342 245.30350289600088 13938.458387285635
71 706.8739149932487 52.23357786699057 139.59535146434075 185 191.82892933133127 13547.153478926131 20.331932539436025 13474.58796851971
53 524.6838083027214 52.007777673654466 140.38193620512578 189 192.38971387878019 13790.750282667434 3.6397915358834325 13735.1027134579
74 744.4731749575695 55.16696744522769 135.9004122254913 187 191.067379670719 13658.131213350924 0.0 13602.964245905694
75 753.5697623061095 57.000043552342824 137.31142255358108 187 194.31146610592396 13657.981732745133 0.0 13600.981689192791
21 214.63996878726272 51.234763085869766 144.728964433154 197 195.9637275190238 14226.357911972142 90.9567590117733 14084.166389874501
44 433.4285412530195 49.9557820578348 144.1236981714407 193 194.07948022927553 14022.282182222589 9.028071921004994 13963.29832824375
87 832.143180445888 51.37269810252954 141.9349670316762 187 193.30766513420576 13650.653102104776 6.3281027997513775 13592.952301202498
26 260.223299966964 55.82257233782799 148.86476388376718 197 204.68733622159516 14235.444549318094 63.92113759543162 14115.700839384828
15 88.13143021001625 58.88284503329032 156.32113850386673 201 215.20398353715706 14424.947415018698 178.15201135214377 14187.912558633267
54 528.5075030622701 55.49810460223377 137.93756402623822 193 193.435668628472 14008.255671973135 0.6523350378033683 13952.105232333099
70 698.3219299796016 51.97549688984543 141.4065496847922 191 193.38204657463763 13879.75067216919 38.15411118933673 13789.621064090008
11 72.30051104132946 50.341952577389094 152.37288700692446 203 202.71483958431358 14516.84407964324 181.48456098938942 14285.017566076465
25 258.7605723748673 52.6590476250514 149.34187499154996 199 202.00092261660134 14338.87581650334 69.13943056067001 14217.077338317617
20 190.99385040048787 55.6465177093398 153.54701593189648 201 209.1935336412363 14428.638918822857 110.150058735149 14262.842342378364
42 405.2198141122357 55.47066377645928 144.2841939540838 197 199.75485773054305 14226.718083610216 15.60022864377413 14155.647191189979
52 522.3361363797175 54.218087898695245 143.35797761915038 195 197.57606551784562 14112.518190439621 5.232314114757514 14053.067788426168
77 765.372192035853 60.066706305040896 139.00543499354833 191 199.07214129858926 13871.75539776693 0.39731182866967174 13811.291379633221
33 302.87667021089777 55.48616423984111 145.28482158126405 199 200.7709858211051 14352.927326988387 53.5407149199699 14243.90044782857
58 554.2223769769939 52.740144393304774 145.75575825911736 195 198.49590265242216 14111.018859188829 7.387455873979775 14050.89125892155
8 49.20588960852961 60.005619238450144 153.59240281197788 205 213.59802205042803 14627.167563551557 243.63135996296137 14323.530584350141
92 858.794460430629 55.276644537271096 144.76825876617522 191 200.0449033034463 13850.927328309055 0.41319227075894105 13795.237491501024
30 291.08551988612874 53.04205447859338 153.0899114678615 201 206.13196594645487 14426.152363819816 60.358709179405366 14312.75160016182
66 660.9875306727531 55.24187319283945 142.90434146479947 195 198.14621465763895 14072.140585891399 0.0 14016.898712698554
78 781.6764897256924 51.125164969745406 147.758297738592 193 198.88346270833736 13963.432544220166 0.5258759550586092 13911.781503295368
81 802.4995551377606 54.545451770311956 139.18301992334563 193 193.72847169365758 13958.754368447851 0.0 13904.208916677542
45 441.8228629237478 52.01811153795459 153.080929176263 199 205.09904071421758 14327.813626445442 50.49629560743949 14225.299219300048
14 84.30053104078989 57.80747239070297 158.65805320825413 207 216.46552559895713 14702.340271618592 151.67748498323635 14492.855314244656
62 608.531599569088 56.11017403385621 146.01973525638786 197 202.1299092902441 14189.47420916496 0.0 14133.364035131102
64 624.5624652157521 57.00578708219827 146.021751735995 197 203.0275388181933 14174.982183817669 8.851375219584952 14109.12502151589
16 99.64649524281826 56.309299978715956 153.39320236097578 207 209.7025023396917 14702.778213581138 162.45209316806682 14484.016820434357
35 312.11534502918954 52.47809893760554 153.44720321698097 203 205.92530215458646 14516.71165939149 39.32486153605362 14424.908698917838
100 913.5103798295631 50.28838769895231 144.30278243744885 193 194.5911701364012 13916.056999075128 0.0 13865.76861137617
79 789.6874323049217 55.703452997000774 144.85167523306842 195 200.55512823006922 14042.573531763457 0.0 13986.870078766455
82 802.6199001421077 57.44522510772159 146.21508377808303 195 203.66030888580462 14037.384603569102 0.4617294546357016 13979.477649006747
10 61.540511949172256 58.12604558178661 155.5388276595763 209 213.66487324136293 14783.671780035163 212.59346062367695 14512.9522738297
48 448.03360477585136 58.08569254620416 147.39852842646584 201 205.48422097266996 14404.298920291862 16.051651466362898 14330.161576279288
104 993.961519568752 56.39978546865467 135.35423201806202 193 191.7540174867167 13867.593810970811 0.12127069764017051 13811.072754804518
61 602.7509666321736 52.193844984166745 146.32169608535122 199 198.51554106951795 14264.172225909564 0.5853133396147996 14211.393067585783
31 298.86558471650363 58.31122168250909 156.79093818343057 205 215.10215986593963 14591.731187522948 69.12718702815744 14464.29277881228
36 312.97150538413337 56.12730179814927 159.03584904919458 205 215.16315084734381 14585.605131280028 37.4503743778227 14492.027455104062
76 755.881422595982 57.50139722318476 151.37094820808647 201 208.87234543127124 14231.295887982511 0.0 14173.794490759326
57 538.8181463698154 60.35127264017595 152.4421379644648 205 212.79341060464077 14458.957134211945 27.53523221566138 14371.070629356107
38 370.554622172498 58.709658908664295 153.79935816845182 209 212.50901707711614 14663.47857925283 17.195252337487204 14587.57366800668
99 906.1223635097456 54.21640942091062 150.61368821512355 201 204.83009763603417 14151.794397174517 0.0 14097.577987753602
37 356.05181869015513 57.43702617469449 154.2698691669699 211 211.7068953416644 14726.275699413267 11.083262558846343 14657.755410679723
43 408.08233385307864 58.457643640926406 153.79048987102323 211 212.24813351194965 14692.893752475698 10.900684081170766 14623.535424753602
56 535.5551226401215 52.32545816111641 153.06506874357814 209 205.39052690469458 14569.550957736186 0.40141900983405776 14516.824080565231
97 890.7913214191195 59.55096030396783 152.099402147109 205 211.65036245107683 14259.530820611508 0.0 14199.979860307541
24 255.10757481044658 62.4280498228554 168.02480303935795 219 230.45285286221335 14967.342145432487 52.674475598833794 14852.239620010801
91 854.6256782647097 58.56003361811353 156.17265226180882 209 214.73268587992237 14375.056903389897 0.6137525156708534 14315.883117256117
93 867.8647993229986 63.13990433725848 160.17723297878808 209 223.31713731604657 14366.51966175761 0.0 14303.379757420356
17 115.80572133115676 62.0622925544974 166.37484653304907 223 228.4371390875465 15132.252418220614 156.0060964913157 14914.184029174801
101 922.5936766800153 57.25130274514643 157.15791873031003 209 214.40922147545643 14332.74018803089 0.0 14275.488885285738
9 51.34461154113618 64.73604466153274 168.82618031150645 225 233.56222497303918 15209.088576425622 236.69637226790906 14907.65615949618
63 619.0177071046011 64.50898737217446 163.99024594660008 215 228.49923331877451 14653.488722318818 0.0 14588.979734946644
7 27.443909465434036 62.28934263916549 168.92194878282962 227 231.2112914219951 15255.134029370933 218.6102490014066 14974.234437730362
32 302.5051203149455 62.06044758929831 164.78450329728196 221 226.84495088658025 14980.648842305507 57.226569485742004 14861.361825230464
85 814.3681378174671 59.725994121265465 159.06929387971195 213 218.79528800097745 14477.564003510231 26.3290379033549 14391.508971485611
12 77.20303305073382 60.91868372199576 167.56523510289938 227 228.48391882489514 15223.82783148245 166.05643620431005 14996.852711556137
89 842.7451902866285 60.991688855737735 160.88685945013393 213 221.87854830587167 14460.607078620722 0.4623275902496289 14399.153062174732
69 696.6998541291147 59.790851641277285 162.35604935609774 217 222.14690099737507 14625.302620180284 0.0 14565.51176853901
55 535.4767357822701 65.62722379630497 163.3932728745718 221 229.02049667087678 14804.679092196724 0.327390325056399 14738.724478075364
84 813.6160858516968 62.22977134245806 163.59292978576502 217 225.82270112822306 14533.470361415564 25.975992083237543 14445.264597989868
90 851.9019049283447 57.598552611257446 166.2644745515467 217 223.8630271628041 14502.935386161169 0.0 14445.336833549904
68 685.7613106417142 65.39483828710868 166.15493243317266 221 231.54977072028134 14683.028588434794 3.399699078330059 14614.234051069354
88 833.3209935143199 59.58488415751447 160.5157303569457 219 220.10061451446023 14541.474955695632 5.378332438025382 14476.511739100093
49 483.9333077258946 60.32136795053524 160.0921528168021 225 220.41352076733733 14891.923885732362 3.8713938952774356 14827.731123886553
39 394.60789135093944 59.23474870003634 171.0851677289383 227 230.31991642897464 14982.546303250707 30.941311752291085 14892.37024279838
80 791.1348190170704 63.20968641783815 164.07698990910845 221 227.28667632694658 14596.351635701954 0.26121316680189466 14532.880736117317
22 237.54461487093286 69.97750943115598 177.28014091747315 233 247.2576503486291 15164.059546720167 92.9171823910556 15001.164854897954
98 899.3656641903577 66.01859102176697 166.4627908530884 225 232.48138187485534 14520.30562411555 0.31230023742591584 14453.974732856355
34 311.57274287254035 65.46038289676085 175.4476642031913 235 240.9080470999521 15109.342705407329 42.61069622481176 15001.271626285754
47 447.46384993453734 65.0388321352113 179.27351171543793 237 244.3123438506492 14991.78855634364 20.128521926737278 14906.621202281689
94 875.7203704750034 69.6787922317411 177.38505713873423 237 247.0638493704753 14582.88262288757 0.17198684036691247 14513.031843815455
46 444.335688062774 70.90077037697104 181.43980847312693 247 252.34057885009798 15023.678319352552 35.24015271547023 14917.537396260108
41 402.43213799004843 66.08604038662179 190.33297913318594 251 256.41901951980776 15071.508312067768 19.17799848469849 14986.244273196453
95 882.082465098979 64.72825827740736 184.07381753315536 247 248.80207581056274 14597.60234546936 0.0 14532.874087191956
