# Cpu scheduler: fcfs
# Quantum: None
pid arrival_time cpu_bursts_time io_bursts_time nbursts bursts_time tat ready_wait_time io_wait_time
3 30.538604009718625 30.066034408830028 15.520376332645665 3 45.58641074147569 52.77830638620421 7.191895644728518 15.520376332645668
1 1.6742842298589986 56.95460941441135 51.41492543350075 7 108.36953484791209 183.16529125794494 58.0473522900728 68.16332955346081
5 45.15456725816542 39.1633754110916 27.877256626136926 5 67.04063203722853 156.33658449586792 59.891633806811946 57.28157527796438
7 69.49946121896996 72.80944329254514 66.46332844448963 9 139.27277173703476 272.22331458132106 63.00722266345018 136.40664862532566
6 62.091913290430355 134.08406061994089 132.2326833946581 19 266.31674401459895 605.2906753781482 62.3292483094544 408.8773664487529
59 604.3176427407761 45.18903570639417 119.01323522392181 161 164.202270930316 11843.96665136192 0.21486211230774188 11798.562753543216
33 344.842932225568 46.02297505042564 129.96462479537342 169 175.98759984579905 12152.4064888093 4.154427246073283 12102.229086512796
47 455.70290377320816 46.10773217052256 125.5164893999089 167 171.62422157043144 12169.159536720337 0.5120759370582277 12122.539728612755
15 166.68616045059215 47.858446708442806 130.99490850376733 177 178.85335521221015 12467.62907099795 67.31451436799867 12352.456109921504
32 342.1267848303153 45.1040388515727 128.45726013034226 173 173.561298981915 12429.58415432528 5.603973039944378 12378.87614243376
10 103.38207644905985 53.25723261517542 141.21293703662312 185 194.47016965179853 12959.103836412783 96.21734248268471 12809.629261314923
62 632.7900280131902 48.17400250000836 129.6010678416051 171 177.77507034161346 12581.979277938937 0.0 12533.805275438926
92 882.7615994517014 45.250930870948125 123.52619568454924 167 168.77712655549735 12397.883564890215 0.0 12352.63263401927
79 777.1674874307381 50.01498197208442 124.3552891505934 171 174.37027112267782 12647.557100443937 0.1413755721571306 12597.400742899696
37 389.6773559559947 47.66197563154137 135.20801386580897 181 182.86998949735028 13080.461008748009 0.5021387911853026 13032.296894325289
56 589.6612077855541 49.760854723510135 132.25317075700104 177 182.01402548051112 12957.074020015705 2.9153564867750674 12904.397808805425
36 377.0688845880721 52.668657523245066 132.73614286638863 183 185.4048003896337 13171.626023064711 16.928707899131496 13102.028657642335
29 321.54819286981893 53.576876604534725 136.74101809372925 187 190.31789469826398 13361.054802709492 16.949031884390934 13290.52889422057
25 275.9289839526399 53.38510510083633 142.65921230675946 189 196.04431740759577 13450.531290702764 18.481361527142553 13378.664824074785
30 337.828027085053 48.395123869470645 139.4341052481598 187 187.82922911763046 13394.066671477793 7.945204374977152 13337.72634323335
40 405.1276766356111 51.54668856366709 138.35610353642662 185 189.90279210009373 13354.102150097118 0.0 13302.555461533453
66 657.9684019067463 51.09951406503729 136.7061431662724 179 187.80565723130974 13124.817223093602 9.414186761832298 13064.30352226673
81 782.2221340916927 47.33213245227534 129.36087488846678 177 176.69300734074213 13048.085113293459 0.08650671267707821 13000.666474128504
2 6.733207469562716 55.15177014581022 149.23711384428796 201 204.38888399009812 13838.718424609768 144.18747340005592 13639.379181063901
18 185.53211940718043 54.11243048096719 146.92271244390017 195 201.03514292486733 13710.296205122146 33.865718677523915 13622.318055963655
19 189.60375628919604 53.929343408165394 140.59119499803418 195 194.52053840619956 13722.571185770246 111.04041901231005 13557.601423349772
12 134.83236676120902 48.909841828216045 148.63247780938124 197 197.5423196375973 13811.600663337635 84.7551262126494 13677.935695296768
45 448.46444451607914 56.38496212968246 139.8937592113063 187 196.2787213409888 13519.43428880722 0.9293965311375132 13462.119930146398
88 838.6736314629666 52.36753885215513 133.89397470052342 179 186.26151355267854 13177.478716688669 0.0 13125.111177836521
26 305.5610459680092 52.72236592729912 140.26036560911916 193 192.9827315364183 13727.652358410625 68.8396914758697 13606.090301007453
43 429.7199721889223 50.680742833866965 136.9076543285631 189 187.58839716243006 13615.390581179829 29.46480574156692 13535.245032604396
41 411.8793140371944 56.88688384625749 149.18344084090702 191 206.0703246871645 13729.319932873994 0.5880978063024145 13671.844951221428
72 697.8318326412231 47.45820552603773 142.36322211268737 185 189.82142763872508 13499.626440113305 0.15122572283803493 13452.017008864434
86 827.8804713010773 50.57775273173215 138.7914997325093 183 189.3692524642414 13402.308694982534 0.1849694431897433 13351.54597280761
82 783.1683881246446 51.003919660019555 135.30290792038133 185 186.30682758040086 13512.943307538671 0.11003744245726921 13461.829350436194
13 157.69072838949006 56.12607412944378 146.67278362765026 203 202.79885775709397 14161.993967559163 65.20542923132757 14040.66246419839
87 833.6969633571803 53.661446083567945 141.0066674348371 185 194.66811351840505 13513.653351495524 0.44666904685470854 13459.545236365098
70 679.4233396748052 48.02090291187254 143.069872333261 189 191.09077524513353 13707.684604357231 0.5829654316036113 13659.080736013759
51 520.6075917379137 52.45313950702545 144.81563361353471 193 197.26877312056013 13879.877902433891 2.8491731854437603 13824.575589741422
20 210.03655673381493 53.11379338865572 152.6428522916106 203 205.75664568026633 14195.712919157466 49.68215107323229 14092.916974695576
46 455.40795024943355 56.35617226944837 147.2774202169741 195 203.63359248642246 13971.988397050476 0.2067459253678976 13915.425478855666
55 581.1621074385372 54.41366974223709 142.91813128838498 193 197.3318010306221 13897.699949097738 13.888457497293302 13829.397821858209
9 80.34606165222708 57.61527839172242 158.16064257370542 209 215.77592096542784 14414.422679048412 122.99021583290933 14233.81718482378
50 519.0155102381253 55.38005835224369 146.33106962947238 195 201.7111279817161 13976.57791647163 3.269591944727267 13917.928266174657
0 1.6742842298589986 62.0338534275982 159.10914137272832 215 221.14299480032656 14509.790282170165 154.3282348774705 14293.428193865093
39 396.28869142929426 52.69241196902451 146.11878186386113 199 198.81119383288564 14135.645764772904 0.02207017637329045 14082.931282627498
74 728.2688616952481 50.376343247064355 147.1138281530486 191 197.49017140011293 13815.214973259534 0.4450040614393629 13764.393625951032
21 232.62489819059746 60.24011505348004 149.90407350423058 205 210.14418855771066 14321.57671649611 7.605979806723809 14253.730621635907
69 678.7767599280021 50.99021929997756 144.06138013026748 193 195.05159943024506 13902.758395162786 0.17110073991318586 13851.597075122892
8 74.48704201619618 64.81520921738901 157.22638866312678 211 222.04159788051578 14510.147556900285 135.6641696090857 14309.668178073807
78 776.0302737247926 57.83773975083731 140.35029500854864 191 198.18803475938594 13808.92524462795 0.3951642605785537 13750.69234061654
61 609.2463544897674 56.827393685234796 144.09837960557127 195 200.9257732908061 14000.759358505235 0.0 13943.93196482
27 313.526784766394 56.90506363722414 154.14808068741104 205 211.05314432463524 14345.704346130384 33.74101444546062 14255.058268047698
68 676.8978745833241 56.66141687308318 140.09556594316058 195 196.75698281624372 13984.584600193177 0.0 13927.923183320088
80 781.5559609476578 53.87225340234561 146.5222828796107 193 200.39453628195633 13887.642577934193 0.12044153284796266 13833.649882999
22 247.09291837478006 53.98561038056044 151.52993115704962 209 205.51554153761003 14477.028174926432 76.56427515917423 14346.478289386696
44 438.80264252216415 52.16082064280735 149.62313965658478 203 201.7839602993922 14297.966935910368 9.205840754383644 14236.60027451318
58 603.3276027576821 55.624062435068694 148.87112956381247 199 204.49519199888118 14146.160321673899 0.0 14090.536259238828
102 930.6991539704834 53.337798088228524 144.35851016873028 193 197.69630825695882 13836.808174385013 0.03329057203529828 13783.437085724747
48 467.51237284663154 60.60111736237978 148.9507221339772 203 209.551839496357 14306.191604222293 0.0 14245.590486859912
64 640.5580208883156 57.86876857755608 149.63450677950138 199 207.50327535705745 14148.57012497308 0.004627104032465468 14090.696729291492
24 261.7982199347741 60.7655560433589 157.46448632782526 211 218.23004237118414 14547.252484104225 41.77395327687606 14444.712974783988
57 600.6410485159695 60.661138372879925 145.0899919504057 201 205.7511303232856 14217.74730760769 0.0 14157.086169234808
53 543.9906490249556 59.49007629405085 154.2420395794484 203 213.73211587349923 14297.952116802246 0.7388442686038843 14237.723196239589
34 357.2048861644186 61.52540296574121 156.6865736739553 209 218.2119766396965 14502.168187080928 0.0 14440.642784115184
100 912.5316399941852 60.04579625400905 151.95998967902895 197 212.005785933038 13981.352478351639 0.0 13921.306682097627
38 390.0389516902585 56.01383474766187 151.00112550229377 209 207.0149602499556 14510.03740833214 0.35340685273121153 14453.67016673175
35 360.5370538332981 56.37919411333004 160.08942607911246 213 216.46862019244247 14617.94507514324 0.0 14561.565881029908
28 315.68523688179073 56.79697217100628 161.2256321233362 215 218.02260429434247 14678.920001864226 27.842651180614325 14594.2803785126
73 701.4100218343962 57.282293308725464 155.7489243052007 205 213.03121761392615 14309.98153954717 0.1377009814844996 14252.561545256964
97 906.6054152709457 57.404750764776466 154.83675166039802 203 212.24150242517447 14150.338140243004 0.0 14092.933389478223
14 159.90249617349878 58.42563823120713 162.53896287635408 223 220.96460110756124 14905.344192280243 60.42498676720041 14786.493567281837
49 471.5600249234853 56.1403664938448 156.01130906058845 213 212.15167555443327 14608.935543663261 0.5964325673254507 14552.19874460209
23 247.2068586130607 64.64998688726044 166.73119949821466 221 231.38118638547516 14849.928127517504 67.18911571527073 14718.089024914972
17 171.35540766931172 59.804852811914245 165.7359464738198 225 225.54079928573407 14960.4687932091 50.73126596847169 14849.932674428708
42 428.34009442066724 58.15932971262714 163.69615390310315 217 221.8554836157303 14715.618058243714 35.95200601922704 14621.506722511853
4 33.52135024839319 66.88605760899432 170.97923012447532 231 237.86528773346967 15114.523132889824 170.23373865285433 14877.403336627971
71 685.1592512473887 56.55184600610096 153.00234285127996 211 209.55418885738095 14465.85670848971 0.11015536292461547 14409.19470712069
16 169.38691211924424 62.36320751185017 165.06970958031866 227 227.4329170921688 15005.666148245735 54.76322686417137 14888.539713869712
54 577.5502283320109 63.5580771130873 164.60806114343802 215 228.1661382565253 14608.426381358748 17.80652380111235 14527.061780444548
52 522.5988066054432 57.80249703378844 166.88590436141183 217 224.6884013952003 14674.937039740018 1.4752592442393961 14615.659283461986
11 104.82185030079809 63.14540162112501 169.51609980914884 231 232.66150143027386 15103.776831957253 89.97119487793064 14950.660235458197
85 825.8058213759085 59.977622560159574 157.88415220176302 211 217.86177476192262 14385.741208639658 0.0 14325.763586079494
95 897.1043960557772 58.13020041406906 161.73651633292457 211 219.86671674699366 14334.536276103889 0.0 14276.406075689816
83 813.4290923092506 55.24044365786038 160.27838317462533 213 215.51882683248573 14427.436936997572 0.0 14372.19649333971
104 947.4095301304633 56.53160987060335 160.14546881695708 211 216.6770786875604 14299.413918923528 0.0 14242.882309052919
75 732.7201314096923 58.443096231694646 160.6381480056696 215 219.08124423736427 14515.570531342415 0.0 14457.127435110735
96 902.0530282488369 65.00821500816201 155.4285707590778 213 220.43678576723983 14362.759644049022 0.0 14297.751429040856
98 910.1392425073144 53.712021267711265 160.96965378634582 213 214.6816750540571 14356.55954535044 0.7734588484913729 14302.074065234237
67 658.4542071757804 59.93766601427207 165.47287179708158 219 225.41053781135366 14624.18398634675 9.864837226704822 14554.381483105772
77 756.7549987608583 62.89434628693344 165.07513660963917 217 227.96948289657263 14528.010931482473 0.0 14465.116585195537
91 864.3819390895593 56.50656570903669 160.54447276105216 215 217.05103847008883 14422.028637141451 0.0 14365.522071432413
101 913.3061008007957 50.814248550987514 165.36716552689424 215 216.18141407788178 14380.416164162643 0.49590580800634143 14329.106009803649
94 892.634194774881 57.229189551415075 153.85272079918033 217 211.08191035059542 14416.528575326964 0.0 14359.299385775545
76 735.0652166526644 60.70725619432348 168.96029317119869 223 229.66754936552223 14601.737063252776 0.03524479078521381 14540.994562267668
93 890.2335951367578 62.290842081827236 161.88372304928865 223 224.17456513111588 14468.461863074644 0.0 14406.171020992817
60 606.9513697614971 62.98878744141528 169.94584409982534 229 232.9346315412406 14753.738432536831 0.8643244633085487 14689.885320632104
90 852.5845382728112 64.15510900938861 169.28423894375194 225 233.43934795314055 14519.06083961131 0.0 14454.905730601922
31 340.25046337791764 62.82628280700344 177.47270229564035 241 240.29898510264377 15044.128703026196 6.731013016028271 14974.571407203166
103 932.6681142661669 65.73692239311956 176.26999976186985 237 242.0069221549894 14497.486420741567 0.0 14431.749498348445
63 639.45911555092 70.61939511931699 178.65899416285674 243 249.27838928217375 14793.607944381036 0.23655155249014115 14722.751997709225
99 911.4263779973998 65.28385064747823 180.10581448877838 241 245.38966513625664 14533.780342865175 0.0 14468.496492217695
84 823.4694156356702 68.45888701264482 185.6195462156081 245 254.07843322825295 14627.650571985658 0.6298387046280141 14558.56184626838
89 844.9404236799971 65.35999616538835 184.71584767559023 247 250.07584384097856 14611.09430294955 0.04847336658212953 14545.685833417583
65 656.5688253412909 68.8637556386748 187.74345274004355 255 256.60720837871827 14805.086204893054 0.0 14736.222449254377
