# Cpu scheduler: fcfs
# Quantum: None
pid arrival_time cpu_bursts_time io_bursts_time nbursts bursts_time tat ready_wait_time io_wait_time
10 82.14651437601853 25.044952873852793 14.83184500695197 3 39.87679788080476 98.07123118740884 46.82677265715405 26.199505656401982
13 97.46952067093137 41.838373418250335 38.49987575015099 5 80.33824916840133 215.56624983049528 56.791046609763285 116.9368298024817
1 13.03819628341017 77.70747903685135 75.85212947882255 11 153.5596085156739 325.30455121779465 51.158192999029254 196.43887918191407
3 19.06657668640677 79.63486346855784 64.42363954896368 11 144.0585030175215 371.4248345370435 59.744438548527796 232.04553251995793
11 92.35661872337187 89.34088187946882 77.24436925381312 11 166.58525113328196 457.2456732333395 42.87489299505384 325.0298983588168
19 122.79368726999772 50.631299014667306 132.65028837163777 171 183.28158738630503 12414.83531791574 72.19094355971396 12292.01307534136
7 58.44248016690992 46.7556189976097 130.20202662784448 175 176.95764562545418 12527.869151205661 131.0552713543621 12350.05826085369
90 753.4191656751326 49.334132503070485 121.58419765093448 163 170.918330154005 12142.84753466391 0.0 12093.513402160841
24 137.38964017321962 51.59381118544321 135.48724622461498 177 187.08105741005818 12860.412052196436 61.86159277628718 12746.956648234707
65 564.4066372190089 49.21244929126848 129.07175833899115 173 178.28420763025963 12778.617903835531 0.8230168314235016 12728.582437712843
9 63.4926254402497 52.28311962615753 141.94202763172646 185 194.22514725788398 13281.392697412884 103.42039469493517 13125.689183091787
36 217.50095890774617 46.764230856120314 136.61287764658482 181 183.37710850270514 13171.335530642265 38.09095937402296 13086.48034041212
5 52.22011869803638 52.77672254846595 142.23059429386674 187 195.00731684233267 13378.59574632163 92.66910809720383 13233.149915675962
57 474.25379939945947 51.30620145209566 132.8509336457699 179 184.15713509786553 13154.763991206915 0.0046106391937996705 13103.453179115622
59 485.51918491022343 44.424034663820095 140.3054091768995 179 184.72944384071963 13169.14192242602 0.6679452736489679 13124.049942488555
18 121.39012806007774 52.36638524267178 142.80373077841259 187 195.1701160210844 13560.481670562534 73.2705498049305 13434.844735514933
14 98.2153015274954 50.93874227080536 141.1687955868558 189 192.10753785766116 13652.264775036954 107.30595241227547 13494.020080353877
16 113.04100094702677 54.88195279432907 139.88514392795892 189 194.767096722288 13652.954705790973 77.23269871060928 13520.84005428603
104 942.6403055192104 43.459254646788274 133.73425240666475 173 177.19350705345306 12866.589102497914 0.0 12823.129847851125
82 697.630241957056 52.036916460885195 134.8029085351636 177 186.83982499604878 13114.51188501563 0.4302468462908564 13062.04472170845
12 94.3589235350754 56.68600133541544 145.6246730042131 191 202.31067433962846 13752.465047548765 121.99762679612675 13573.781419417226
26 159.05229586784915 54.13865326914112 146.36903326021311 189 200.50768652935426 13691.413879484959 90.47534316101775 13546.7998830548
49 369.26872495691117 50.88015486506745 138.2023710413294 187 189.08252590639682 13622.916219303375 25.13901505059772 13546.897049387708
98 849.0884894273727 44.54375412688719 133.86281998371248 179 178.40657411059965 13248.299210834848 0.4430163309070849 13203.312440377053
87 734.5980769341435 47.936615991633104 133.87238355410668 181 181.80899954573977 13371.594446835456 0.5803250427636613 13323.077505801057
63 553.8039207767117 51.61192898367847 138.68380828465888 185 190.29573726833735 13569.881857881273 2.805964061394093 13515.463964836203
33 209.8758900351288 53.317729665127416 140.22945109478178 193 193.5471807599092 13945.112664546854 29.439847171157965 13862.355087710572
97 818.9138802348272 53.35359557807284 137.74987775563275 181 191.10347333370558 13373.031882266941 0.0 13319.678286688868
21 126.18929373021305 52.0628443696312 143.4326770543286 195 195.4955214239598 14075.909952974236 66.16220599966715 13957.684902604942
27 159.78765305659005 51.634722476542464 139.74625389104833 195 191.38097636759082 14060.736007365247 86.63457718507738 13922.466707703628
34 215.58674744560483 53.68508841712932 147.04336327544343 195 200.72845169257278 14062.188302795019 23.462270816130257 13985.040943561757
71 602.1636079163007 51.589993164424826 138.68493082647055 187 190.27492399089542 13710.457150158123 0.0 13658.8671569937
61 540.5484225669952 55.655949999783346 140.9600446299547 189 196.615994629738 13797.8545289942 11.681266776516964 13730.517312217902
100 898.1232720449725 50.08500281681249 137.60596202382055 183 187.690964840633 13472.505595225608 0.0 13422.420592408796
0 13.03819628341017 54.33713661356292 155.9183997037379 207 210.25553631730082 14397.86849253821 111.5034024053912 14232.027953519255
96 816.2418611923601 51.971975903484974 138.69788745089812 185 190.66986335438307 13602.294903141468 0.0419943968613552 13550.280932841126
75 627.0799082759088 52.44771477450975 141.29214577951777 189 193.7398605540275 13820.165204796787 0.3078368696566258 13767.40965315262
41 283.4635735606751 55.482932378916004 146.06025987214 197 201.543192251056 14183.44665430309 22.217738960515362 14105.74598296366
92 767.9927148902545 49.650651915507126 144.24622310711297 187 193.8968750226201 13710.70736443109 0.3588004770584803 13660.697912038526
47 364.64412637050725 52.90033239781222 146.76491230495756 197 199.66524470276977 14186.474211005805 34.01624338171723 14099.55763522627
31 199.17997613610925 54.80326931136271 151.39109364435672 201 206.19436295571944 14375.602995960962 51.49265203195944 14269.30707461764
77 669.4748427788118 54.25920235105347 135.34023794666288 191 189.59944029771637 13920.100052394497 0.043979634532661294 13865.79687040891
83 705.1331136033373 54.30178066388467 141.21345735579257 191 195.5152380196772 13921.378930719136 0.0 13867.077150055251
73 606.5028859436496 51.24952502637183 147.82282373731363 193 199.07234876368543 14027.642484079719 0.0 13976.392959053355
48 365.3587303140039 55.48851067047619 153.63971641220837 199 209.1282270826845 14288.72095459715 30.754747036536003 14202.477696890131
15 100.21207836166349 56.996457106678896 151.5156565287709 205 208.5121136354498 14576.014235526549 92.04278105777937 14426.974997362091
81 696.286425896665 52.80053535418176 142.9812703809307 193 195.78180573511247 14017.790826461645 0.0 13964.990291107462
72 605.5781910675845 49.84736188572618 146.4992774716116 195 196.34663935733775 14116.462735016385 0.0 14066.61537313066
54 460.1341615192474 57.35941235642884 146.73311029950972 199 204.09252265593858 14289.256991733724 14.174118191199966 14217.72346118609
60 502.2144561211703 55.770357941297696 145.66279482830842 199 201.4331527696061 14306.072386577365 0.1534049010160743 14250.14862373505
29 176.64849396695172 55.2584269282719 151.7281164680818 207 206.98654339635368 14658.563056581092 76.76563274996053 14526.538996902857
35 215.90220574394596 56.160271857839234 159.71352649272072 207 215.87379835055992 14652.14913873511 21.799098190765562 14574.189768686503
22 129.05196879915582 50.563009540833626 160.22973118050325 209 210.79274072133683 14771.08753186755 62.01047374534883 14658.514048581366
23 130.06998016932332 55.621321169192846 156.30788104308522 209 211.92920221227806 14772.69280548639 59.84021905124271 14657.231265265958
74 626.5192132342613 57.70592997518846 151.05423691599938 199 208.76016689118785 14287.581098237426 0.19455926572311455 14229.680608996518
89 743.0140635553197 56.855806793605446 144.47581750327103 197 201.33162429687647 14176.683756996517 0.0 14119.827950202916
70 600.2569450158346 56.3780234174402 148.97933115876666 201 205.35735457620686 14373.568791968584 0.0 14317.190768551149
86 724.4083808772086 51.68730554008934 147.51073202123527 199 199.19803756132458 14263.133391658495 0.06687874631290924 14211.379207372089
39 251.840323111967 61.27792130531991 155.78521282297982 209 217.06313412829974 14737.158762790028 0.0 14675.88084148471
76 642.3069481656795 56.210511323120095 149.87660716274814 201 206.08711848586822 14357.676496479695 0.0 14301.465985156578
30 180.37578888517746 60.90754343949936 158.00174016900837 211 218.90928360850774 14821.048706241058 68.18574813566357 14691.955414665892
58 476.1850067800673 59.64958210302934 152.33181544514017 205 211.98139754816953 14535.903185803618 0.0 14476.253603700587
79 685.797471679399 60.684763096386206 150.99619146983838 201 211.68095456622459 14349.079850375729 0.07407890387867155 14288.321008375453
2 14.26723605457869 58.07449177660178 161.46161586185465 219 219.53610763845643 15022.379381786435 120.17550905892892 14844.129380950899
4 44.28269860420977 60.547451637963015 157.94764461551446 217 218.49509625347744 14995.07544584292 104.65147929521632 14829.876514909738
45 330.7530957403199 55.30464831085294 155.8380716170473 209 211.14271992790023 14714.385804184003 10.325399982697832 14648.755755890454
6 57.1079683068028 57.114404112121164 159.5041455814379 217 216.61854969355903 14996.275125761105 85.35049582172296 14853.810225827256
40 282.52474087948144 55.95901946236729 157.9792612418863 211 213.9382807042536 14786.697018327272 26.519582558200455 14704.218416306709
56 471.9785158232274 56.086565080228574 149.56254123104705 207 205.64910631127563 14605.628939984523 1.7771626389736639 14547.765212265322
17 114.72237260208833 59.8004118397042 158.62278221177942 215 218.42319405148362 14966.685860597298 72.4590083829229 14834.426440374667
66 575.9767529253467 58.97258319916874 158.28824002497413 205 217.26082322414283 14510.07571661862 0.0 14451.103133419447
20 124.07934491038186 61.36104931021214 160.64930756714742 215 222.01035687735953 14986.138814489163 69.97699312344538 14854.800772055505
28 162.69108577919974 58.17818602527632 159.8432938713785 215 218.02147989665485 14958.186503547246 79.18024919977262 14820.8280683222
102 924.2423399344575 55.19989352336461 151.66087682928486 201 206.86077035264947 14221.23063723816 0.17432612824507032 14165.856417586547
62 551.0056111213644 59.33048537781764 154.59953997131143 209 213.93002534912904 14621.28298703238 4.0385867546403915 14557.91391489992
32 208.44040875988793 57.42776983593398 157.9586394336999 217 215.38640926963387 14975.486319704345 32.39090117343014 14885.667648694984
64 563.9444848320285 62.94435269994615 157.40091428450347 211 220.3452669844496 14661.578231946689 0.0 14598.633879246741
103 928.5562952399131 54.50921504886521 149.98900440357127 205 204.49821945243644 14312.74148076979 0.4838769041538171 14257.74838881677
99 850.9821247867627 58.235036935775824 152.79728926159385 207 211.03232619736963 14408.986385652026 0.36235085860880645 14350.388997857643
88 740.2785107129649 62.39546298118036 156.92830355307075 209 219.32376653425115 14520.97026080894 0.0 14458.57479782776
53 458.59890163818307 56.83032460527704 161.66728088311984 215 218.49760548839689 14804.13308787568 16.4069894449525 14730.895773825447
8 59.440889976916445 64.594557704163 171.4482401466551 227 236.04279785081815 15242.017199959846 114.03388259354844 15063.388759662139
50 390.7575026851264 64.70448027817697 163.86772187410202 219 228.572202152279 14912.33064166529 6.780876597789415 14840.845284789319
95 782.9505408504937 57.51159729883786 155.6071996024976 211 213.11879690133543 14527.926995714508 0.0 14470.415398415673
42 313.9152496413718 60.135676410313614 164.57662194928983 221 224.71229835960344 14998.236208066824 4.354530283697557 14933.746001372814
43 320.36616989865314 64.19973637793827 161.49424090926018 221 225.69397728719844 14993.605715634569 0.0 14929.405979256619
38 235.57014659126455 65.77046174342537 174.38736122820228 223 240.15782297162767 15096.026264131622 16.072637383689283 15014.183165004517
68 591.4045100389977 62.90406342396377 157.02664502376683 219 219.93070844773058 14786.160363474875 0.0 14723.256300050913
93 773.9825294407058 60.0015007112327 164.38414419073885 217 224.3856449019716 14622.176315110013 0.0820259519737192 14562.092788446802
85 723.517974161444 61.0606998795256 162.01590856793288 219 223.0766084474585 14691.706767479265 0.6315449983085273 14630.014522601434
44 330.2804059281803 62.89407937585311 176.6451577858141 229 239.53923716166724 15099.817242685538 9.963886541843976 15026.959276767842
67 586.8001126020076 55.60985032413408 169.63706979382604 225 225.24692011796012 14863.446414600117 0.0 14807.83656427599
46 332.38647712161196 63.83732673587234 173.52404064729464 231 237.36136738316694 15123.255993664154 9.266286516623836 15050.152380411655
84 709.8678599232449 65.64972919452862 166.84607050063414 223 232.49579969516276 14748.45886388489 0.0 14682.809134690366
25 140.95625945511202 64.40935118027502 175.44294349229477 235 239.8522946725698 15320.305971712334 54.80451916852826 15201.092101363525
55 460.7214544519749 63.1342515731762 173.12790244086133 231 236.26215401403758 15016.351900258447 12.8208004813456 14940.396848203924
101 901.7172997212433 62.55422571174172 168.38040906999925 225 230.93463478174095 14592.947721048913 0.5697406984680811 14529.823754638704
52 405.459490968513 65.80392526613969 177.74321408516624 235 243.54713935130593 15094.6915691362 0.3664774068006409 15028.521166463268
91 756.3801702349141 58.27966342780316 175.55439904766828 229 233.83406247547146 14750.502326984944 0.0 14692.22266355715
51 404.46515123204665 67.87501453307489 183.6999181675452 239 251.5749327006201 15115.430276521336 0.0 15047.55526198826
80 691.6730382241248 66.37180026005215 172.5891054517343 233 238.96090571178647 14829.398373564492 0.0 14763.026573304434
94 776.1121823394232 65.78181160353941 173.32918544426084 233 239.11099704780025 14748.989759101825 0.0 14683.207947498293
69 595.9058710320139 67.95755387290683 176.3787785667156 239 244.33633243962242 14938.239872875967 0.0 14870.282319003054
78 672.8979116933119 67.75172819946525 180.68556257308438 241 248.43729077254966 14866.057811789657 0.0 14798.306083590187
37 229.26530556428747 66.04208874945694 192.02469374231615 261 258.0667824917731 15321.091222052015 25.092318307618314 15229.956814994941
