# Cpu scheduler: rr
# Quantum: 0.1
pid arrival_time cpu_bursts_time io_bursts_time nbursts bursts_time tat ready_wait_time io_wait_time
4 6.391934412373925 78.63828317131279 58.57828127193795 9 137.21656444325075 544.3649611045536 92.07277887940027 373.6538990538348
1 5.658296639379058 78.82945265923597 65.79306923091384 9 144.6225218901498 707.4402873030203 128.8492422511139 499.76159239266076
7 19.062826685921696 114.17102074064931 109.87439343882588 15 224.0454141794752 1144.826884421002 115.36755160672098 915.288312073633
2 5.738443066618288 115.40526447812044 95.32169060508863 15 210.7269550832091 1193.4872779677453 136.79088985122598 941.2911236383975
3 6.004881786177084 126.72633931209216 89.97138522561275 15 216.69772453770491 1270.990759661675 155.6110039364974 988.6534164131017
18 102.38567138480451 44.86512963151145 119.18333260781958 159 164.04846223933106 11740.852882086909 6.439413968804956 11689.548338486513
19 104.15908429581442 46.856913411638104 117.79834159394375 159 164.65525500558184 11749.936153544715 8.257664845836956 11694.821575287151
6 17.609641659715237 49.96381138168077 128.47588617093737 173 178.43969755261813 11958.497285338544 36.03401645955756 11872.499457497213
0 5.658296639379058 48.99051635022787 134.50494623977121 179 183.49546258999902 12044.5241064654 43.118519514289446 11952.415070600788
84 738.6084689806839 46.22910384569575 114.36336735969842 153 160.59247120539413 11496.626112138929 0.7562955077578408 11449.640712785367
102 912.9079086024635 41.2423097585246 108.82939507686457 151 150.07170483538917 11352.526923902506 0.22581205339520238 11311.058802090498
50 329.14619856664797 44.38641721154409 127.23786690036943 165 171.62428411191354 12352.909627974865 2.586786222959347 12305.936424540278
88 779.0103789861513 44.07399208018724 118.69428561061063 159 162.76827769079787 11919.525589800554 3.1112896520155573 11872.340308068256
30 191.99312737113647 47.5970102852742 125.70326562227167 169 173.30027590754588 12542.777430910171 4.190336756151822 12490.990083868648
46 298.63046813469236 45.12095311781546 127.35605907265565 169 172.4770121904711 12601.277006682367 6.8143513025560765 12549.341702261894
13 52.09199236006679 50.08823677635508 138.02955930649057 185 188.11779608284564 13262.43981425736 19.550960813671303 13192.800616667226
79 681.319424706028 51.838720875665736 130.30043216825214 171 182.1391530439179 12748.10214662522 1.2281620179990114 12695.035263731435
5 10.066316456196576 49.835867439001234 150.9206414201212 199 200.7565088591225 13459.787271510819 32.16638068617228 13377.785023385546
34 208.39522046633198 48.873427529254194 134.53437507142206 181 183.40780260067623 13378.200730652894 5.397304258271589 13323.929998865262
23 132.21183789573055 55.134919513466805 136.73090814090574 183 191.86582765437254 13491.897174689875 4.628055081487702 13432.134200094813
58 424.7635008423913 46.089272186274876 136.50627636900902 179 182.59554855528387 13302.137481339692 1.9606673255633496 13254.08754182775
77 641.9501435189802 51.02286405943788 132.13684356773223 179 183.15970762717012 13277.417021176456 2.5253169257476884 13223.868840191139
32 200.20605222841013 56.132889447608676 140.4725109552698 187 196.6054004028785 13760.392541815487 7.247536257156639 13697.012116110598
9 21.853099875061933 55.947811080189325 151.8431017361856 201 207.7909128163749 13951.796558256276 30.01963675467747 13865.829110421295
15 70.80251726124047 51.7120649335458 143.5245137672244 193 195.23657870077022 13915.978305961133 12.25262901120037 13852.01361201627
42 265.994099619761 50.90619526613095 138.35143312305854 187 189.25762838918953 13786.139061300584 5.169375426650333 13730.06349060769
44 280.1828599970884 54.614218800363176 139.9644706911843 187 194.57868949154744 13787.56121201754 3.9566041839366335 13728.990389033115
12 42.69111631924116 56.6272083068987 150.65734742261117 199 207.28455572950986 14046.429231367256 19.7759588457837 13970.026064214464
11 42.401896315893055 51.70576972505204 152.73218871386106 199 204.43795843891309 14048.309733559598 18.798892065184354 13977.805071769255
104 933.244438796865 49.23936826197295 131.57885378221354 179 180.81822204418643 13210.134625845392 1.3117656081789164 13159.583491975129
8 21.429404228954468 62.245591144295595 155.28368735762672 209 217.52927850192236 14331.61023166696 29.179752975450125 14240.184887547091
38 239.96816556500073 56.53576907174597 142.40437101627083 193 198.9401400880168 14127.093451539728 3.6473452351615663 14066.91033723269
63 478.58092445222275 55.00352332661408 138.4290338926188 189 193.43255721923293 13919.380315635295 1.7247621424563704 13862.65203016611
53 364.4738917024708 59.55784115359302 141.07217104810624 191 200.63001220169926 14036.409353908919 3.0712696671716913 13973.780243088022
14 59.167102335166206 55.71222584891537 150.84873802480965 201 206.56096387372503 14366.667433334202 14.702125390687904 14296.25308209447
82 710.1486692659048 51.776255777464776 141.57113682510465 187 193.3473926025694 13732.807950434682 0.9396308980828962 13680.09206375902
37 218.74427693602533 57.09398131852708 151.40751035853035 195 208.5014916770574 14250.25056394674 3.6642612298834365 14189.492321398204
26 137.19260086363602 51.20729592681715 146.5539163977104 197 197.76121232452755 14338.022569302739 2.825140274344591 14283.990133101459
87 771.1026527319524 52.56832570911628 139.73472848255702 187 192.3030541916733 13713.438144425645 1.0754679020629965 13659.794350814342
76 637.5464021635355 49.55119174049545 139.56865983803203 189 189.1198515785275 13861.605522277428 1.8908334715630417 13810.163497065261
22 128.91777805000692 58.649990461798296 146.55033056502344 199 205.2003210268217 14434.877660082484 4.261963366532285 14371.965706254021
27 139.84175368739906 60.69876257854488 151.27930047297878 199 211.9780630515237 14436.521698048033 4.49359404761924 14371.329341421724
52 350.17956076826147 52.76770824681077 151.21688433010615 195 203.98459257691692 14241.166631065922 2.944499686051927 14185.454423132936
28 147.7449701145292 52.61777106883151 147.22188167279594 199 199.8396527416275 14451.303023000128 6.857742350143724 14391.827509581031
55 372.87436607946506 52.8150593990431 140.896094905012 195 193.7111543040551 14239.945063956677 3.5618761572926587 14183.568128400222
72 582.0983392328152 56.61845323638778 138.7129462483083 193 195.33139948469608 14078.202139594301 2.6630437034525585 14018.92064265433
24 134.34302401092367 51.693903617973696 150.17319229097063 201 201.8670959089443 14536.617129583303 3.6437705575996233 14481.279455407603
17 96.7022253895147 59.97514943991686 157.58706070464808 203 217.56221014456492 14583.936667736338 6.751080845832675 14517.210437450454
91 810.0816999506088 56.16412186858615 148.5870465357238 191 204.7511684043099 13891.23143345036 1.1575960315749398 13833.909715550073
33 206.36464785477727 57.15837586470061 148.08061222629922 201 205.23898809099984 14523.663100177237 4.794809639146962 14461.709914673253
51 346.66687865341135 55.266812674045404 150.69702523339984 199 205.96383790744528 14419.66403759939 2.7717371795653776 14361.62548774566
66 512.7986536472857 55.9577409909164 151.1499791024966 197 207.10772009341298 14287.112575807689 2.14129707876225 14229.013537737876
97 866.481103194337 50.06225268529584 140.6815757496223 193 190.74382843491816 13956.723546130079 0.2697184313476555 13906.391575013316
98 879.5269330740668 52.30104813372913 144.10931874005223 193 196.41036687378136 13952.292362166623 1.1607537992410926 13898.830560233535
74 618.6690301895088 54.28767816088359 151.8011400782536 197 206.08881823913723 14235.36045093918 1.5866911729593767 14179.486081605208
94 835.2201421294855 55.38271909204018 145.2892457819154 195 200.67196487395557 14049.407822112584 0.9234895787927826 13993.101613441617
80 689.9893976228196 51.16365820540649 140.0171984388754 197 191.1808566442819 14201.851480040146 2.5691154631424524 14148.118706371473
40 258.9364853390525 52.97344847964247 156.45947648329545 205 209.43292496293793 14677.722901203211 3.6554427145396744 14621.094010008892
45 295.1783599354793 59.1359905396679 157.1641562026917 205 216.30014674235952 14666.937822249385 3.4473175295480587 14604.354514180033
57 416.80350179490017 53.776173426962444 154.68610851159963 203 208.46228193856209 14549.916287731181 1.9281178938177277 14494.211996410277
78 666.3926298198378 59.53655313586157 152.45198895128348 201 211.98854208714505 14356.918907391557 1.4815615556448165 14295.900792699907
68 528.1908920915688 54.82109829713195 146.8478302445485 203 201.66892854168046 14498.820225215079 3.055774854107426 14440.943352063701
95 843.5574616001093 55.623493932754734 150.3668626784431 199 205.99035661119785 14188.11748811212 0.8132349607303695 14131.680759218494
10 23.800833193688742 61.94243908275227 169.05476866098968 225 230.9972077437419 15079.864929501695 31.62451465858261 14986.297975760228
101 912.8337206558587 56.26687212234255 146.88661162093206 201 203.1534837432746 14215.883992717221 0.22145724080610307 14159.395663353935
21 112.36366476788113 61.21362148548539 159.22884833793057 215 220.442469823416 15051.884648848629 7.104395600681826 14983.566631762324
70 573.8976416238493 59.467935398953415 154.71898261394804 207 214.18691801290146 14594.994920961004 0.9096098482106072 14534.617375713695
99 893.0857291059165 55.149547304600304 152.40663486179716 203 207.55618216639746 14289.141905258402 0.5338970670256913 14233.458460886635
25 135.86579638148484 59.04364249482856 160.65029527349319 215 219.69393776832175 15049.58952484222 4.517554137408666 14986.028328209839
89 788.7606438597131 55.98602371308303 156.69094095396204 205 212.67696466704507 14407.163970662154 2.121804925876745 14349.056142023055
71 581.1038829431652 57.797940056183776 156.86135724218576 209 214.65929729836952 14648.311448001643 1.5413866624372758 14588.972121282884
73 613.5501568974976 56.530399864770274 161.71732651098404 209 218.24772637575427 14629.021039363195 0.6769023419363975 14571.813737156357
92 816.3918439116518 57.23176334626399 155.20660443152528 207 212.4383677777893 14446.169717272476 0.9985742217348843 14387.93937970434
20 107.78753337910608 57.73894947652693 159.36680343690577 219 217.1057529134327 15156.298563626198 7.169173522582938 15091.390440626963
81 695.0307762891197 58.245240575566555 154.0552830383832 209 212.3005236139498 14578.071561706889 1.7296934541689097 14518.096627677016
96 857.4295336945975 54.956509158642376 157.40021883533018 207 212.35672799397253 14417.628359090928 0.8730258037925296 14361.798824128351
47 315.4607923388544 63.81062166594977 159.68589396612785 217 223.49651563207766 15006.967924655797 4.120910563173084 14939.036392426526
49 322.1338000900818 57.85950927408499 165.81386121962555 217 223.6733704937106 15007.169979733546 2.3555228690078707 14946.954947590304
75 631.4487930117174 52.1354896580027 158.28186011392347 213 210.41734977192615 14704.279891282795 1.4360924811810492 14650.708309143482
54 369.0120098440439 58.8102587454061 165.09116289142216 217 223.90142163682827 14977.492091668502 3.2104659232994095 14915.471366999654
59 450.80765991874625 58.77538265435973 163.10804303033 217 221.88342568468977 14918.768701125053 2.857175761585438 14857.136142708958
69 529.1015882980989 59.172212918213184 153.37992479932345 217 212.5521377175366 14865.88999101092 4.184511673432553 14802.533266419152
16 73.07500690515978 63.1862725720923 170.65496885387543 231 233.8412414259677 15361.643160151358 7.3117559094225015 15291.145131669697
48 319.4151057686219 67.14482630314754 168.02241194272221 223 235.16723824586973 15118.811175344288 3.9511716702539275 15047.715177370721
86 747.4596128069048 64.1208632552213 167.79212091521956 217 231.91298417044084 14693.583843674 1.7966505118391751 14627.666329906775
61 467.27682144822705 61.06669267349178 171.17835588613784 221 232.24504855962962 14979.552166901618 1.960909023210661 14916.52456520476
64 500.58693753004326 58.50756626926439 165.7195948671805 221 224.22716113644492 14954.867474455341 2.0741496454489265 14894.285758540485
35 209.310815889762 62.521445864417565 165.80523338193683 227 228.3266792463544 15257.688253427998 8.69566750818342 15186.47114005524
103 924.7761372331523 57.02841952802362 159.82789700617033 217 216.85631653419398 14550.034953924629 0.0 14493.006534396462
90 804.3634900590645 59.20978480577596 162.37658330739163 219 221.58636811316757 14677.208274593735 1.195865636689291 14616.802624151112
67 516.5270355741023 59.32548005954848 170.99675782090367 223 230.32223788045218 14973.553031989026 1.342439014525894 14912.885112914802
43 274.0260344784733 64.24174758967413 176.44869601961017 233 240.69044360928427 15274.41016238953 4.000628405462749 15206.167786394235
60 466.51004428144995 64.26751771133796 170.32832556610092 231 234.59584327743883 15093.644123235561 2.3656393498820307 15027.010966174179
41 265.6097761067648 65.9148742459643 172.3644339650798 237 238.27930821104405 15317.629701286492 3.910786678008435 15247.804040362364
65 507.69069313877293 61.995026859785625 179.06303762789997 233 241.0580644876856 15077.20473805714 1.2404008718612545 15013.96931032533
31 195.74146711910373 63.88499537129693 178.60188392016562 239 242.48687929146257 15392.913516989913 3.7620499090705266 15325.26647170939
29 162.55728273139988 65.06948889148926 174.74388353083754 241 239.81337242232678 15436.921332439693 2.75423118381309 15369.09761236422
62 469.87689088747067 62.63542528756059 180.41477096665497 237 243.05019625421556 15141.231275916623 2.438399373763559 15076.15745125513
56 382.0349214743706 62.274431006635766 176.95954242171584 239 239.2339734283516 15234.09663312754 1.8644533946226147 15169.957748726125
36 211.20544219973394 69.07290565859662 182.92457483697547 245 251.9974804955721 15413.277205229775 6.159779290989803 15338.044520280026
100 903.5332597777401 67.77354466141885 174.44340059935675 235 242.21694526077556 14725.625670709804 0.35914093237499856 14657.492985115832
85 745.6577312744813 67.3552242994826 181.37073184417372 243 248.72595614365633 14902.664534733893 2.3370256603187727 14832.972284773918
93 827.5899295443494 68.50666333736179 182.47898446156276 243 250.98564779892456 14823.378905005588 0.6521066651060892 14754.220135002935
83 724.8397671626716 68.07914096314632 187.84875305748002 249 255.92789402062638 14935.17595731927 0.9520127178454914 14866.144803638112
39 244.42722887078546 69.20586190700602 200.33978096381446 263 269.54564287082053 15423.511330466266 4.835614937127161 15349.469853621953
