# Cpu scheduler: rr
# Quantum: 0.1
pid arrival_time cpu_bursts_time io_bursts_time nbursts bursts_time tat ready_wait_time io_wait_time
18 68.2039713992186 26.216210229167515 16.30291711776714 3 42.51912734693465 299.8122392308188 177.2406005018764 96.35542849977304
2 2.499070796929715 93.65443966558938 74.1159921669227 11 167.7704318325121 1154.0538182609037 242.75217423087773 817.6472043644426
5 10.930107972466336 94.3524382932791 65.15857740804357 11 159.5110157013227 1264.9806731223928 254.93531773818773 915.6929170909252
4 10.052860006378065 87.1640676449176 67.02968256421015 11 154.19375020912776 1323.0862710909714 268.44369107501984 967.4785123710338
13 41.90777529583636 101.62322663037136 92.07884720527801 13 193.7020738356494 1765.2105426457333 249.98325105081045 1413.6040649645802
15 55.532419554438704 100.36013503752633 92.58079681067848 13 192.9409318482048 1862.6116975411492 251.86339812132533 1510.3881643823277
17 68.12766976453035 134.0452238479316 137.80695715102252 17 271.85218099895405 2505.1103823571234 235.6752022577007 2135.3899562515517
16 58.46861665313817 133.62225167770077 116.35512855230752 17 249.9773802300083 2587.797125259681 263.66228247031574 2190.512591111714
1 0.08601686408915786 178.64415297755343 150.83048719159595 23 329.47464016914944 3487.693305635339 312.94309149738206 2996.106061160491
7 19.109781539078575 171.7533270613835 158.71184519156887 23 330.46517225295236 3557.096862615333 308.49819245245595 3076.8453431015846
3 4.569336900470607 49.83499552445012 135.09833395873247 185 184.9333294831826 23550.705100672272 85.53160427361131 23415.338500874317
19 69.60084579138883 45.605264016296346 129.1005103925858 171 174.70577440888212 23937.02596582435 70.58830511387609 23820.83239669429
23 93.93625272676687 50.72252448136578 134.08904546831658 175 184.81156994968242 24796.499784766867 55.845177548382 24689.932082737247
186 1580.33131387566 41.61954760245118 117.29728640569682 155 158.916834008148 23368.651281549806 0.02677168154127685 23327.00496226593
52 385.38793601495973 49.07782096371328 124.46772062839626 167 173.54554159210954 24895.830578143006 5.053944451084703 24841.698812728362
100 818.85346284774 41.891275991648115 124.94849908356305 163 166.83977507521115 24500.882153771017 1.4986061114697122 24457.49227166802
65 505.2189027059145 51.99677741681119 129.01800466974262 169 181.01478208655382 25276.239055374004 3.595742049985688 25220.646535907417
32 158.79646015035968 45.27835955597993 130.1814772648988 177 175.45983682087876 25701.297164147145 19.97115414016926 25636.047650451135
193 1672.0718875397695 44.500082303133595 120.15698704861927 161 164.6570693517529 24240.19297708269 0.9093407524676422 24194.783554027243
20 70.58102213892717 51.2561540847881 138.68662681953643 185 189.94278090432454 25956.08934033502 63.68102235307313 25841.152163897343
71 533.1335408223242 47.02843066865422 127.8316549386133 171 174.86008560726754 25573.732408611733 2.2466457306098846 25524.457332212627
152 1309.079915511299 43.81677219560811 122.56662001761455 165 166.38339221322266 24828.74521532895 0.6142784451744774 24784.314164688338
9 32.291183250677214 54.25329663781166 144.32091365185445 193 198.5742102896661 26127.00093746558 74.76359913742417 25997.984041690554
67 518.4736857288976 47.22607404753973 130.1441118954356 173 177.3701859429753 25840.438919191693 3.61436134738517 25789.59848379693
144 1266.0989472199556 48.16957049878844 126.01125404832631 167 174.18082454711475 25122.234991987774 0.4316363177151743 25073.633785171434
77 586.5225594336695 49.74319735939426 125.51510845843121 173 175.2583058178255 25866.598597552456 2.7141931897119775 25814.141207003526
130 1135.2623434055172 43.68029165489063 123.86837981752254 169 167.54867147241316 25409.137769833735 3.5442316049955025 25361.913246574015
72 533.713997528006 48.265205400583255 130.8627036777807 175 179.12790907836398 26145.73724577946 3.3278943890918526 26094.144145989983
54 400.4947550065784 54.57265837079853 129.3135656011059 177 183.88622397190437 26326.549758465953 6.019198142620894 26265.957901952712
12 38.73928479183301 53.272472565826895 148.51190928043053 193 201.78438184625742 26718.87514278399 88.45916178173451 26577.1435084366
197 1694.78415682093 49.285853614209586 126.00490126552043 167 175.29075487973003 25082.705767012798 1.0448845698151672 25032.375028828974
101 830.8470051091039 43.55074150462181 129.76901439599328 173 173.31975590061512 25956.956240642518 2.7598879021097673 25910.645611235966
88 683.7348084120141 48.64384974831033 133.02322839889482 175 181.66707814720516 26210.683127583998 2.457561016198156 26159.58171681964
81 613.5915715865315 42.80025881033633 135.48694451607685 177 178.2872033264132 26438.056232974508 2.787586667727055 26392.468387496592
10 32.801540032062434 55.74878583900848 152.8380876627267 199 208.58687350173517 27111.840279022214 91.46208966324158 26964.62940352013
44 326.63100930581305 48.22249815934743 135.01956348872127 181 183.2420616480687 26838.89141065471 7.551745665668875 26783.117166829867
74 561.7781874743183 51.17488991373044 133.00089393169432 179 184.1757838454248 26675.721240218933 3.595185443473383 26620.95116486193
93 772.1269833180415 47.15563084122098 135.96527649631773 177 183.12090733753874 26479.726751749644 2.445442996836505 26430.125677911776
192 1664.4762409052328 47.967544247509466 129.7345523279467 171 177.70209657545615 25627.491798464165 1.0087002758896233 25578.515553940935
167 1428.8873494877537 47.51356396880412 127.92747358658113 173 175.44103755538524 25923.26264174808 5.283317459128966 25870.465760320345
107 873.1692235897654 48.06865339884877 135.05360086085062 177 183.12225425969945 26503.679266027273 4.491754500439583 26451.11885812819
8 26.89622237177529 53.84801538539294 149.33922193780134 201 203.1872373231943 27353.110740064585 90.95968655885909 27208.30303812049
137 1209.0602858146813 50.473668572878026 125.27231028538472 175 175.74597885826273 26216.698579374734 2.2022573883853056 26164.022653413693
114 949.7111775508032 45.69744631219665 133.68172010961894 177 179.37916642181557 26509.95881312893 0.9476844663737438 26463.31368235057
90 728.2472756428364 45.67575412210249 135.94557350279274 179 181.6213276248952 26736.27943300623 1.7421787872289087 26688.86150009712
70 525.907429666969 45.658416831005106 134.74484152721888 181 180.40325835822398 26956.955814077304 4.777819135937875 26906.519578110507
39 228.81693069710167 51.25383828057219 133.00496804473943 187 184.25880632531158 27455.015388151132 12.279403441286433 27391.482146429506
92 729.4997880057268 46.84320604747847 134.25183355056535 181 181.09503959804385 26993.36492749566 2.3908126490865698 26944.130908799285
85 661.9984826542734 52.10337676530664 135.90003281529374 183 188.00340958060036 27233.73990432391 2.7642202676607894 27178.872307291145
76 572.1719037921893 50.972479055306486 135.0834416602895 185 186.05592071559602 27443.46567469895 4.151218288979749 27388.341977354878
53 392.8912177845503 53.000365335523796 140.81698407725804 187 193.81734941278182 27624.947036825004 6.028341627733653 27565.91832986199
86 663.441410730492 48.75568211355386 134.15679050880271 185 182.91247262235652 27471.442497104537 4.7165152536319965 27417.97029973758
11 36.944840945164934 57.74063291990326 155.51172182209976 207 213.252354742003 28104.76053447442 87.6257916504742 27959.394109904246
38 223.51962437553846 50.75595701010211 146.77375390572138 191 197.52971091582347 27937.175352894697 11.877075417937903 27874.542320466873
57 405.3848746637074 55.44678209334593 139.85132182982937 189 195.29810392317535 27847.819796473806 3.4264157732661147 27788.946598607425
6 16.570592126495573 59.197969984206075 162.92884560043083 213 222.1268155846369 28336.150341866363 99.39096868863612 28177.56140319375
30 134.87399359022095 52.61857360354449 142.36237535553497 197 194.98094895907948 28236.180341108426 28.400352350943336 28155.161415154136
24 102.66872112675004 55.70990849231719 156.52685247039426 201 212.2367609627115 28271.291496391856 36.84680042704518 28178.73478747276
134 1195.888613984599 50.43044664489894 135.00498237114104 183 185.43542901603996 27187.205658777293 2.315182265592739 27134.460029867027
97 794.4046814660445 51.58212339778098 138.28829780517646 187 189.87042120295746 27693.515127356895 3.734317865994626 27638.198686093343
31 157.41712811264273 59.36202017277099 146.22945842620146 197 205.59147859897246 28343.133424236126 24.092839415491568 28259.67856464814
131 1136.0325869728233 50.56109888578777 143.36751636582866 185 193.92861525161646 27437.60095710637 1.7460904191916597 27385.29376780163
27 124.41020945633345 55.73112942830357 145.52373458301204 199 201.25486401131565 28459.332139995644 34.45403712723514 28369.146973440344
171 1454.2920491136617 50.799233544856996 137.1194766415819 183 187.9187101864389 27140.989920797656 2.6694362325110887 27087.52125102054
132 1189.9402704146107 53.54729767450242 139.29116456220925 185 192.83846223671168 27417.873739097166 0.540902071669052 27363.785539351287
49 356.49479127180064 50.27188030293113 144.7911396528109 193 195.06301995574202 28319.10018788538 3.8051974034915474 28265.02311017918
205 1742.384037370325 50.92614840326838 135.27381164181412 183 186.19996004508246 27043.95052663994 4.945570497419794 26988.078807739512
29 127.47535790522875 57.21344495539942 151.07245317260376 201 208.28589812800323 28668.009873695497 30.946787744148367 28579.84964099623
110 891.6192097145021 55.28381629853935 141.30748219333668 189 196.59129849187602 27918.423532069435 3.126771128888322 27860.01294464224
34 185.9395522794108 54.943002062975395 150.91864085564526 199 205.86164291862065 28661.260149892547 20.897563551420177 28585.41958427838
46 350.863811805511 54.74530541403179 145.8998925251328 195 200.64519793916458 28525.991011609294 5.371688267998877 28465.874017927494
148 1279.2738112033944 55.74077366086722 137.09226377132134 187 192.83303743218855 27610.750794112977 0.0 27555.01002045235
51 382.05358255265077 54.32862258123317 148.47538584494234 195 202.8040084261755 28513.381219585637 3.7895157274575126 28455.263081277182
151 1300.2427238669577 53.17601338973991 138.33936362369292 187 191.51537701343284 27607.569605804994 1.1077324960645 27553.285859919444
96 792.9272658457114 53.12311796816138 140.8485447726659 191 193.9716627408273 28131.11596678237 1.916670100586657 28076.076178713894
191 1659.7089728061521 54.0962234672756 139.90934843358065 185 194.00557190085624 27280.453348557556 0.48599321552023866 27225.871131875043
41 287.8794033579809 57.80160745202603 151.98121922214912 197 209.78282667417517 28657.822920466802 6.665568764154557 28593.35574425089
200 1712.0541444772873 50.78437785734744 138.18949549540824 185 188.97387335275567 27267.080102740052 1.1548426850388296 27215.14088219791
106 870.3438481838932 54.44988498385888 143.68045116131717 191 198.13033614517605 28141.82256482874 4.10446381637837 28083.26821602876
175 1482.051962777796 50.33733586129141 136.78847769815275 187 187.12581355944417 27550.89027737144 1.5606772798109887 27498.992264230594
112 916.4238005972172 53.742356121190866 138.1088848522159 191 191.8512409734068 28128.155036343574 1.9299950051736232 28072.482685217477
47 351.6872900095379 55.029799895735955 147.35671199217367 197 202.38651188790962 28735.527698801365 5.211925984358402 28675.285972921552
163 1389.2893780630102 56.321735205751004 137.18272206452704 189 193.50445727027807 27777.892892744076 2.4168241673191915 27719.154333371294
105 870.1910219983366 53.34568861959337 143.36350959544205 193 196.70919821503543 28338.287029599673 3.5504267772885214 28281.39091420304
149 1294.4421724630809 48.641016889593566 139.98143908430538 191 188.62245597389895 28002.226518363786 1.046245213548218 27952.539256260894
154 1318.2568237919777 52.181664481048756 144.3296392211018 191 196.51130370215057 27999.010974927594 1.7380302727090111 27945.09128017413
42 292.9325678330168 54.251436138044326 147.93314404792972 201 202.18458018597406 29049.520447900217 6.30402893621698 28988.964982826205
108 876.0341792758904 57.07745847151422 141.740834660405 195 198.81829313191926 28531.4307244925 4.529202473849864 28469.824063547407
178 1531.426203439385 55.45237476693906 144.26509646268025 191 199.7174712296193 27909.74044835229 1.5497442684027192 27852.73832931726
69 520.0392722912424 55.864284888791616 144.28577385823155 199 200.1500587470232 28934.30028159064 2.685144626768647 28875.75085207535
68 518.6039483938474 58.41339517863821 149.65211003837283 199 208.06550521701104 28936.393213255677 4.416908584369253 28873.56290949294
117 970.9574211746337 55.29400004219313 142.4954170676719 195 197.789417109865 28498.924789492437 1.7974717647794023 28441.833317685738
48 354.02587024241564 53.78518411842666 150.17178898657733 201 203.95697310500395 29127.126970384736 1.8109226464009112 29071.530863620163
99 816.8720410217921 51.97060688532451 142.10626369863058 197 194.07687058395507 28705.16015913929 1.9775387922337586 28651.212013462005
196 1689.8869989325408 54.20386022940994 144.66190799872754 191 198.86576822813748 27843.34280195851 1.260535444912648 27787.878406284464
87 678.6595494117462 52.810660556820324 147.20293683026074 199 200.01359738708106 28930.297609183304 2.3373893259854412 28875.149559300724
14 49.160342851105064 59.201066774254826 167.0703613421826 221 226.2714281164374 29566.828636321847 72.56471637232461 29435.06285317553
139 1229.2739497389364 57.306892175533996 145.63822597975863 195 202.94511815529262 28394.21063280187 0.9586244030790567 28335.945116223545
180 1539.3717311998507 48.436458183796425 144.85344469293275 193 193.28990287672917 28084.94468822406 1.2206265665754472 28035.287603473946
184 1564.837545592252 50.44421447264178 147.0692150148647 193 197.51342948750647 28081.45751399562 0.9086529823882756 28030.10464654084
28 124.89031405941066 56.924002551254496 158.5106069871822 211 215.4346095384367 29552.099622764676 20.713992905280946 29474.461627308436
79 594.9964248679684 53.004974737753145 156.89363139589113 201 209.8986061336443 29092.24028912025 4.181636815446836 29035.05367756729
78 587.28112751223 59.70205069384513 152.9689978112649 201 212.67104850511004 29102.020360154624 6.411275205530387 29035.90703425552
157 1365.171920794138 49.45813356564834 149.58152721524613 195 199.03966078089445 28330.58370450967 0.761748252008374 28280.363822692278
195 1680.2966505272632 50.775195069931826 147.35931375314755 193 198.1345088230794 28024.160366656677 0.3219716212829553 27973.06319996574
208 1766.8285955442334 53.92878104247196 139.7265953628434 193 193.6553764053154 27991.43206895264 1.9540444782282975 27935.54924343227
133 1191.7669288239392 56.50324457246823 146.8764682959025 197 203.37971286837075 28581.483059182196 2.158032310020644 28522.821782299972
135 1200.5805336455758 54.340199682879984 148.27778210770416 197 202.6179817905841 28574.303401500092 2.092640492767032 28517.870561324744
177 1503.6288828485153 50.837109100510844 141.09816608813284 195 191.9352751886437 28279.058878932694 1.4892699031499887 28226.732499929265
140 1235.4132502359298 52.73039817174833 145.03609642076222 197 197.76649459251058 28562.081554206015 1.098668771530356 28508.25248726299
89 724.7972351930838 57.794828053328075 151.33496397638484 201 209.12979202971292 29079.943975591454 2.394294001486628 29019.75485353693
75 563.3806446273949 53.54483510017711 150.24774636230518 203 203.79258146248225 29261.673846869053 3.8016422466731683 29204.327369522474
187 1600.854597651993 51.66290089962518 141.82943276468552 195 193.49233366431068 28228.695578537612 0.1180471420327649 28176.914630496194
156 1353.6997931964884 53.80391195352291 143.93248625260648 197 197.73639820612937 28502.241168286626 1.7459156189761416 28446.691340714413
194 1676.5483559258428 54.884676536638146 145.73984481180173 195 200.62452134843988 28187.647644703746 1.189231176620524 28131.573736990773
162 1384.8144303006704 56.48178689582613 151.7029817756215 197 208.18476867144767 28482.671950513595 1.1373406175057426 28425.05282300058
66 516.2350785397111 52.82327242334183 150.90161072475593 205 203.72488314809775 29436.79225721975 3.722632390698209 29380.246352406
115 957.6242371908043 57.245846338119165 154.5442390444695 201 211.7900853825887 29000.543516969003 2.2993711650644855 28940.99829946614
188 1615.6239302529298 55.45573307976679 147.91010203795005 197 203.36583511771687 28364.524414724583 0.5688850874032596 28308.49979655773
58 406.7325241030889 57.252307122007096 161.9934831771569 207 219.24579029916396 29592.093514396314 2.9636029890642135 29531.877604285535
122 1061.246763998428 60.584581866240306 150.5225160564799 201 211.10709792272027 28939.19071316994 2.576926648203198 28876.029204655875
36 208.6822185845989 61.360552602940096 159.6199621520713 211 220.98051475501143 29794.834861223953 14.261410889292904 29719.212897732035
124 1082.4225252418191 58.604433921613825 152.4908800465607 201 211.09531396817454 28936.163198424932 1.872766595937037 28875.68599790773
128 1102.4752524123458 56.74057140096488 146.64719346353425 201 203.38776486449916 28925.5276313249 1.9496533264368736 28866.83740659782
82 626.0402237120175 54.627435625408665 153.73398620451073 205 208.3614218299194 29406.82559138576 3.164349289128154 29349.033806471474
201 1719.5784610670528 57.200440611871706 146.31221661249708 197 203.51265722436875 28318.233297569383 2.6756588006173843 28258.357198157188
168 1430.5807226755408 52.73428595481183 149.6373260457716 199 202.3716120005834 28625.0861662304 4.842040845830752 28567.5098394301
84 659.4358340087789 53.369232741906515 156.9512749831659 205 210.32050772507245 29406.692905292042 4.087687254328216 29349.23598529605
174 1465.1594485119983 58.032715465671714 150.7510030224854 199 208.7837184881571 28611.68959459459 1.8964911491193561 28551.760387980128
64 477.6105240757955 57.088855148476426 158.1799237936351 207 215.2687789421116 29603.494542614128 4.142721149954468 29542.26296631599
182 1550.827957761577 59.41037393218803 151.90295899554852 199 211.31333292773655 28547.09228790028 2.561071362498751 28485.12084260593
150 1297.034095146683 60.00268853621881 152.9701256654041 201 212.9728142016229 28819.270844536168 0.6085952124240066 28758.659560787815
121 1021.1195534716875 59.29652544517827 155.67684960784186 203 214.97337505302016 29105.119327751163 2.8302511418417 29042.992551164436
62 445.0704299308429 54.64635257714313 153.2710621360374 209 207.9174147131805 29726.42290739546 2.9483737135642514 29668.82818110507
113 928.3100502631726 58.699128698736985 155.55986643661086 205 214.25899513534785 29274.29998007923 1.8668839895127576 29213.733967391305
181 1541.0663512970439 59.83917655487589 147.4282570956516 201 207.2674336505275 28670.265621318813 1.5658466263057562 28608.860598137962
142 1257.1642923391648 55.620900189385104 151.40372041859555 203 207.0246206079807 28957.478999810795 1.4727360711108304 28900.3853635506
33 159.35049049731538 56.84468243914766 160.3617136586976 217 217.20639609784527 30072.62344049399 15.962949174418213 29999.81580888075
102 831.0254787840212 59.5565710132307 157.65184741833576 207 217.20841843156654 29430.746551983073 2.583386546251404 29368.606594423905
198 1699.4199333413394 54.44034607418949 149.60777762762055 201 204.04812370181006 28564.283307992864 1.510186454704126 28508.33277546426
125 1087.983488593793 53.03284985145349 151.04620688749654 205 204.07905673895 29179.63656183728 2.2448879171299723 29124.358824069044
103 850.4137755125807 54.76452201665272 152.51502291351173 207 207.27954493016443 29425.424573764325 3.6518670702583904 29367.008184677714
207 1744.0304101613035 50.73157190530148 156.95323250683126 201 207.68480441213273 28543.620486597367 3.5780624997432824 28489.310852192586
109 891.2489569191596 56.77828822725553 157.51172546329624 207 214.2900136905518 29410.225258276285 2.252614286456378 29351.194355762877
123 1064.2989261171545 52.06190614043771 156.99730696463536 207 209.05921310507307 29297.527299699577 3.092047045029858 29242.373346514436
40 236.40673624395973 58.95098018247477 160.68703943806221 217 219.6380196205369 30180.17631754978 15.597812034545 30105.6275253331
35 193.96670494627878 62.32799028863678 160.18925061575783 219 222.51724090439458 30226.071815138966 17.728947699937464 30146.014877150727
141 1246.85858287501 58.966087040934354 151.58566852602158 207 210.55175556695588 29177.434953440206 1.7788276383562334 29116.690038761273
143 1263.299919371561 60.07165930307018 147.6760277401119 207 207.74768704318208 29167.66398168008 1.856598245863779 29105.735724131504
120 1016.1039365236757 59.02813884386569 151.49664601610584 209 210.52478485997153 29425.40209752728 1.47574013151916 29364.898218552218
119 1015.7657918024673 59.83499999480238 155.67352634777507 209 215.50852634257745 29427.052708604217 1.6889048566637257 29365.528803753063
159 1367.5459611620302 60.882392934907685 153.87609558219606 207 214.7584885171037 29092.03334741956 2.321383847944162 29028.82957063704
161 1382.0176897826825 59.25573082161597 156.39417783617185 207 215.64990865778782 29078.966546393607 0.8275985609959662 29018.883217011342
59 426.7444709633682 57.040744003380674 160.77777355654288 215 217.81851755992355 30036.690131983712 4.666214608467328 29974.983173372166
60 427.73766033606233 61.16378154978386 160.28796692731052 215 221.4517484770944 30043.544983637672 6.865453843347041 29975.515748244903
204 1736.3083008269616 50.19039516590484 153.78007163915385 205 203.97046680505866 28744.07644585357 1.7198314435968314 28692.166219244333
206 1742.8878407408567 60.32602129716022 145.6368995593154 205 205.9629208564756 28742.11696678574 5.321123145742376 28676.4698223432
111 902.7084104060551 58.454811458724315 158.7778341514455 211 217.23264561016984 29601.14260220167 4.452532274571013 29538.235258468674
0 0.08601686408915786 71.5377643701722 185.4524112197265 249 256.99017558989874 30510.878863072332 99.898755802299 30339.442342900198
25 106.2491668312449 62.670050709296376 163.1574522045247 225 225.82750291382106 30406.07144273078 48.99639392032164 30294.4049981015
183 1562.9000745229876 56.566501574142706 154.0669210417104 207 210.63342261585308 28958.04477152675 0.27266891401791327 28901.205601038928
22 75.24612396356457 66.24416624756309 173.02811454315759 231 239.27228079072066 30505.43586465381 58.89690572971381 30380.29479267689
116 966.7381667624762 58.5174142104304 158.60298678305165 213 217.12040099348204 29626.642436074457 2.98346909568545 29565.14155276867
185 1574.552609082128 63.60529574032031 153.50979990020193 209 217.11509564052227 29020.710418880142 0.3999999999996362 28956.70512314019
55 402.531994690263 58.729138879878846 160.77565908704193 219 219.50479796692076 30209.44456129801 5.496800652534148 30145.218621765947
127 1097.0088401726205 54.3596501788195 157.44464441323373 213 211.80429459205322 29530.25187803137 1.2260166291773658 29474.666211223703
165 1409.1184736992295 56.93637275786621 157.24791625595074 211 214.18428901381697 29224.549944165166 2.174149372537613 29165.439422035106
202 1725.8723271892625 55.92510240078974 153.61293450198815 209 209.5380369027779 28908.88934543111 1.2617295736040433 28851.70251345703
26 107.5600080424653 64.98428307402989 171.50893635545 229 236.4932194294799 30541.147700436934 42.2478875977248 30433.91552976552
146 1272.7697946129024 60.0046780184239 161.0305691970096 213 221.03524721543351 29396.250547642157 0.7090124377352822 29335.53685718634
73 557.3319685601491 59.80545749669862 164.30581042620662 219 224.11126792290523 30117.51877207285 3.0535343343676686 30054.659780242142
203 1731.4425368585505 53.5388018791995 154.24300588496 211 207.7818077641595 28967.173063319424 2.474380404680687 28911.159881035856
104 860.9598460551796 62.62546194061209 160.49609831739755 217 223.1215602580096 29839.37419351334 2.9309259088217914 29773.817805664254
166 1413.5315652636336 58.74553096737872 157.62735572322117 213 216.37288669059987 29288.476116142097 2.5552924087999145 29227.175292766242
37 214.573214737517 62.805637668534786 166.8582185573296 225 229.66385622586438 30495.120955608814 12.195495933206729 30420.119822007455
173 1462.7005793882252 56.627214076743044 159.21750317897897 213 215.844717255722 29254.418286678145 2.184846444588402 29195.60622615716
147 1274.2311718294484 60.70048416252171 165.02073617942443 215 225.72122034194615 29453.93190721825 0.7935704256167355 29392.437852630486
56 403.68861843742 57.35577526294832 166.08391804098716 223 223.43969330393543 30336.563729943184 5.997102373698738 30273.21085230681
126 1096.8442369586871 57.28493034498123 161.2314400975326 217 218.51637044251385 29656.609722935722 2.1427136423976663 29597.18207894871
179 1536.3392161000347 56.58525044815449 160.35999996604514 215 216.94525041419965 29236.609543489918 0.7812748021394782 29179.243018239984
145 1267.549057375656 61.97646360286438 158.3382477128865 217 220.3147113157509 29510.169434064148 2.1366271533843246 29446.056343308297
136 1202.533364750172 53.52964206749685 163.46623875262114 219 216.99588082011797 29611.57993041486 2.364179674121715 29555.686108673577
138 1210.8126879975107 57.24782507379645 164.8044807974582 219 222.05230587125467 29605.267613269003 2.501395391371716 29545.51839280419
189 1628.7088750344237 60.204715723255966 155.36629099933057 217 215.57100672258653 29201.015423635927 0.449276797950688 29140.36143111509
160 1368.6412678757226 57.337923247161406 165.19896450044374 219 222.53688774760514 29469.833851814616 1.9747936065434715 29410.52113496126
61 428.9067511406686 63.75653342539373 167.69273090156196 227 231.44926432695573 30414.510966268066 4.279528092084263 30346.474904750976
153 1311.58220652704 61.23048956519303 167.42057002143423 221 228.6510595866272 29553.735927899957 2.6353416124516116 29489.870096722738
80 612.4323411016157 58.554501542280185 167.25618958494314 227 225.8106911272233 30262.749125142192 3.739621146174386 30200.455002454095
172 1455.5496623499157 61.4799484473158 169.04013125329033 223 230.52007970060617 29469.573588443658 4.271047251247182 29403.82259274547
45 343.89904989898133 59.92555786880318 178.2763840569319 233 238.20194192573507 30584.641320566465 3.8616139247920955 30520.854148773185
190 1654.697653222513 66.98506144688153 166.28118675078028 223 233.26624819766187 29286.393978036005 1.5672818432472013 29217.84163474631
164 1394.6923189381243 59.84440516752975 172.9572913913122 225 232.80169655884197 29549.32458147933 2.167323134922981 29487.31285317727
170 1434.7188904185189 63.46020224835392 165.61254395240644 225 229.07274620076038 29517.887757609584 2.2186886110062005 29452.208866750607
158 1365.5517237496206 66.19972113636463 166.75046391756902 227 232.95018505393364 29603.83583270143 0.6505436698828362 29536.985567895612
43 318.40897803335133 67.83744263258374 174.9678556278813 237 242.805298260465 30662.37374856471 10.807634252527862 30583.728671680023
129 1133.442820115501 62.89622338935091 174.0886952202898 231 236.98491860964072 29864.48833608205 7.874055712708014 29793.71805698037
94 776.6906997757156 68.68638070884225 175.77355485095885 235 244.45993555980107 30235.82065058176 2.480416503419292 30164.653853369917
95 778.987643680188 64.90965343576526 176.52710880120782 235 241.4367622369731 30234.885337362462 3.2978220247247236 30166.67786190235
98 800.7145787613341 64.9362358029554 179.15889932309776 235 244.09513512605315 30216.254046175 1.2624704326465235 30150.055339939787
169 1433.2441911251458 60.81363201175847 176.67137894251263 231 237.48501095427105 29589.964114790106 1.7431984956799624 29527.40728428308
91 728.4321150777783 61.251186732780425 174.25829231511125 237 235.50947904789166 30301.79019197148 1.7805286838864731 30238.75847655519
50 376.8413298438664 67.84908682606748 178.41990422053408 241 246.26899104660157 30656.451499794948 3.721412192537514 30584.88100077679
63 469.27239904399596 62.86926292579148 180.66404806776814 241 243.5333109935596 30570.172902138176 7.76485977021423 30499.53877944257
118 981.9535579975842 65.66541568894071 179.2726614199954 237 244.93807710893608 30061.990255030585 0.44844397299880256 29995.87639536905
209 1774.96726095418 65.79685421638236 172.9466853748267 233 238.74353959120907 29276.527320096226 1.1865550867241836 29209.54391079363
176 1488.0793042771538 63.794443530803434 177.62595825884267 235 241.42040178964612 29564.89945406083 1.985450923051303 29499.119559607367
83 630.9586535153512 66.15610103464483 178.63917513974036 243 244.7952761743852 30427.285301090546 3.9124782395515467 30357.216721816767
21 70.75445318973841 73.49495770096433 189.48246003878148 257 262.97741773974576 30988.569095986768 64.63680738009802 30850.43733090611
199 1704.6799481226008 68.59637363007647 175.79596554871864 237 244.3923391787951 29357.582485697665 2.0486500217052708 29286.937462046357
155 1341.6618884159473 72.71409508219094 177.93021339428643 241 250.64430847647736 29722.524437624146 2.6981163593600286 29647.112226183082
