# Cpu scheduler: rr
# Quantum: 0.5
pid arrival_time cpu_bursts_time io_bursts_time nbursts bursts_time tat ready_wait_time io_wait_time
100 1.9877988169375413 43.747910715217024 29.727987054876543 5 73.47589777009357 154.3650925021679 75.5613914769382 35.0557903100127
103 30.889596460547995 51.98740893586367 34.672190309449505 5 86.65959924531316 299.47669900106706 93.38036563789915 154.10892442730423
104 35.37567474177192 54.55681142138036 54.04616968645882 7 108.6029811078392 358.0789705110185 80.75338434708385 222.76877474255429
102 30.163644339682918 80.50271895628978 58.42618261691095 9 138.9289015732007 513.3553683419041 101.39521558707058 331.4574337985437
101 21.012145604235812 82.64842171206999 64.95676873503587 11 147.60519044710585 564.7060477828344 106.89832319195895 375.1593028788054
4 56.264996127630624 47.97026173268905 131.094016586708 173 179.06427831939706 11598.945529460192 34.03129656886812 11516.943971158644
1 25.896274196880974 50.0650612766674 135.93884202917857 183 186.00390330584605 11931.141313670252 42.642845000675536 11838.433407392902
14 135.9040864330902 47.05231263424353 125.79620352560072 167 172.84851615984425 11916.392910695338 7.203441412393744 11862.1371566487
46 476.36838098514204 45.71855182493741 119.83715713836918 163 165.55570896330659 11885.006339609447 1.449469370766451 11837.838318413744
49 502.05369711053197 45.89319744770245 123.95373988113462 165 169.8469373288371 12059.895666569517 0.11108110546274474 12013.891388016349
26 234.4574378865944 52.20309919778653 122.92867559322671 171 175.13177479101324 12342.246262415973 2.5379055674541746 12287.505257650737
12 122.47115966999915 49.48164967058759 127.85699597935616 177 177.33864564994377 12629.170541633343 4.167729862085864 12575.521162100673
36 383.0581699619917 46.21651036335247 128.56784279941067 171 174.78435316276313 12386.083529169418 0.3957776732793832 12339.471241132787
17 152.02579720142975 48.316139809390464 131.06508068516004 177 179.3812204945505 12669.449557098938 7.1949379943344525 12613.938479295213
16 144.10599037390398 44.010171605995936 134.22619217837848 179 178.2363637843744 12765.128628063163 4.163748194384084 12716.954708262772
2 36.948815270584205 52.780616244438114 143.6931802070439 195 196.47379645148203 12988.48126762229 40.56501732615954 12895.13563405169
37 394.7676278441951 45.42838149509044 126.74193371338582 175 172.17031520847627 12664.557710469018 0.858785924104609 12618.270543049826
74 711.8762275368866 48.84208168498562 128.74157382623 171 177.58365551121562 12572.026781336843 0.0 12523.184699651854
0 1.9877988169375413 63.16095241851337 160.98713597657138 215 224.14808839508473 13316.960037046048 50.684477793728476 13203.114606833806
39 400.6711115058301 48.5203374529187 137.1491518860857 179 185.66948933900437 12926.522798341926 0.48415943808993234 12877.518301450915
73 700.0972910958791 44.97653247982764 128.3340248345013 173 173.3105573143289 12704.41049342935 0.0 12659.433960949518
44 443.7842121652051 48.843110766022676 130.3771552547262 179 179.2202660207489 12968.843582036754 0.8540041199133839 12919.146467150815
30 276.60694924299696 49.69893194762155 137.82534125529062 183 187.52427320291218 13144.041357789916 3.253797911252434 13091.088627931036
99 1004.8907739995759 45.67896169242388 126.45356012935544 169 172.13252182177933 12458.270607243128 0.23449190226051542 12412.357153648441
32 322.5721943997926 50.3898887204026 135.97060281572286 183 186.3604915361255 13176.318133454355 0.9727707246382806 13124.955474009317
89 885.0254986403947 44.15994295122173 131.0105211707366 173 175.1704641219583 12710.587482087753 0.0 12666.427539136532
5 65.14781130425665 58.355137127990986 146.397837844831 203 204.75297497282196 13628.994342945572 34.18434403737368 13536.454861780208
20 173.10237126844183 50.43142083611901 141.70531025798917 191 192.1367310941082 13591.162324350214 1.2918711603192037 13539.439032353774
52 541.7169300757461 50.75745197961789 139.12540720515884 183 189.88285918477675 13247.50620775959 0.8170714715189433 13195.931684308458
54 581.214815506021 45.88712007690896 137.5759254146136 183 183.46304549152262 13249.81574431968 1.9384419599448393 13201.990182282825
10 108.4534532929158 56.30200642430711 145.93687762470745 195 202.23888404901453 13732.644588909388 5.960334263773689 13670.382248221304
67 680.9292782248517 51.36685122724769 129.92630847323426 181 181.29315970048197 13168.367846013496 0.0 13117.000994786256
80 786.3605456768532 47.754478033978906 132.971893909126 179 180.7263719431049 13064.54738542743 0.3779134409699054 13016.414993952485
3 56.167037009183275 60.49043437971294 154.58891756637001 205 215.079351946083 13865.709724218217 40.60434191841351 13764.614947920087
6 80.06114162861124 55.958310778545176 151.11926007972477 203 207.07757085826995 13872.753165981216 22.603579366845096 13794.191275835827
43 424.15081321242025 52.62537566540843 147.16043681832357 189 199.785812483732 13550.613761251321 2.3555261177024818 13495.632859468209
45 459.68033502193725 54.6855677937123 134.08085353356924 189 188.76642132728156 13549.005552140028 1.1553015692828694 13493.164682777033
7 96.78367462232625 50.54450054383868 150.72564252331273 199 201.27014306715145 13926.424055962028 12.632255910753315 13863.247299507435
25 231.9884610547464 53.79684941479078 151.00757094415354 195 204.80442035894433 13835.796740451518 3.601353928726212 13778.398537108003
82 796.9505358059216 53.70226063757938 134.51000218778884 183 188.2122628253682 13280.71677079902 0.0 13227.014510161438
86 851.8012895743178 45.65777706496282 134.04571753702945 183 179.70349460199228 13275.298640991005 0.5314485216717912 13229.109415404371
93 933.4679961227782 51.29043651964512 135.76565857407707 183 187.05609509372215 13250.079448342665 0.0 13198.78901182302
22 187.5706219522878 50.95383890173366 148.58413202501387 199 199.5379709267475 14003.638367805937 1.4051676404359341 13951.279361263763
77 723.7220479733734 54.657141462562386 144.4937705154462 187 199.15091197800854 13486.552517783282 0.0 13431.895376320725
85 851.0943244425067 51.973877553855864 141.4804836699077 185 193.45436122376356 13370.791324580736 0.46686572768874157 13318.350581299193
38 396.7432297474095 54.60947536230043 143.3823893433772 195 197.99186470567764 13828.917133196306 0.6646459601211063 13773.643011873886
40 403.4365939741665 52.390574667115494 145.2542904338586 195 197.64486510097413 13825.662638139573 0.7258798836993492 13772.546183588758
56 583.9493982670863 53.10141366880474 144.17648759882192 191 197.27790126762665 13664.718062888818 1.7687951199839063 13609.847854100031
97 979.5429904080709 53.65241487189709 136.68179826804297 185 190.33421313994006 13327.74135472845 0.0 13274.088939856554
70 689.772337638297 48.24924435763835 135.44389583702363 191 183.69314019466196 13663.37942423589 1.6665928026031906 13613.463587075645
21 178.36109656807707 54.90747980221986 153.92662733208147 203 208.83410713430135 14186.966245966174 2.604131417799522 14129.454634746156
94 955.9985837403532 52.48290417167574 138.83087236331644 187 191.31377653499217 13419.05450529308 0.4212479833265661 13366.15035313808
95 963.0768032599075 51.305506009666416 141.28497029408493 187 192.5904763037513 13416.347305079507 0.2892493446205435 13364.752549725226
15 136.1748886620765 51.64262552547839 153.74926895672905 205 205.39189448220742 14251.28851819677 5.220805779456725 14194.425086891835
41 406.33426937002474 50.97003916929677 151.31728625077326 199 202.28732542007003 13993.689666435059 1.0980020004924427 13941.621625265268
66 672.220459285779 54.131733581799736 144.10722264064754 193 198.23895622244726 13746.066311331846 0.5 13691.434577750053
19 168.43488137869144 63.920810854773315 155.33042710676273 205 219.25123796153605 14278.460892619314 1.4107628917997204 14213.129318872741
96 978.2553880287302 57.95617522590867 142.0658458029805 189 200.02202102888918 13486.883488337786 0.0 13428.927313111873
69 689.407686102414 56.52180774172298 144.58187797917313 195 201.10368572089607 13817.262417943153 1.0008919312422222 13759.73971827019
71 693.3164582914136 56.379548888121214 146.68594573670543 197 203.06549462482664 13889.343470878357 0.1351200493528495 13832.82880194088
84 822.0258879119517 56.831769383556725 139.4852644162767 195 196.31703379983344 13773.443298469974 0.0 13716.611529086418
64 663.2257838084199 55.76942354707379 149.5062212536432 199 205.27564480071698 13966.287852670072 0.0 13910.518429123007
79 768.8367190060353 53.40970637416688 150.7424943883666 197 204.15220076253354 13864.368592047878 0.0 13810.958885673708
24 231.76547060300456 54.301470190712514 153.53224046207936 209 207.8337106527919 14407.381987172057 2.5044355933272016 14350.576081388015
13 126.56684281311485 61.24449823237393 156.57966799172476 213 217.82416622409863 14546.88094566069 6.936060503768445 14478.700386924555
87 878.3797940852654 57.05228003226233 145.61613740206178 197 202.66841743432408 13813.377740688304 0.09588599346898263 13756.229574662579
65 667.7566982576188 56.41942416253727 152.00786925150643 201 208.42729341404367 14029.726998021546 0.10141495759478403 13973.206158901412
11 117.22105983104683 64.52040308915062 158.05990106239332 215 222.580304151544 14591.336982362214 6.419057855252447 14520.397521417814
50 517.4774964284545 54.749562144732145 152.33200752204942 205 207.08156966678155 14204.688045175613 0.0 14149.938483030883
31 300.4942943906233 61.2287314978797 162.23251312615344 213 223.46124462403316 14496.828499850943 1.1664872461988125 14434.433281106865
90 917.3855715985519 56.56151630460024 149.70316257055393 201 206.26467887515417 13897.407694975262 0.0 13840.846178670667
91 927.9289671700965 54.73712990609461 151.8240086968898 201 206.5611386029844 13892.472353307612 0.08087469425333893 13837.654348707265
29 273.55447858247584 59.364505759608804 159.59396038773252 215 218.95846614734137 14556.333172329108 1.7062903300404173 14495.262376239456
75 714.6938017775279 59.966230013273076 152.73209004563205 205 212.69832005890513 14120.208073206348 0.0 14060.241843193073
48 489.22726904012603 55.114368208732046 160.06687091840422 211 215.18123912713628 14367.317011925637 1.2069335467115252 14310.995710170197
60 618.5713022404606 61.363817936537586 155.0633761473241 209 216.4271940838617 14259.839594649009 0.12326254990955476 14198.352514162561
98 983.2717492902445 59.09482527136569 155.91719547186378 205 215.01202074322947 13947.946920321176 0.0 13888.852095049811
62 658.0119107613441 59.53540350302122 159.961588879628 211 219.49699238264924 14282.119082425768 0.0 14222.58367892275
92 932.4862914732589 56.015817177472506 154.92554429204745 207 210.9413614695199 14027.37240512936 0.0 13971.356587951885
72 694.9154088933607 58.279184810156586 157.9514544625663 211 216.2306392727229 14267.006365021094 0.5 14208.227180210937
33 345.6813695728652 54.148801255230346 161.09057268229142 219 215.23937393752178 14617.286822840191 0.8373987608697462 14562.300622824085
35 373.2683005321779 57.51981255885744 162.48948120246354 219 220.00929376132095 14595.56762755023 1.5437740369137032 14536.504040954458
23 214.59824483288875 65.11678422455967 162.66301281643652 223 227.7797970409962 14761.284931102758 3.7411609030368425 14692.426985975162
58 593.4160261131842 60.56852723298247 156.49516279174387 215 217.06369002472633 14398.038966862763 0.0 14337.470439629782
42 419.52197059351164 57.57907834002415 160.05150510539514 219 217.6305834454193 14572.928280054133 0.9009858423296464 14514.448215871786
27 240.8964484377665 62.338188896126844 164.2924937074037 225 226.63068260353054 14790.492009806278 0.9887435430666187 14727.165077367086
9 99.87751757500831 61.009894629325444 178.9934542687137 231 240.00334889803915 14940.797497876447 7.095611351601065 14872.69199189552
53 572.6033333626075 60.66531137382726 162.52719010072587 219 223.19250147455313 14470.376441237064 0.6466580020274932 14409.064471861213
88 882.2011914438194 54.615894656583585 155.59590070551442 213 210.21179536209803 14169.446701282723 0.0 14114.830806626136
59 602.7964452638982 64.15750762527429 163.9963837657969 219 228.1538913910712 14456.8789859754 0.9014253990397947 14391.820052951087
81 795.6816049368647 59.03406365671017 159.0899880056521 217 218.12405166236223 14284.348747305981 0.0 14225.314683649265
51 540.2635923736773 64.86289334660697 165.38645395141043 223 230.2493472980174 14546.16849908747 1.237004110816315 14480.068601630051
47 485.0717552713059 65.07204404564071 169.39330375326182 225 234.4653477989025 14610.464329532568 1.6127799879109261 14543.779505499017
57 585.1877665858386 55.69107521448457 164.00652751861793 223 219.69760273310249 14513.847745289366 1.6793211758301823 14456.477348899056
18 157.63993852048014 63.95419603913092 174.77660749780645 233 238.73080353693734 14943.23917918176 5.05569582504188 14874.229287317588
83 798.0902918499369 56.03417985995308 164.2456117311953 219 220.27979159114844 14305.554625834702 0.008040653076818671 14249.512405321666
76 721.0539564140819 61.93736432127825 165.3404347345119 223 227.27779905579013 14401.97525823941 0.2990720325418579 14339.738821885598
68 685.942745023317 62.71279204897863 169.28392631955788 225 231.9967183685365 14445.72670469047 0.0 14383.013912641503
63 658.7803190242349 57.90300660145639 163.0299872710799 227 220.93299387253631 14482.285433564612 0.5 14423.882426963148
55 581.9765356574368 63.67629906235802 173.36886143399255 229 237.0451604963506 14560.142232133347 0.735665981976581 14495.73026708901
34 352.08679818361566 65.61991972343984 171.39739666424708 235 237.01731638768695 14792.852385347052 1.393445662196882 14725.839019961413
8 98.35694154196075 71.68239648494169 189.95218640880668 249 261.63458289374836 15065.769303440466 16.25418971199022 14977.832717243533
28 255.54347253071475 64.1115159595036 185.96701102618277 245 250.0785269856864 14911.654167320416 1.823462941287687 14845.719188419622
78 751.3692625954517 75.45675224504808 187.32647743181823 253 262.7832296768663 14446.683575226185 0.3103451686073413 14370.916477812525
61 628.5798362533924 79.64879827446583 195.8424103217776 267 275.49120859624344 14582.025364918667 0.12309882632962399 14502.253467817873
