# Cpu scheduler: rr
# Quantum: 0.5
pid arrival_time cpu_bursts_time io_bursts_time nbursts bursts_time tat ready_wait_time io_wait_time
100 14.754344455461826 60.27060518098753 40.52533519689957 7 100.79594037788709 367.3695160687623 91.02704951977734 216.07186136799743
103 33.73399426121271 61.11565632750795 61.45273536052598 9 122.56839168803393 580.4742750028792 94.63116712523431 424.72745155013695
102 24.636580795471918 99.45504165022193 97.37009307052575 13 196.8251347207477 992.3613493401461 136.2345093405566 756.6717983493676
101 14.793905268547944 130.48550203040372 121.92589428684633 17 252.41139631725005 1235.193347982422 121.23527200327617 983.472573948742
104 34.17453049447093 134.1415299154794 116.13221862345517 17 250.27374853893457 1291.7882956201533 127.5303482536639 1030.11641745101
1 20.876461084434407 48.281364004760434 129.10117536280382 175 177.38253936756422 11879.911895898254 38.61155106033854 11793.01898083315
20 150.86061143121202 44.69517515758236 117.30859781496456 163 162.0037729725469 12000.301589266199 3.5437059583802295 11952.062708150237
59 637.2977810455776 43.36805276031071 118.06508672952091 159 161.4331394898316 11864.941574412362 2.219257957821469 11819.35426369423
36 261.44620865137716 44.74154790328148 123.51216862193337 169 168.25371652521483 12522.089167876979 2.8307095756229614 12474.516910398072
8 49.21317482653534 48.19378054852479 134.42854003054126 181 182.62232057906607 12886.522958398782 25.46546474454758 12812.86371310571
23 169.91596023645565 48.185840599795895 127.31150777847216 175 175.49734837826804 12900.731588091332 4.632581901867297 12847.91316558967
60 643.3154064374129 47.009457790652675 122.58969165059317 167 169.59914944124583 12449.370785781894 1.4114664536149348 12400.94986153762
4 31.864666027394634 49.031687621776165 141.16488346208666 189 190.19657108386284 13067.998143854482 36.194139189270494 12982.77231704344
21 160.5436546955041 48.28469695461363 132.82779153646763 179 181.11248849108125 13171.95746385157 6.761605900915015 13116.911160996036
52 547.709782671365 46.68810509866543 125.11370536826385 173 171.80181046692925 12861.832908653245 3.7977534064150404 12811.347050148164
31 235.09832204988544 49.53797816562836 128.66600330180802 179 178.20398146743636 13214.801995744987 2.6990415562512453 13162.564976023108
10 65.6432233667119 48.990548895472784 134.89317588840007 187 183.88372478387288 13396.426506118854 20.156959950520488 13327.278997272857
5 34.27328078021481 52.11716509267492 145.96947573384324 193 198.0866408265182 13479.069626677034 41.811208925651826 13385.141252658712
16 123.52481643584069 50.34654518802233 136.7649533705349 183 187.11149855855723 13391.665340160362 5.650127058772426 13335.66866791356
72 784.0149174409231 49.05338133471708 130.5589035634524 171 179.61228489816946 12744.577004304685 0.8309489809892057 12694.692673988979
29 229.9994691245586 46.81651962106076 133.9324398437073 181 180.74895946476806 13350.248187624802 3.9256180042988262 13299.50604999944
64 689.8676535570705 45.90992683098833 129.80613242352436 175 175.7160592545127 12990.809732579259 1.0607537397187343 12943.839052008547
68 753.3163822276007 46.043885669157746 126.56985671584376 175 172.61374238500147 12999.188758099563 0.6976508582266661 12952.447221572178
6 36.768121556388465 54.69398050659483 149.5560532804165 197 204.2500337870114 13738.561712038068 37.76763452210328 13646.10009700937
47 444.3305107366193 50.0996445437611 136.45250842878286 183 186.55215297254395 13490.316234728529 3.519667463884957 13436.696922720881
14 100.26301599005299 47.594764913997295 143.36818570348217 191 190.96295061747946 13849.317018370028 10.157240176879412 13791.56501327915
35 247.23291363938236 51.27625372041846 136.12735329397535 187 187.40360701439386 13732.481857538396 3.7554739632140013 13677.450129854768
7 43.3466351517654 55.50828621476154 153.07572453154003 199 208.58401074630157 13966.160079168305 31.21128404451126 13879.440508909036
46 435.55003640675966 54.86449380721963 136.9305147647189 185 191.79500857193855 13607.264282196596 3.351323795076837 13549.048464594298
50 480.8629932127675 53.51186624324996 138.53962067581438 185 192.05148691906436 13607.057381939003 3.9172844213631492 13549.628231274384
86 856.3761011892838 49.13269670410137 134.46947062107188 179 183.60216732517327 13232.99804012142 2.169954257366385 13181.695389159959
42 358.78027170626353 50.02263032629541 135.92210523800543 187 185.94473556430086 13732.272330336156 6.157734708653663 13676.091965301202
22 162.66667931953074 53.95767150247376 141.57872507691454 191 195.53639657938825 13944.582565092605 6.454992382594071 13884.169901207539
93 937.9586503963786 50.581176705398214 133.4764011797503 179 184.05757788514853 13203.275643737394 0.5167747589607643 13152.177692273037
28 225.75696133872208 54.989527289379346 146.87209701832688 191 201.86162430770622 13961.183150254401 5.073597132367098 13901.120025832657
66 695.18243792043 53.2032782078293 141.86306887494604 185 195.06634708277537 13592.704507774639 3.4630301696581682 13536.038199397144
92 908.933871734222 53.88756839816243 136.0196675879859 183 189.90723598614832 13423.160292964812 1.0117398934384028 13368.260984673214
0 14.754344455461826 59.607241361128345 156.90067710851233 217 216.5079184696407 14326.673503081041 45.496640362101544 14221.569621357812
40 303.08546516579094 52.964460413196555 144.10580171226022 193 197.0702621254568 14053.349443566885 2.9921837568301157 13997.392799396863
12 90.23444336430188 56.21219594262683 149.11073185284624 201 205.3229277954731 14351.147225051645 11.13071124493463 14283.804317864084
3 27.663111138600193 59.1551001412774 161.41466137501007 211 220.56976151628746 14415.066919836961 37.72151048014035 14318.19030921554
70 772.4912287176313 53.12606081478302 141.69759350647897 187 194.823654321262 13678.786163735313 0.984748207225266 13624.675354713307
26 217.1336295580252 53.72704488969123 149.11286456265594 197 202.83990945234717 14253.42998984915 5.0303312868265095 14194.672613672628
76 810.5887275029496 49.601679135609395 140.32335873483294 187 189.9250378704423 13661.390472969342 2.9870400482404875 13608.801753785503
27 219.82130576458152 50.78465956144596 147.60645126393686 197 198.39111082538284 14265.302604038336 3.67808445289279 14210.839860024007
71 779.2563263495804 49.789152452460186 144.67879733445906 189 194.4679497869192 13769.257306818083 0.43759733779211274 13719.03055702783
9 62.67496434502955 58.04329178526386 154.87924479353566 207 212.92253657879954 14563.461925678264 25.7387593227822 14479.67987457022
17 132.1316099419321 60.18194216518805 146.70904173501552 203 206.8909839002036 14510.843554822495 5.515281336472185 14445.146331320839
30 230.13507123311902 52.11364207115694 151.75435594286336 201 203.86799801402032 14441.22761476733 4.115015906451703 14384.998956789714
83 832.3364308252084 53.14781245605095 145.52310409911308 191 198.67091655516407 13842.489479150241 0.6897333604670166 13788.65193333372
51 521.0058545892293 56.84084223847171 148.98611069382088 197 205.82695293229256 14198.635846056794 2.3049518828295277 14139.490051935489
39 290.1530501138 48.6272281282579 152.60314536044135 201 201.23037348869923 14430.962959312385 1.7859309094889682 14380.549800274632
73 793.4005698953532 59.949520700579654 140.66950708636998 193 200.61902778694966 13929.867892259428 1.1948874738895938 13868.72348408496
2 23.577644980088802 62.1309374174236 159.18136764592174 219 221.31230506334532 14728.900361063555 48.44624513229009 14618.323178513841
81 825.4590205920143 53.697537446917664 144.3075705887718 193 198.00510803568943 13928.564740012158 2.8123090488245452 13872.054893516417
54 594.9124735234097 51.32120788290526 145.89524446917125 197 197.21645235207654 14166.941694629511 1.9435006675533941 14113.676986079054
32 239.58072054738673 55.359840624814765 148.66205459468205 203 204.0218952194968 14528.759723449431 2.4452641238200385 14470.954618700802
87 859.0138560294884 52.449790419037534 143.46298588876874 193 195.91277630780624 13910.930729674656 1.8788653813992369 13856.602073874225
19 141.70512129113854 55.771521313390295 155.0908773484732 209 210.86239866186355 14732.86544785657 6.2524780782337075 14670.841448464942
94 959.848011729327 54.49713397156964 148.41481651806288 195 202.9119504896325 13919.670722901154 0.6994966098812938 13864.474092319704
98 1018.6809631973227 52.11642500318419 144.5362189075462 195 196.65264391073038 13884.225021225846 0.0 13832.108596222664
74 796.9757077555503 55.28916972763972 145.94400145448037 199 201.2331711821201 14139.044224234465 2.346901161274218 14081.40815334555
18 132.67299057146826 55.556230043859 161.0540627314933 211 216.61029277535232 14805.255338135488 4.360318603341483 14745.338789488285
41 353.79626348055126 54.44268137198837 156.81607130026143 207 211.25875267224978 14613.52077985261 2.614416067294542 14556.463682413323
56 608.9196717958084 57.435920186384394 155.59002311824062 203 213.025943304625 14363.927388462536 1.7333942827021929 14304.75807399345
57 617.8446199603259 55.83464886999222 148.15991573949594 203 203.99456460948818 14365.151003552437 0.828519653178887 14308.487835029271
99 1034.5205395186304 53.232633325640215 148.02258212970617 199 201.2552154553464 13996.713484189666 0.0 13943.480850864018
11 78.23442496958994 56.856808115255326 158.28538991989726 217 215.14219803515255 14962.315559823763 17.332640081885444 14888.126111626616
37 262.0326159916759 62.060006751541124 158.56917111387324 211 220.62917786541436 14785.825738101395 3.6412461798372533 14720.124485170018
24 177.54847361407383 54.964977138018696 154.78060228087 213 209.74557941888867 14874.675574693681 5.143955773875632 14814.566641781785
82 826.3861745382179 53.65982629683314 151.29340880829682 203 204.95323510512995 14253.43052722552 1.7341494807155868 14198.036551447982
91 888.2802030410502 53.88476698993755 151.31958562593013 203 205.20435261586772 14207.482823666816 0.7377935822537438 14152.86026309462
78 817.5795757869279 53.805060809130445 154.60559068801558 205 208.41065149714603 14303.31462384475 0.9418198635499948 14248.567743172072
80 824.0401104572376 54.77605498288922 156.3462301500171 205 211.12228513290637 14303.066042975253 1.6480906384878153 14246.641897353878
25 201.3221570155605 58.067650775112746 160.38329870758153 217 218.45094948269428 14955.353262184737 3.4755360160100395 14893.810075393612
84 834.092113854358 57.00549372692617 154.00049236430863 207 211.00598609123483 14342.4850779164 1.4882317485589738 14283.99135244092
69 754.2885448239521 56.92723066353646 155.11919804811544 209 212.0464287116519 14442.523118919893 0.9605152964445551 14384.635372959907
53 553.3050743930783 61.0579812501578 156.41272584669088 215 217.47070709684868 14696.116609055038 3.8332436490289865 14631.225384155856
65 690.052112602943 58.53759164428553 156.5037375754341 213 215.04132921971961 14563.041312954938 3.258082828329748 14501.24563848232
43 385.1885206818189 62.00491504005737 160.13318067962868 219 222.13809571968608 14890.808304200658 2.8835669404880946 14825.919822220112
61 669.2422182702835 60.08224696501454 163.69082899680802 215 223.7730759618225 14614.810172388117 1.727831701048558 14553.000093722056
96 995.5488407129699 56.6950525926843 159.53222759293106 211 216.22728018561537 14301.169135050683 2.014260514691955 14242.459821943306
85 839.1568101236833 55.47879530207749 154.25306319460728 213 209.7318584966848 14460.420017519906 0.8276538031929022 14404.113568414641
89 874.9172732945538 55.0098614715723 164.984978309977 213 219.99483978154936 14432.662382708459 0.16161527043618662 14377.49090596645
45 422.11217327405876 63.81035161898422 167.31011540761008 221 231.12046702659435 14898.118243732262 1.2316632550810027 14833.076228858195
75 805.0310999235987 58.530979205386366 156.02694160797245 215 214.5579208133588 14517.068884521124 0.422379251929101 14458.115526063812
63 688.1145364969302 60.296379140892164 163.3957397673696 217 223.69211890826176 14636.299761970255 2.686370364857339 14573.31701246451
77 815.5155265834624 57.93913803372376 158.5165282788505 215 216.4556663125743 14511.228572833657 2.384649276096752 14450.904785523839
79 822.0196001414294 55.439092228323645 155.31375129915384 215 210.75284352747752 14507.146321963106 1.6074868415765877 14450.099742893206
34 245.95082027312387 57.203246347490676 161.65339713674496 225 218.85664348423563 15088.520367692467 3.729694060928182 15027.587427284046
55 607.3545875597766 62.051275553752525 165.44722565934302 219 227.49850121309555 14728.82965173366 0.5639566764450592 14666.214419503476
95 982.1560593109917 57.16677040068781 162.4362735875264 215 219.60304398821415 14370.151493564736 0.0 14312.984723164047
49 472.86488135335475 61.288054515798656 162.64832830102605 223 223.93638281682468 14882.09394877086 1.7875757493806077 14819.018318505678
90 887.1537394585407 56.4572555085365 165.46339650163117 217 221.92065201016766 14471.397632331085 0.24738108358474165 14414.692995738964
44 401.43444746432004 66.38267446469588 165.56857265475367 225 231.9512471194496 14965.82650173942 1.7384074228505142 14897.70541985187
13 91.34424714290228 65.52207843486386 170.5147693639236 233 236.03684779878745 15277.93346397276 14.737920508062345 15197.673465029839
33 245.19712857563425 60.37387241151274 170.10402310248162 229 230.47789551399433 15129.737705693786 3.989383427432273 15065.374449854844
62 683.0257053027163 64.06406585919096 164.11004515906316 223 228.17411101825417 14701.37230738996 2.8714950526816665 14634.436746478084
67 745.0538489893312 65.9108688928377 167.64680099671372 223 233.55766988955145 14647.17513492128 0.3475478535013963 14580.916718174938
15 120.3445161713853 64.89134323973255 174.9506752958723 235 239.84201853560484 15274.573677813969 4.746870258029375 15204.935464316213
88 871.1483666739306 66.48626607262392 167.114337301987 223 233.600603374611 14529.142191826268 0.5078412947805191 14462.148084458859
58 622.0380084059069 64.43416962764833 175.9381112948767 229 240.372280922525 14784.941996301402 1.0943611826299957 14719.413465491129
38 266.71597803094215 66.17686891080648 181.09351353643513 241 247.27038244724162 15154.818975691378 2.3269225853574085 15086.315184195213
97 1007.6808547078203 66.7514821818771 190.9003963886142 255 257.6518785704913 14453.006074012232 0.635903968612979 14385.61868786174
48 447.4772356127694 74.50494994357582 200.28715987603246 267 274.7921098196083 15016.156365670506 3.4915484416357003 14938.159867285285
