# Cpu scheduler: rr
# Quantum: 0.1
pid arrival_time cpu_bursts_time io_bursts_time nbursts bursts_time tat ready_wait_time io_wait_time
8 89.05598049656986 34.34428096034222 17.652588379282804 3 51.99686933962502 294.56464279647463 222.453347667757 37.76701416837207
4 25.84096102672502 64.2295904698828 43.717322694186095 7 107.9469131640689 646.1616260670672 244.7188173495909 337.2132182475849
3 15.440339464237244 87.89372647288846 59.61292736856591 9 147.5066538414544 883.8529509124121 259.41636451934505 536.5428599201654
1 8.870494583824275 90.69239742615977 76.05210106211666 11 166.7444984882764 929.0220913000517 295.2649462833756 543.0647475905035
15 125.25607625743908 81.09761467065464 72.14673346879405 9 153.24434813944868 915.5269096953997 210.3692241798248 624.0600708449206
6 32.2136683146836 94.58387822988382 96.55335592646608 13 191.1372341563499 1312.9682150682488 259.2533553797582 959.1309814586265
2 11.604581699000672 119.15135126376737 104.00379565058653 15 223.15514691435388 1564.645348192878 299.0143372899157 1146.4796596392248
5 26.720136374054764 150.81670513098243 124.84273807938709 19 275.65944321036955 2010.4672473442058 316.26003628118934 1543.3905059320814
17 128.42943539947723 146.9494691611944 161.79929665175257 19 308.74876581294694 2296.608724133744 254.11193603224106 1895.5473189403617
13 113.81905753018528 160.26656720687038 137.6443777865711 19 297.91094499344143 2403.9783192046325 273.9203683318066 1969.7913836660186
73 855.4792024965228 37.94527473621185 100.07653745591304 135 138.0218121921249 19824.784350840728 2.942691096456315 19783.896385008087
19 176.02173486393394 40.70010196222199 109.73254859453358 153 150.43265055675556 21212.860413324433 32.81628986235353 21139.34402149992
137 1457.1236181173786 37.82176983440334 100.90766429188956 135 138.72943412629292 20083.432126375763 0.7778293399460381 20044.832527201466
11 95.78602126294055 43.10694369015004 124.89726654136237 171 168.00421023151245 23360.523628901676 37.2567879339161 23280.15989727772
69 788.9895105303701 42.97127627389272 116.07098381319997 155 159.0422600870927 22789.763790551133 2.336976052107957 22744.455538225233
124 1356.5953364776342 39.463587318566496 122.6450366247613 161 162.10862394332779 23875.849987002475 0.5375921749216559 23835.848807509148
16 127.4033449674645 51.52047287080096 136.54896765854232 181 188.06944052934327 25130.079697422832 37.55947904852988 25040.999745503643
18 159.54597616617522 51.80201903547639 131.17471880604603 181 182.97673784152244 25336.42032140418 38.907841816999934 25245.7104605519
7 73.67672213025384 48.078547064051875 143.2102783760076 189 191.28882544005944 25428.565780653877 42.52309669291938 25337.964136897033
116 1170.024858932648 44.79734670716104 122.76348533715287 165 167.56083204431388 24408.79157490716 0.0 24363.99422820014
87 935.6529853699851 48.3673748260207 131.67810944489207 169 180.0454842709128 24883.7697491843 3.568511681992163 24831.833862676496
10 95.41067402413836 53.892799756306935 140.03996618788267 189 193.93276594418967 25818.29069972796 35.927596798510436 25728.470303173322
26 267.83676741910983 50.389765779513276 133.58387135930326 179 183.97363713881654 25685.321347233352 21.284029853712525 25613.64755160034
20 189.57693187653817 55.08762878144819 142.62874682279778 185 197.71637560424597 25971.2548641401 31.114840289233285 25885.052395069582
101 1022.2276138160342 46.65065854500843 128.34508807528508 171 174.99574662029352 25184.270627797094 1.2399198499495014 25136.380049402313
50 534.8968938491355 47.590973170326684 134.12945291145945 177 181.72042608178612 25786.44877643403 5.753190695563831 25733.104612568313
180 1817.7368061161603 43.15557686727535 122.90464082216926 165 166.0602176894446 24509.33173134715 0.4837355390156972 24465.69241894102
12 101.72890175725878 48.95164977567588 140.1593354523733 191 189.1109852280492 26234.939357978288 25.34899721803393 26160.638710984767
132 1411.1515841945018 47.47274143194524 126.44754306926066 169 173.92028450120588 25040.02011196652 0.0 24992.547370534772
119 1209.1201932327626 43.693855479038646 126.70616193669018 171 170.40001741572883 25255.515270363274 0.21868922514659062 25211.602725659228
108 1102.76786052882 51.28429558455945 130.216571291127 173 181.50086687568643 25497.762106860584 5.192929366158751 25441.284881910084
83 920.301290925346 48.87568835994932 130.88584942061223 175 179.76153778056153 25711.007287460154 1.6388181252727918 25660.49278097509
21 201.90787720579593 51.23910997315579 139.76289534480958 187 191.0020053179654 26455.943004377816 34.61287148291257 26370.09102292196
42 462.6890318547697 45.65239309883563 138.41974860559725 181 184.07214170443288 26306.879232474086 4.748887692858261 26256.477951682566
29 286.31923682038246 50.54988166391994 142.77746528304607 185 193.32734694696597 26542.671819295323 13.13219283445261 26478.989744797127
109 1112.888194074703 49.80485954585933 130.27727945594438 177 180.08213900180368 26031.23909565114 3.2489484600178002 25978.185287645458
39 409.2000471461694 49.22216692490739 139.00923474945458 185 188.231401674362 26741.695415524275 10.023821268857546 26682.44942733065
68 730.4049950276726 50.40693119973228 134.08651066782065 181 184.49344186755292 26483.70706409035 1.3042725076973056 26431.995860383093
92 980.8999918676067 46.702046834195805 133.55563530875386 179 180.25768214294968 26264.577008770153 1.541578329804679 26216.33338360632
98 1003.7034501209314 48.57246955267985 126.28715330626632 179 174.85962285894618 26268.622945096697 2.527455543632186 26217.523020000564
139 1461.3521841900322 51.69852682403689 127.81479060457383 175 179.51331742861072 25830.66539381372 1.7565619071847323 25777.21030508273
102 1037.568210820551 49.33512426110011 137.2417180939173 179 186.57684235501745 26259.510489786222 3.1136499270876357 26207.061715598247
170 1729.3098816731124 47.84151672945362 129.99233105035958 173 177.83384777981317 25577.588225498024 0.38502215848711785 25529.361686610242
37 387.1638566559559 52.15882130225557 138.86690388872034 187 191.0257251909759 26961.492776162362 9.03218833452837 26900.301766525787
208 2108.300365846276 45.0994596495768 131.01509607065077 171 176.1145557202276 25292.37249094562 0.2274880818767997 25247.04554321435
110 1113.1541840523996 51.27172214119911 132.94619430979887 179 184.217916450998 26296.356109284287 3.502050714647339 26241.582336428655
52 552.0773226695917 49.669289522821664 140.87415626395824 185 190.5434457867799 26906.22347955206 3.1245890591508214 26853.429600970303
89 945.4153486197561 49.96680272223376 137.11345661366937 181 187.08025933590312 26528.99122613889 0.8668125264077844 26478.157610890452
84 925.8446325116414 51.40147029924971 141.5522928101009 183 192.95376310935063 26751.513841733762 0.9400488797692788 26699.172322554998
0 8.870494583824275 70.0319923424169 177.15761531902177 231 247.18960766143869 27712.39891499647 80.51100447532451 27561.855918179022
40 428.8819185284644 58.88595824111694 147.49985771951188 189 206.3858159606288 27297.636449242833 6.21220003306513 27232.538290968903
193 1937.1069536447596 43.66902806615301 130.10712460000812 175 173.77615266616112 25820.163238811372 0.6999999999993634 25775.79421074542
135 1453.6008923987076 50.37420678742848 132.23388575192556 179 182.60809253935403 26327.36981330617 0.39934620832627843 26276.596260310664
74 856.9703898231359 50.22324376609246 134.98576836708327 185 185.20901213317575 26962.702812662017 2.4778861130495216 26910.00168278312
112 1131.2497891235125 50.64925284409252 140.09506186717203 183 190.74431471126456 26794.64419633738 2.019727301490775 26741.975216192004
66 718.9229339436728 51.17899404687986 139.0279647284837 187 190.20695877536355 27218.40183050794 2.9957475337226924 27164.227088927564
33 321.72790579490726 55.464171622525214 143.30057233112552 193 198.76474395365074 27623.34998882078 8.28020287760188 27559.60561432092
23 219.38675329138553 56.81218457829744 148.41612717949158 197 205.228311757789 27789.643593729237 21.270435031102608 27711.560974120086
165 1685.0431662310996 46.93870843245725 127.6205528070048 179 174.55926123946202 26332.11303527326 0.0 26285.174326841006
154 1584.6704175591651 51.38160365761386 134.88778707465656 181 186.26939073227044 26559.834871743744 0.24189156040824855 26508.211376525942
27 269.1149379021233 52.81493756478751 149.25227016596392 197 202.06720773075145 27978.884346236824 18.202522542934503 27907.86688612935
144 1504.3120292415658 53.0339166391434 139.24339575902417 183 192.27731239816757 26775.852049113983 2.6088553070626403 26720.209277168033
146 1512.0879745414798 45.38870031332019 135.3532158701213 183 180.7419161834415 26785.6167745685 1.464824875594104 26738.763249379816
203 2095.9825333545145 49.523752912986076 133.05693763751282 179 182.5806905504989 26240.24785483802 1.2228232578936513 26189.50127866733
93 981.4440853875045 52.97391475502861 138.8725857985981 189 191.84650055362664 27462.022905201044 1.7586345101790357 27407.290355936086
117 1201.8137039041917 53.03054102957668 136.58285673386095 187 189.61339776343763 27251.97100144852 0.8144603438163358 27198.126000075416
140 1462.1063108927888 51.6682220003701 140.61250570472316 185 192.28072770509323 27014.206950284537 1.3148838426020575 26961.223844441804
43 476.69017892843675 52.49154066556296 145.34143967756967 195 197.83298034313265 28015.93364912679 5.539306750267315 27957.90280171118
121 1255.1987362148582 52.42979440375842 135.70381089734622 187 188.13360530110464 27239.91649681306 2.8723320161054744 27184.614370393472
142 1491.9957256103942 57.308522400928176 136.794351224809 185 194.10287362573712 27011.49748261275 1.570283530589677 26952.618676681523
88 942.5509312135173 55.500058219142105 143.55073099661274 191 199.05078921575478 27685.946137836152 0.9755481357681219 27629.47053148148
56 576.8020206726928 56.92732226988784 142.82146134380838 195 199.7487836136962 28061.09800232807 3.762723272258313 28000.407956786188
70 800.9450522292764 51.70431121388055 139.76451475568786 193 191.4688259695684 27875.304351907555 3.5226321813456707 27820.077408512596
24 231.4420145010908 61.03062302740601 150.14136195928734 203 211.17198498669336 28458.336051713468 23.629965963116433 28373.675462723237
141 1475.0133141542747 49.59054880858536 138.722954400971 187 188.31350320955633 27224.972823668188 1.887508289121115 27173.494766570704
207 2102.7705576291382 50.134844002829226 138.95733649263386 183 189.09218049546314 26670.064384520207 0.10805122270176071 26619.821489294907
188 1869.0146833665667 47.61375953502783 136.16099883220656 185 183.77475836723443 26948.486131735117 0.23127703156046664 26900.641095168787
157 1606.159607074211 50.10800059877287 139.68175968150706 187 189.78976028027995 27216.669119986975 0.32561721693900836 27166.23550217154
90 948.2070253569406 51.54478481991805 142.2737649774113 193 193.8185497973294 27892.425992650642 0.770218240483814 27840.11098959048
34 328.4491180113092 55.02857195538143 151.2727593650071 201 206.3013313203885 28514.102926238214 7.8829410496020955 28451.19141323349
166 1686.6161500301785 48.339026396056255 134.82775717172896 187 183.16678356778525 27198.78356304862 0.0 27150.4445366528
104 1063.2633145496086 55.582136625429705 146.57456658744275 193 202.15670321287246 27854.68027381448 4.506016234116714 27794.592120955185
61 655.2404770796799 58.571518695712 147.53531652707233 197 206.1068352227843 28280.501818751556 6.686765269021976 28215.243534787118
30 289.72639578787334 54.31214361518843 154.77944284412789 203 209.09158645931632 28655.56714349603 11.5451044758737 28589.70989540522
183 1856.4979292457872 52.614046819858586 140.76301534914987 187 193.37706216900847 27142.740040169636 0.7662885618165092 27089.35970478821
189 1870.747965132196 50.40456942118326 141.4965214738985 187 191.90109089508175 27145.292438761287 0.0 27094.887869340324
131 1396.8413409745685 52.61756679984598 142.77860833163763 191 195.39617513148363 27650.88162633319 0.6211243815719172 27597.642935152006
133 1417.4246374021789 51.71294121080622 140.20363190226155 191 191.91657311306776 27637.37711391912 0.0 27585.664172708555
164 1676.5184533980498 52.78104660717493 140.32059470417408 189 193.10164131134906 27397.047026783945 0.45874575721495603 27343.80723441981
60 639.824799059635 55.0787834413188 149.529114962773 199 204.60789840409177 28456.87268639919 4.521998803133897 28397.271904154994
147 1515.1938675133072 51.42787490137827 143.01003246774945 191 194.43790736912774 27604.43261156694 2.7585011326932545 27550.246235533155
106 1093.8207135101143 52.504643933233176 140.46013191511074 195 192.9647758483439 28041.722374482924 4.2361985635063775 27984.981531986417
150 1553.0459760587596 52.1010994053687 145.23279579687124 191 197.33389520223994 27595.99872618778 4.522780241650025 27539.37484654107
38 393.17460243293846 57.582267544756995 147.23113613969568 203 204.81340368445262 28770.195473354812 8.218255206393167 28704.394950603968
126 1364.6190196986065 52.23018416834081 146.95387083862943 193 199.18405500697025 27836.317049633668 0.3937710313819025 27783.693094434206
58 598.6810920149883 56.374433559825164 150.54905239691874 201 206.92348595674395 28628.471630768687 5.227545201421094 28566.86965200773
168 1719.928596065622 53.949870587710244 142.41267446521528 191 196.36254505292555 27548.0454351844 0.705094602583813 27493.390469994367
169 1722.1098985274784 52.38567430449639 137.3645509430707 191 189.75022524756707 27548.858255964915 0.5389843070254301 27495.933597353694
48 520.7384544439774 56.57817772342196 155.0010870684608 203 211.57926479188276 28805.358508474295 6.166800140878763 28742.61353061025
81 912.7692951683865 56.60546579200461 150.36120762822546 199 206.96667342023008 28441.936961916428 4.687008327846797 28380.64448779684
14 116.61192762096218 64.16909108120795 157.75141752210746 215 221.9205086033154 29243.57110145988 39.76398459982154 29139.63802577915
159 1611.4003145023273 55.45665590409124 140.83083831199855 193 196.28749421608978 27768.502303019268 0.09867737667536858 27712.946969738776
162 1630.6293938936947 57.94763258942521 145.3854997266286 193 203.33313231605382 27761.216623298307 0.0 27703.268990709195
99 1011.3121068161321 58.12718880897664 148.5602645315772 199 206.68745334055382 28415.14276873259 2.3313366557210884 28354.684243268195
35 342.090698451177 57.38142849501508 157.20745864978812 207 214.5888871448032 29089.890835056576 14.759692306978309 29017.74971425484
71 846.4056362174186 56.50112555287859 143.88576010327705 201 200.38688565615564 28589.67657783741 4.292370446628183 28528.883081838118
177 1804.0208870689257 57.50054898973869 150.34219328183246 193 207.84274227157113 27680.78318385777 1.397430017234683 27621.8852048511
49 527.7914886811335 58.815275504319224 153.83652610093677 205 212.65180160525603 28973.781391943463 7.6195393401537785 28907.346577099263
65 697.475979441431 57.2760910707372 150.42492454070398 203 207.70101561144116 28813.2191963025 4.306563734413771 28751.636541497643
190 1886.5919288858495 53.97641531804385 140.33028705893565 193 194.3067023769795 27656.64578459255 0.1338672946637871 27602.535501980143
130 1395.549907010414 53.77825349232669 152.0838760176849 197 205.86212951001158 28163.335734209206 0.15076196302925382 28109.406718754097
41 438.011020261326 53.136160051072125 157.79640767621135 207 210.9325677272834 29126.537821711194 5.761091754241306 29067.64056990617
22 216.74615827177178 55.46247692239385 157.76394769058973 213 213.22642461298358 29348.530583756245 19.60050889538175 29273.4675979387
9 92.75404513685476 59.91550661385085 159.44852026680934 219 219.36402688066022 29475.34499385855 50.80023468169152 29364.62925256329
97 999.9999400762102 53.30075589511188 153.09631959863816 201 206.39707549375007 28579.366863024814 1.734600202803449 28524.33150692718
136 1454.6322658427584 55.30455736678822 145.1479714038469 197 200.45252877063513 28131.49485130824 1.174227692224349 28075.016066249573
75 857.6318145967654 54.67770414798333 151.7386845923237 203 206.416388740307 28750.474703306718 5.795530759080293 28690.00146839992
175 1785.70698344829 56.06066810836913 147.011546122964 195 203.0722142313331 27847.768378062417 1.273775122893312 27790.433934831493
80 908.5907617019454 57.35615634517024 155.06477260165462 203 212.4209289468248 28752.23891541638 5.811969952489335 28689.07078911901
82 912.8244824856013 50.38597857716413 149.77347648801467 203 200.15945506517883 28752.009396837642 2.6922742635156283 28698.93114399726
32 311.7667831359226 61.76005895168749 156.61617582254814 211 218.37623477423563 29360.61476275273 11.16492735380757 29287.689776447514
158 1607.6541454298842 52.84973904047921 148.14618458356335 197 200.9959236240426 28082.32948871053 0.0 28029.47974967033
129 1389.6904952958282 54.644034753192926 147.15343907958376 199 201.79747383277672 28315.30243952923 0.10121475759729037 28260.55719001873
59 598.8231801677299 55.60912502460198 156.11927567549353 207 211.72840070009545 29112.350836380072 5.060195766569905 29051.681515589153
118 1202.3971277236508 53.116498408059385 144.90820351565642 201 198.0247019237158 28518.746309254067 0.511568221664902 28465.118242624652
163 1676.233375449651 55.0855181893229 152.92888483646377 197 208.01440302578663 28052.26992492307 0.5160177988750547 27996.66838893517
36 381.3868652208198 61.982601972135164 154.6718433066761 211 216.65444527881127 29363.699080753515 7.341576208977699 29294.374902572756
76 858.02582367917 56.5393997769605 153.8045968489091 205 210.3439966258696 28892.869459566788 6.293693951833006 28830.03636583828
77 863.0430857816583 53.5039647261126 148.9553435997805 205 202.45930832589306 28893.620876751884 3.0552846711991606 28837.061627354833
122 1291.0446806180955 54.218641849514434 151.52302470413775 201 205.74166655365218 28474.529450080405 3.8236937681356267 28416.48711446303
179 1811.8911400378713 52.70789286793636 152.3660736349101 197 205.07396650284645 27977.501902990407 2.0448041451818426 27922.749205977587
51 541.1847399542634 56.47461145333227 159.99868268426715 209 216.47329413759945 29264.98576692822 5.242014817511745 29203.26914065768
185 1865.3355901789112 54.10060956132689 148.1914554068772 197 202.29206496820407 27955.11830740694 0.9196230743200431 27900.098074771584
67 719.3959877453023 58.195533068603055 153.22380844086928 207 211.41934150947233 29104.33199105896 1.121267111274733 29045.015190879396
44 484.36344137463 55.020002780531925 159.33306742939035 211 214.35307020992224 29385.208934301598 6.777803350440649 29323.411128170937
31 294.5656199310183 61.20405513864512 158.56841383388098 215 219.7724689725261 29593.46773783958 10.477787397363272 29521.785895303878
78 876.3629295587938 61.11969867245335 158.62831904563436 207 219.74801771808774 29013.586113413217 5.574617168425448 28946.891797572665
187 1865.9547623780993 57.14127738271442 146.54962945603927 199 203.69090683875368 28071.730169992945 1.3345856180362716 28013.254306992465
91 980.0533163409785 59.83652063536965 150.29750581043908 207 210.1340264458087 28979.030874579126 2.1180355398436177 28917.07631840421
197 2010.2593889579907 49.18005100055436 147.21644582022327 199 196.3964968207776 27970.97515227757 0.9231482076115753 27920.871953069705
28 281.7362923644773 61.78255239386167 163.49272262150427 217 225.27527501536593 29720.64053412531 16.089143027428236 29642.7688387043
178 1805.7990966674527 59.49421727816144 152.88861583559319 201 212.3828331137546 28209.47568611546 1.3694750329268572 28148.61199380469
64 684.6145943906729 54.04315587754807 154.58441026198022 211 208.62756613952828 29335.83449742058 6.560290282410165 29275.231051260886
85 927.3315142294989 56.543244682956086 156.48150844462617 209 213.02475312758224 29117.83014539673 1.5298799920366264 29059.757020722038
54 569.9011569682506 57.141106674630684 165.63148048268502 213 222.77258715731574 29494.335124805697 2.740885056314937 29434.4531330751
172 1759.5922339598822 52.9240170623079 149.80395802479103 203 202.72797508709888 28339.045163427338 1.6804111086439661 28284.440735256692
149 1546.2335709810811 60.90018916602283 152.41718602227695 205 213.3173751882998 28575.180623155105 1.5820399872220605 28512.6983940022
114 1142.444783473767 55.8542828192056 154.7474826198893 209 210.6017654390949 29008.711189886904 0.4826674905636992 28952.374239577442
53 560.9524459739499 58.54243767576809 159.15845431119143 215 217.7008919869595 29598.883593307546 1.7711509637094878 29538.570004668396
196 1997.123985972958 57.98417507594619 154.27518256751623 203 212.2593576434624 28188.931891618966 0.0 28130.947716543335
103 1063.1380010723049 58.99333230283779 158.3424029432751 211 217.33573524611288 29130.702689506328 3.612799667796935 29068.096557535995
148 1534.3120598918663 57.29599552024475 152.59703732017374 207 209.89303284041847 28680.658636401433 1.6131427492969124 28621.74949813222
113 1141.6852957201486 61.082653360460355 159.93871517507876 211 221.02136853553912 29104.115826897698 1.010455221016855 29042.022718316566
57 593.7770494456865 56.49639556857305 164.30263942333283 217 220.7990349919059 29662.354638043893 4.715341166730013 29601.142901308882
120 1217.825601568676 59.95669528486128 150.24413298911017 211 210.20082827397147 29050.161586997907 1.2342840471799263 28988.970607666222
173 1764.8719593256653 55.6520469003611 155.86168816984696 207 211.51373507020804 28523.8193302799 1.1681344397297835 28466.999148940133
107 1102.6116736812487 59.86837023733004 154.2855188351353 213 214.15388907246532 29205.321821340327 4.613565559425979 29140.839885543868
181 1824.9273841951099 56.11834238621917 154.90761828003588 207 211.02596066625506 28487.993198472082 0.6864528182372851 28431.188403267977
125 1358.027310539652 56.42877987570565 155.04106156843315 211 211.4698414441388 28967.96887867899 1.4776102064170118 28910.062488597214
100 1020.9656293219435 60.08990733682433 163.08858211286474 215 223.1784894496891 29330.114007606233 1.6511075384639753 29268.372992731278
128 1375.005890785852 58.914921649078174 158.27946162788928 213 217.19438327696747 29033.761681261734 0.05180344656218949 28974.794956166388
95 989.8625119455385 56.61807141164926 159.80254335729396 217 216.4206147689432 29427.714933339208 2.2611735672140867 29368.835688360676
72 847.8978084567533 60.97665878242638 160.33698896099025 219 221.31364774341657 29579.966416043324 3.1652728490407753 29515.824484412195
198 2011.2553287976843 58.803764350188075 156.9400222475647 209 215.7437865977528 28420.17786064113 1.4636822752377157 28359.910414016034
171 1742.3083616844806 55.93256480194903 152.04435060237054 211 207.97691540431958 28690.33824112874 1.693953133587911 28632.711723193544
45 484.73060247116024 63.94968162507213 169.0153379251437 223 232.96501955021586 29950.40956217264 5.008044103813859 29881.451836444125
105 1082.254509856214 62.43188005772953 162.83400592997214 217 225.2658859877016 29361.12966546616 4.660513045501148 29294.03727236326
206 2099.928555423032 60.32240271468319 151.84627624172217 209 212.16867895640536 28360.48527580501 0.2566460748294048 28299.906227015857
25 250.08095792047618 66.61684543034148 172.62667245157868 229 239.24351788192018 30211.69985369533 17.58703946131456 30127.495968804033
151 1564.8187273957033 59.48210246497445 161.5707656541861 213 221.05286811916056 28899.535289431966 2.6982836805746047 28837.35490328676
200 2046.7439180933122 52.419541009144204 158.6478760102757 211 211.0674170194199 28458.074461387045 0.0 28405.65492037824
202 2066.0985184958113 56.87066231599152 154.65184203952748 211 211.52250435551898 28441.6310062568 2.4027403403351855 28382.357603600827
86 929.5490563647131 59.36627772723986 166.49089343523647 221 225.85717116247633 29607.307832278027 3.1002889515407333 29544.841265599607
192 1934.853340280935 59.37564528851915 156.11937425002756 213 215.49501953854667 28614.083005796918 0.29999999999972715 28554.407360508732
134 1421.2842986114126 59.38887526560928 157.71499992814572 217 217.10387519375496 29130.510826494123 1.2755059191008513 29069.84644530977
63 684.5829604150233 64.99032402006242 166.14015657604762 225 231.13048059611003 29889.163602480032 3.7237564079271124 29820.449522052404
209 2115.9048303605223 60.06932542791352 157.15802963310043 213 217.22735506101392 28463.21612723378 0.0 28403.14680180622
161 1618.3516843531931 56.78039155980114 159.64995837888642 217 216.43034993868758 28978.653645784576 0.32310661930796414 28921.550147605816
167 1716.7804153012871 65.1131419312108 162.07723661141475 217 227.19037854262558 28894.32429131106 0.6916027067741197 28828.51954667351
96 998.6427538827203 62.05052845813051 167.18893895866464 225 229.23946741679515 29653.42658416227 1.27181293088438 29590.10424277357
195 1950.616342929458 56.66519229312796 161.52692957208941 217 218.19212186521736 28704.792894326518 0.49999999999954525 28647.627702033744
138 1457.9330317898973 64.07777199378336 167.54178722762782 221 231.61955922141115 29198.912794160122 0.15592822997905387 29134.679093936775
205 2098.3132392320645 58.344879443926516 162.13381406442232 217 220.47869350834884 28576.56021922488 0.5368228956685925 28517.67851688562
152 1565.8236836681026 60.35880466644856 165.66414822050746 221 226.02295288695595 29109.788866459243 4.542417011358339 29044.887644781793
55 576.496797752388 66.12842724479881 168.26750660477964 231 234.39593384957846 30118.08044370582 3.4982960094316695 30048.453720451995
194 1947.9424669331738 63.41079677763836 162.36936163193235 219 225.78015840957073 28750.962791438786 0.0 28687.551994661553
182 1832.9979827376485 56.89057380290543 167.30347932248714 221 224.19405312539254 28884.20101424634 0.839943423964769 28826.47049701985
153 1576.5068009591212 64.05710940107454 167.38439591139735 223 231.4415053124719 29143.842450621312 1.030712020607325 29078.75462919999
94 988.9163449438133 64.05656055661336 173.44958743698743 229 237.5061479936008 29747.140751164014 2.7859357521814445 29680.29825485566
143 1503.097287107213 62.77543199683683 165.3557759332275 225 228.1312079300643 29235.8039329848 2.5975639460164075 29170.430937042333
204 2097.2397296177624 60.40305988555131 169.29925440588343 221 229.70231429143476 28653.96070615647 0.5815673409329065 28592.976078930376
191 1915.7911802413582 63.9734724696779 170.0072329595091 223 233.980705429187 28850.440478413824 0.14743536650394162 28786.31957057805
145 1508.4419923251821 58.77321931473494 168.92217922013563 227 227.69539853487058 29259.785712971396 2.074302808603761 29198.938190848407
62 671.069329572422 65.62654420688546 172.62152937442363 235 238.24807358130911 30104.32527650605 4.437342466975679 30034.26138983258
79 887.1754131886602 67.11767644068725 174.082444531226 233 241.20012097191324 29891.513931052355 4.564191431106565 29819.832063180977
111 1127.0048787764042 63.985797226589554 169.19420424805568 231 233.18000147464528 29654.268572447203 0.9531924783746035 29589.329582742623
174 1780.736705981007 68.52906058163981 170.66762190477772 227 239.19668248641756 29014.677545854232 0.6638848690595296 28945.484600403983
155 1587.4514409749054 66.89197632084216 168.90750872090942 229 235.79948504175155 29215.90966581835 2.045843208162296 29146.97184628977
127 1374.6481428464801 67.72365530143928 173.429864925238 231 241.15352022667724 29436.835184186446 1.0468162327797472 29368.064712652627
160 1612.8753744187343 65.87274839255426 171.57346761694603 231 237.44621600950035 29216.455881587703 0.8999999999991815 29149.683133195602
46 508.14299502517025 68.31160734262716 184.584392956264 245 252.89600029889115 30342.75733001573 5.160476790191979 30269.28524588337
184 1861.8244101187827 63.85447030899833 172.86696928497943 233 236.72143959397778 28998.49401694273 0.45318172907172993 28934.186364905047
176 1788.1259027150188 70.2339038979411 178.30732980131285 243 248.54123369925392 29125.95300757812 1.1072382458223728 29054.61186543488
123 1342.2624319512793 71.52011210063661 184.5185752828209 247 256.0386873834575 29574.135106334434 3.026998329975413 29499.587995904345
156 1588.1771609320454 68.38733196675004 182.4179860229246 245 250.8053179896746 29329.857650934217 1.6768445374104886 29259.79347443054
186 1865.574525040848 65.11808774722576 179.59338819714944 243 244.7114759443752 29054.773993013958 1.4118274296720301 28988.244077837528
201 2055.6410533788826 67.71784652287423 181.6751030126053 243 249.39294953547954 28869.66630880706 0.1990720448079628 28801.74939023984
115 1158.753567361833 63.194576950146136 191.6673607375277 253 254.86193768767384 29773.547995529534 0.24185013517671905 29710.11156844462
47 515.4194722353411 68.19299716946045 198.67550147493415 261 266.86849864439455 30420.002230183214 3.6237366409171727 30348.185496373244
199 2025.634492788565 71.99143274870043 188.08948562543657 255 260.08091837413696 28918.405559951938 1.0247626201512503 28845.38936458355
