# Cpu scheduler: rr
# Quantum: 0.1
pid arrival_time cpu_bursts_time io_bursts_time nbursts bursts_time tat ready_wait_time io_wait_time
4 41.11919306951022 42.53418603324289 33.349674815609404 5 75.88386084885231 514.7738033953265 257.16934072961936 215.0702766324593
7 68.54768408846691 80.07362268637937 71.86616827412243 9 151.9397909605018 1089.6586051854283 249.36710460934106 760.2178778897105
12 80.10118222201181 71.12589686939417 56.62956399459672 9 127.75546086399089 1163.1821961049689 250.6152590049503 841.4410402306279
1 28.913110503247353 98.59947535675079 80.11191230330495 11 178.71138766005575 1372.4638965923816 281.9958080027264 991.8686132329199
5 47.628116783482014 87.63650422533887 72.4929047443959 11 160.12940896973478 1394.9327815723852 265.70469122100917 1041.5915861260582
21 116.98701012955354 95.94889466354869 79.83494847141004 11 175.78384313495874 1443.8736537940003 224.59435800008458 1123.330401130389
23 124.3190258603403 79.35973491025013 68.9763217938639 11 148.33605670411401 1491.978345992516 217.1814815069581 1195.4371295753222
10 74.40267810027524 120.61906739256915 121.26567744324942 15 241.88474483581857 2138.5622854677613 274.1655815631006 1743.7776365121267
14 84.52433075437555 123.78610532985832 90.99913160819457 15 214.7852369380529 2294.948593223832 282.75051558866227 1888.4119723053639
19 110.28734543493388 121.23878649044701 98.81202651908953 15 220.05081300953657 2303.935328955355 257.38405903484187 1925.3124834301275
3 33.961785743295685 53.929416055393666 135.32504549220175 179 189.2544615475954 22079.941736662087 84.36680067299079 21941.64551993377
2 32.30118575744636 50.41741596135023 136.33287100723126 189 186.75028696858146 23706.294719374357 89.32764793737812 23566.54965547572
22 118.19865591663026 42.70312801114981 128.50115367353894 169 171.2042816846887 23825.602913170627 40.19706284680777 23742.702722312784
25 132.1661111933057 45.43736857260088 123.55156631819324 169 168.9889348907941 23950.510492840476 45.90251759154111 23859.170606676435
104 842.7564344573016 43.932434225778024 117.26021822248464 159 161.19265244826266 23683.205112512318 3.5321080337422472 23635.74057025295
0 28.913110503247353 54.02392663502099 151.1962488408767 199 205.2201754758977 24713.308497879054 87.63317359066055 24571.651397653513
39 236.5864490075457 43.66441870317055 128.4408099646723 169 172.10522866784285 24548.623157507544 19.7437320920059 24485.215006712508
13 81.73267769517281 46.87269304893804 133.2981334233458 179 180.17082647228386 24747.15655465253 64.29078854503304 24635.993073058708
36 211.82762921733413 45.29487110571214 127.25036194508077 171 172.54523305079294 24648.032847684375 29.498405479871508 24573.23957109892
55 364.9674487372358 46.07122058065656 125.90133745660721 167 171.9725580372638 24677.346057106424 4.5364537343275515 24626.738382791584
16 94.27976935113625 51.373410103143904 136.6453631189785 179 188.0187732221224 25121.436615578034 67.67948899137583 25002.38371648366
9 73.82370139544474 50.174104447511326 137.50604726309604 183 187.68015171060733 25196.277651053966 77.50694945830575 25068.596597148276
158 1344.728499114214 44.180518023595724 125.27934416509927 163 169.459862188695 24266.967683007148 1.3281991376807127 24221.45896584602
206 1847.8068978804622 47.732250413622225 123.42070011015785 167 171.1529505237801 24798.748785136315 1.0116909357291206 24750.00484378717
118 993.4839139737236 47.22640098060527 129.81423693764182 173 177.0406379182471 25710.79622408784 0.6804026885697567 25662.889420418887
155 1311.335150896947 51.157932132890835 130.82601565700654 171 181.98394778989734 25416.205106102225 1.3268696253451253 25363.720304344206
85 694.2153018878166 51.88735165523777 129.91396197540416 177 181.8013136306419 26209.675998646406 3.1895995395385626 26154.599047451837
69 466.9317122357713 52.105241478992056 133.00286053396258 179 185.10810201295462 26462.893015241178 4.644307082970215 26406.143466679376
91 741.085922011308 52.13673523006538 132.03192376955002 177 184.16865899961545 26235.687569607544 2.3306759331908324 26181.220158444477
45 279.64643966926104 51.13908766021777 135.13294278521516 183 186.27203044543296 26730.594604671754 13.637434328701204 26665.818082683007
57 382.2074559426143 46.21487259871185 134.06209444577644 181 180.2769670444883 26652.393271950063 5.305855873020221 26600.872543478494
125 1109.6678871720223 44.30174436643824 127.23412692094261 175 171.53587128738087 25976.69076076969 3.1082132486960745 25929.280803154743
29 166.54078597931428 51.46158907195091 138.0725456483637 189 189.53413472031463 26932.86252015295 31.626936368007023 26849.77399471321
121 1033.0164747505703 45.115356553189926 131.88686390826285 177 177.00222046145277 26252.62512433128 1.1888165237367048 26206.320951254547
48 291.69178532349366 51.575752286822045 138.17834469887242 185 189.75409698569447 27043.996633223578 17.088551971257743 26975.33232896569
177 1528.318018072364 48.72582965961641 128.9616729857857 175 177.6875026454021 25933.48625140664 1.3381095847228153 25883.422312162547
60 403.65454497588865 48.48199960556553 138.3125363817916 185 186.79453598735714 27185.899256727324 5.648657167742044 27131.768599954252
79 609.4222942661789 48.964000067803624 134.15811019331622 183 183.12211026111984 26989.03315481769 3.1783614851291304 26936.890793264964
105 845.1367839729742 45.49050390223333 141.4140503254125 181 186.9045542276458 26767.835124913294 2.5653435986480417 26719.779277412603
11 76.07436973767149 56.35072006769642 148.96395924023412 203 205.31467930793056 27548.60451571688 52.65627931802682 27439.597516331378
147 1215.8700096537764 52.55873136934577 130.98694981556338 179 183.5456811849092 26509.085973716617 1.7530796650823959 26454.774162682395
181 1610.4551757372021 47.668918614801655 129.83157061591862 177 177.5004892307203 26181.644981548765 0.24838322707569205 26133.72767970706
122 1034.2542399863544 52.49875956207062 132.22544252482385 181 184.72420208689448 26776.939684522975 1.8326736712181173 26722.608251289923
47 286.5715306310986 51.24460226844088 143.69818996371873 189 194.9427922321596 27540.90913988119 12.149490719950506 27477.515046892982
28 160.1064200205802 54.09401669148161 142.99616120038218 195 197.0901778918638 27722.765612662075 37.98331335791181 27630.688282612915
175 1505.0674229395681 48.67446878470954 132.6067550979283 179 181.2812238826378 26458.109482278058 0.36529120681257155 26409.0697222868
203 1821.4118376843992 46.61865246498121 125.07435005390239 177 171.6930025188836 26152.844525252953 0.0 26106.22587278817
114 970.1289248207304 53.41296625042503 136.36513288216315 183 189.7780991325882 27044.402368288946 2.97411476132163 26988.01528727741
41 267.67323482431794 53.10879879850926 141.70402450447503 191 194.81282330298427 27761.86240830462 20.845878293594467 27687.907731212756
96 791.866830285376 49.66383049200752 138.5223105972208 185 188.18614108922833 27274.91732562999 3.1092458934689375 27222.144249244764
27 151.06547007750333 55.40208495138373 145.939980339656 197 201.34206529103972 27980.04612233165 45.57652021972879 27879.067517160773
35 209.36824660477805 52.079097353496664 149.47195548304916 195 201.55105283654586 27937.592472613047 32.02846884557874 27853.484906414225
65 450.89416174485 50.04866853668764 140.80661021479796 189 190.8552787514856 27745.26821416344 2.731626028160008 27692.487919598818
71 475.11231900564104 50.57275425397365 140.99152251103487 189 191.56427676500851 27771.973350937835 3.0722118787046497 27718.328384805372
72 484.52951786924643 50.29944543591614 141.99601570711337 189 192.29546114302954 27781.93440710746 1.8823029751364402 27729.75265869661
59 401.2786566152422 52.72428597450296 139.63424382027262 191 192.35852979477554 27933.047008982012 4.517233323336484 27875.805489684397
80 617.1177107271196 49.913171424491324 137.2462180219241 189 187.1593894464154 27745.67442643644 5.00683249628139 27690.754422515914
34 202.19830147603412 55.31204718040316 148.28053776858576 197 203.59258494898893 28169.965898232993 33.446663712655095 28081.20718734016
138 1172.4027583628474 42.73302128881057 139.25279125420676 185 181.9858125430173 27236.107800034286 1.1681169027372107 27192.20666184292
33 194.0310922528042 53.9537491671218 144.52745367987652 199 198.48120284699831 28242.37419283453 21.349611869353566 28167.070831798323
42 270.2326071350328 55.44169256356584 147.85300391457864 195 203.2946964781445 28211.343795073255 14.069251953172682 28141.832850556748
43 274.4125370927767 52.85634463113808 141.65375904953964 195 194.51010368067773 28208.587687569776 12.664916577079055 28143.066426361824
160 1367.5733280906054 47.09746051297635 140.59180801647506 185 187.6892685294514 27197.975576253953 0.7144347155140167 27150.163681025675
62 418.5071176638306 57.82469489675667 141.01198000979636 193 198.83667490655301 28160.00871840269 8.411196381640252 28093.772827124598
127 1133.2336239173062 52.03648477364199 138.92965757266094 187 190.96614234630295 27466.97162242393 1.7431293308106888 27413.192008319696
129 1143.1220358568034 55.12866610093459 140.74212612636876 187 195.8707922273034 27462.318935967116 2.5119956893765902 27404.67827417708
167 1450.649197883701 47.926374661771305 139.26985073075411 185 187.19622539252543 27163.116355990158 0.0 27115.189981328647
142 1180.4094564600898 54.808058669036434 138.2294107943486 187 193.037469463385 27456.170935756218 0.6949727821174747 27400.667904305305
20 112.87957864154477 56.51526628061615 151.16656866978704 203 207.68183495040313 28544.83343722627 53.12937278356543 28435.18879816233
8 72.31615378090231 57.915416247882426 158.81177899892356 211 216.727195246806 28595.568562392593 71.67346336543442 28465.97968277955
37 218.8067060950382 52.313203933486065 146.5899676539683 199 198.90317158745438 28484.176491962928 33.2684945536312 28398.594793476066
120 996.8983949290248 54.47038395890606 138.58715791782953 189 193.0575418767356 27729.721672871503 0.8740777302527931 27674.3772111826
74 508.4804809225533 50.01582461418011 139.21000095372887 193 189.225825567909 28222.449920028266 2.7336830732185717 28169.700412341073
182 1615.1114598904217 51.02718225542312 136.69064329062212 185 187.71782554604525 27126.801294783185 0.5373322544355688 27075.23678027355
123 1049.2502738416601 55.51205784758724 141.66004604224185 189 197.1721038898291 27710.062407811478 0.9367802065569322 27653.61356975759
98 798.2720939486335 57.519811528896575 140.47329354282763 191 197.9931050717242 27963.81801563786 3.770064585894943 27902.528139523314
161 1375.0590999484734 47.32944897992149 138.82822029377817 187 186.15766927369967 27410.686073875335 0.9336547536065609 27362.422970142048
61 408.482934190305 51.77072030632249 149.20089876894323 195 200.97161907526575 28380.16857387741 5.7059136996452935 28322.69193987168
82 638.6647414551574 52.13036224656973 141.85274823556844 193 193.9831104821382 28185.888292037474 3.5868357543936327 28130.171094036774
32 191.47678184901537 60.83924977885118 153.15797610977225 203 213.99722588862346 28719.308598607244 33.764591678041825 28624.70475715067
75 538.120030658388 49.840888935001054 141.15308795627357 195 190.99397689127466 28411.78474136373 2.2615269145345565 28359.682325514455
56 375.8824843818381 53.083590413768526 143.249321175349 197 196.3329115891175 28587.357528090935 3.6882090383453487 28530.58572863909
38 225.62255275492222 55.89676603734895 151.48795362821406 201 207.384719665563 28749.489251911004 23.837298660298444 28669.755187213603
106 848.4544421755126 50.752618615249496 144.35949818668172 193 195.11211680193122 28163.207816648275 2.860254567951756 28109.594943465327
30 170.89095929991322 55.74283936596802 156.27163106358282 205 212.01447042955084 28905.789107203855 38.08341141161594 28811.962856426522
24 128.73603442119696 58.577554451043184 154.47408376125927 207 213.05163821230246 28980.404531662167 50.595415217294146 28871.231561994096
88 734.0707983804487 53.62621464568061 145.3958606961294 195 199.02207534181002 28382.441685038517 3.097599219198287 28325.71787117388
153 1299.6149344788985 54.42109242352766 134.80331132449572 191 189.2244037480234 27845.02100147056 0.6472625269789205 27789.952646520316
103 841.385474767491 55.13193123598534 146.9951060365156 195 202.12703727250093 28352.086760650258 4.771714341965321 28292.183115072552
135 1163.8665166979454 48.934292395736456 141.06898219432202 193 190.00327459005848 28064.812214832833 0.0 28015.877922437325
136 1166.2502679246754 54.314664217043266 143.07719636525078 193 197.39186058229407 28064.810454337203 0.0 28010.495790120458
197 1776.2340860110946 50.714050374557175 141.84391395448122 189 192.55796432903844 27464.370554616286 0.764806087908255 27412.891698154086
144 1182.1096037448112 53.801587111883514 141.42901368611888 193 195.2306007980024 28067.294163991995 0.7981963059858117 28012.69438057438
6 64.0046468557266 62.775222471862364 162.86518938061684 219 225.6404118524792 29201.61046353857 79.28321875358718 29059.55202231339
18 109.10105091635424 61.49298874639306 153.7655276874662 211 215.25851643385926 29190.56459184241 54.31915721179614 29074.752445884482
156 1338.3762757151821 55.33984494106345 140.43435537094572 193 195.77420031200916 28008.582340154113 0.6283062219101794 27952.614188991414
192 1685.8975278081055 48.97525441821155 145.92139152768664 191 194.89664594589823 27684.58578203506 0.6143779328972414 27634.996149684164
101 824.1363158066782 55.6883116009997 143.48715961124532 197 199.175471212245 28550.437388844664 1.5249421808957777 28493.224135063054
102 841.2682157896979 55.85839776956747 144.78933190430078 197 200.6477296738682 28535.419266448727 4.721394868936045 28474.839473810513
143 1181.6144420639062 54.82678551406988 146.28052186517536 195 201.10730737924524 28246.27555591634 0.7169904351735568 28190.731779967347
112 951.2720028576588 53.14396312105666 144.55734444890436 197 197.70130756996102 28513.203632756213 1.8773642919172744 28458.18230534353
89 735.4348486585354 51.133628087899716 153.320888440126 199 204.45451652802575 28744.19736866064 3.6122009847887284 28689.451539588204
183 1618.5796714279343 55.6669910113869 147.2080324218596 193 202.8750234332465 27888.57797987493 0.49999999999954525 27832.410988863834
97 793.3475472032226 57.18373446001285 146.33219157155665 199 203.5159260315695 28721.603268476523 2.2201867682053944 28662.19934724861
185 1654.9722113329713 56.45468828611952 138.1623695086359 193 194.61705779475542 27864.84269256867 1.350246696078102 27807.037757586786
17 99.92267281845514 61.274349453641456 156.7601357286708 215 218.03448518231224 29450.281426755624 54.98138810890519 29334.02568919336
126 1125.1274433843619 51.57334014079703 145.17078043157062 197 196.74412057236765 28426.180859913413 1.7232056905534137 28372.88431408233
132 1159.826743120407 56.08177611487777 145.49241702947828 197 201.57419314435606 28404.307287511718 0.0 28348.225511397122
134 1161.5884767467353 53.96789391543869 148.20709481266016 197 202.17498872809887 28407.940832521013 0.15187294886868585 28353.821065656917
168 1454.485380453628 55.0500144158381 148.70580449230155 195 203.75581890813964 28116.898652717853 0.0 28061.848638302265
171 1481.868884704488 58.62084595919974 146.30339858837402 195 204.92424454757375 28107.380166311414 0.29032822107615175 28048.468992131442
146 1199.3363271156047 53.27377852395659 149.9998185066577 197 203.27359703061433 28403.422710133116 1.1343998832812758 28349.014531726094
67 460.8029180353809 57.438870664792496 150.78105715666658 203 208.21992782145904 29142.734867631916 5.607759669315612 29079.688237298087
51 323.3098994844939 60.117494722624194 153.10642484755368 205 213.22391957017783 29288.807935611123 11.042183303231752 29217.648257585573
148 1219.5432880258963 55.120041715281566 144.1620367412805 197 199.28207845656203 28397.55920524278 2.7565564483497838 28339.682607079434
68 465.63018043844227 55.22631583009986 153.487989655695 203 208.71430548579485 29154.182605368667 5.689475356134608 29093.26681418271
90 735.5978734522964 56.26534898071016 152.7993071465319 201 209.06465612724207 28900.982123083297 5.258984904248678 28839.45778919863
152 1277.3005951908804 57.66838934637468 150.3070188993215 197 207.97540824569614 28368.618267269987 2.0153169486159186 28308.93456097527
58 390.47084822997795 55.76460162432644 148.65423486307816 205 204.41883648740463 29286.018603332643 3.396530888543623 29226.857470820083
63 420.9047654453076 57.64205136608777 158.7931257946833 205 216.4351771607711 29273.800440975418 5.562442040374947 29210.595947569214
128 1140.228340805123 53.41765500888998 149.12080260461164 199 202.53845761350163 28571.486510410596 1.3071497429018564 28516.761705659104
164 1405.429108333413 58.97640493210965 149.48677546815847 199 208.46318040026813 28429.885073607682 1.152311468532389 28369.75635720737
133 1161.159785257415 52.94818690958691 145.196849361555 201 198.14503627114186 28692.384538594648 0.09999999999990905 28639.336351685353
199 1787.4629810449917 54.08959829492837 146.5570616851231 197 200.64665998005145 28083.940435255947 0.17994367385472287 28029.670893287468
70 467.9095350810136 52.43597380012379 154.64993751247098 207 207.08591131259482 29432.080323404254 3.972111539075115 29375.67223806534
15 89.85524716145949 56.42816305111054 164.4679500669765 221 220.89611311808707 29814.138980489646 55.94132637366356 29701.769491065137
115 971.7399594730385 57.16623783235782 152.26708349175016 203 209.433321324108 28941.048334191208 2.735018836428708 28881.147077522717
93 762.0810946782268 54.08043987931858 147.726778328018 205 201.80721820733658 29165.918930231666 1.687076522988832 29110.15141382965
190 1680.256032020052 61.67283437819879 142.48283594873274 199 204.15567032693158 28277.20337183957 1.6756573049262897 28213.854880156814
141 1177.878682616773 58.885130943626784 150.75011119593898 203 209.63524213956578 28818.03108029419 0.6588067665311428 28758.48714258434
198 1781.769845570279 55.231178512421764 148.44364156845052 199 203.67482008087222 28215.06462417479 0.0 28159.833445662603
172 1482.2355417766569 56.278899199112175 145.61849542565372 201 201.89739462476592 28517.836768355384 0.04258336469615642 28461.515285791844
173 1484.831865454338 59.12609378943684 153.22665150429404 201 212.3527452937309 28516.832718431502 0.0 28457.706624642356
174 1494.549646539098 53.912421042581634 150.16040695404763 201 204.07282799662931 28514.335600536735 0.4536983085695283 28459.969481185864
201 1810.7009274637583 58.823728724205026 148.6670543109495 199 207.49078303515455 28201.98332263371 0.0 28143.159593909833
31 186.09454964398742 59.82277021893012 163.36944791044817 217 223.19221812937832 29839.702869457342 39.96163744670258 29739.918461792
113 967.4498169842464 58.091941284815476 157.6671322268555 205 215.75907351167103 29063.4696258662 2.337275826906307 29003.040408754798
150 1264.2531533698732 53.718028221745165 152.07925078476262 203 205.79727900650778 28768.975662278226 2.9665648367574704 28712.291069219995
117 983.2524674875152 51.28085036813927 154.5906022477482 205 205.87145261588745 29058.548401372704 1.0518488946222533 29006.215702110258
99 805.7309855866096 58.61314656281786 153.82229331651615 207 212.435439879334 29261.299012572053 2.437398268757761 29200.248467740774
137 1171.5746932433701 61.24555834624299 150.2987927477941 205 211.54435109403704 28935.380946835518 0.8659362232574495 28873.269452266348
139 1173.173975242397 57.347233378692884 155.96889058073296 205 213.31612395942585 28937.973398434508 3.018944377855405 28877.607220678274
52 331.3472517350294 56.010247016759195 157.46181759644625 213 213.47206461320545 29813.87343986379 11.984799352689038 29745.87839349464
46 280.7062097969607 57.09200502428551 165.7500726318719 215 222.8420776561574 29881.188171578608 8.07680576585824 29816.0193607888
54 361.6676151682294 57.76402063264999 165.54040211537543 213 223.30442274802544 29802.208548696657 3.2415390626669023 29741.20298900165
162 1390.9618253841384 56.07800276744597 149.54495659606297 205 205.62295936350898 28796.955815852292 3.1770508483671165 28737.70076223678
26 144.14784835976457 62.45165176381813 169.55846775702622 221 232.01011952084443 30051.961353311413 47.753176957681376 29941.75652459022
131 1159.2648699049514 57.36428686313924 160.4552970693343 207 217.81958393247356 29048.679243806822 0.0 28991.314956943985
170 1477.4658314819403 55.74984888633431 154.73734434456995 205 210.48719323090427 28741.58136594197 0.0 28685.831517055925
179 1592.3723658692622 58.18014368590074 158.6123414051986 205 216.79248509109934 28659.45100439284 0.0 28601.270860707275
53 346.07768511153085 62.33158703466031 158.41129560038277 215 220.7428826350431 29912.95974427993 3.6977294017983695 29846.93042784385
44 277.332975110332 63.25581652460262 167.63361519043264 217 230.88943171503527 29988.101165283202 11.588193451934899 29913.257155307
49 292.44550751948117 55.187685660446036 163.63664667237285 217 218.82433233281887 29987.330259227892 14.010600222517212 29918.131973345196
108 890.4459304218794 64.67108576597354 155.46416189906432 211 220.1352476650379 29412.907075968986 1.2807248182658668 29346.955265385124
84 671.0393713832325 59.28163802264717 160.83050296287206 213 220.1121409855192 29637.149894833325 1.1654240100103834 29576.70283280098
205 1833.5897071159468 61.27760988127787 158.62055046231282 205 219.89816034359063 28491.963312032272 0.0 28430.685702151328
92 751.7102137323703 59.598513804522355 162.5992763798229 213 222.19779018434528 29597.967263356917 2.281939170304554 29536.086810382403
77 575.3640732193799 57.326548615300545 159.9272450034102 215 217.25379361871072 29786.72887798975 2.740378782783523 29726.66195059205
189 1666.46533802793 58.92375769776113 149.1055138942134 207 208.02927159197458 28701.660817065662 1.6635769991933103 28641.07348236903
178 1540.1913450508537 59.08977825397147 154.49233985051143 209 213.5821181044829 28876.854042819887 0.5971864433104201 28817.16707812291
116 972.0594278273954 62.7962980534756 152.0003609153068 213 214.79665896878242 29454.027907370204 2.445129180460185 29388.78648013661
95 782.978843270003 61.13458241383207 164.88588381757253 215 226.0204662314046 29655.85956349675 1.6925841437913505 29593.032396939492
188 1665.2347701093297 57.65255028347029 152.14582513865125 209 209.79837542212155 28781.980175283014 1.8278764778553978 28722.499748522005
78 591.9022246024351 60.697543254973475 160.2874762134784 217 220.98501946845187 29860.014615791333 5.1926412817936125 29794.124431254946
140 1174.0565978212908 60.41135385563153 157.49067424217947 213 217.902028097811 29299.479526063882 1.3749933042302018 29237.69317890437
196 1775.9974254789795 54.41777670755016 157.54949226603435 209 211.9672689735845 28698.901582220024 0.29999999999972715 28644.183805512792
187 1664.8319896101923 64.97634162658184 157.6749992628561 211 222.65134088943793 28852.465949369467 1.5687100871418806 28785.920897656153
100 816.9463532569297 59.5625057943602 160.59640250573455 217 220.1589083000948 29704.407860582072 2.3807094400929145 29642.464645347976
193 1709.5814203908508 62.52227595187952 157.50216000354288 211 220.02443595542243 28814.35145716268 1.7445668046652827 28750.08461440652
81 634.0690440461602 57.082675454792415 167.47552973639387 219 224.55820519118623 29900.429677947654 3.3420172689343417 29840.004985224292
107 877.3167547433508 52.318618531047676 159.81093386477463 217 212.1295523958223 29657.943295487843 1.6087068646422722 29604.015970092423
110 940.6202595570097 62.47360213449191 167.03503741962828 219 229.5086395541202 29676.041937767637 2.898331386531254 29610.670004246997
119 996.2032661223559 57.49862028403636 168.18001836527702 219 225.6786386493134 29635.7295540146 0.605885637791971 29577.62504809309
66 452.4898306230314 62.361382491709605 169.70221100422256 225 232.0635934959322 30213.37539331976 3.2638747561131254 30147.750136072304
149 1253.7827309244117 61.35841527365169 159.23645619117542 219 220.59487146482718 29427.307699320027 1.4395059035573468 29364.509778143154
151 1275.297539912643 65.5067849088345 166.5224616555755 219 232.02924656441002 29409.82673125929 1.1192054849327633 29343.200740865912
40 244.8196869115869 70.45477402532967 179.5604084545093 231 250.01518247983893 30466.150853694926 24.944008303117812 30370.752071366882
86 696.3319223123682 60.42483261017232 167.26513059966368 225 227.68996320983595 30027.83939696394 2.9712494707862334 29964.443314883312
176 1521.7386335168078 63.152507509418356 164.12664124704327 219 227.2791487564616 29206.382944804125 0.356493436988103 29142.873943858056
180 1599.429411404362 58.06443133905255 165.5795861287726 219 223.6440174678251 29139.392467290312 1.769011151818404 29079.559024799808
154 1304.8278496645057 64.56456439172264 169.29511738222735 221 233.85968177394997 29436.360492233798 1.1642811418992096 29370.631646700604
159 1346.2935694915673 59.91194811546627 164.19195880402245 221 224.10390691948874 29401.18822504127 0.9499768182640764 29340.32630010789
124 1066.0134145552033 62.18125911351517 169.0639012527933 223 231.24516036630848 29684.99482767197 2.997207549500672 29619.816361009376
191 1680.829577827122 62.053418534570554 164.06326339094647 219 226.116681925517 29071.352421946904 1.4026057362445954 29007.89639767649
64 425.659616084039 63.04853077928496 172.4364356565622 229 235.48496643584718 30332.452526490637 4.852716503873637 30264.551279207903
169 1466.9744154368489 63.823125832878304 161.33470144799415 221 225.15782728087245 29298.67213405975 0.5706522656055313 29234.278355961655
109 924.8950142549432 60.26760610530276 165.05354399444792 225 225.32115009975064 29846.328314076763 2.325203923072422 29783.735504048756
94 767.0684444972242 64.45220979781104 163.58177059405836 227 228.03398039186942 30018.033770899445 1.793971494235393 29951.78758960775
50 310.05020478417447 61.49579400580423 173.66024198458103 233 235.15603599038528 30497.226866050478 13.113930626241881 30422.617141418792
76 541.1092070630752 61.851473887993386 170.8210762779492 231 232.6725501659426 30279.91438141117 3.3161745378674823 30214.746732985714
111 944.8504221723844 63.34727230396143 176.38352289909363 229 239.73079520305507 29894.905683978548 3.504214125377075 29828.054197549613
157 1343.368967597963 61.73393907876401 170.86985505037896 227 232.60379412914293 29507.264486838336 0.8426286746509959 29444.68791908527
130 1145.4316298240367 59.17266400638438 175.53878251479668 229 234.71144652118105 29714.758696764246 1.6538234657866724 29653.932209292394
195 1762.9799113371605 63.22577334361996 166.70589792545226 225 229.9316712690722 29098.319243156955 0.0 29035.093469813757
145 1186.3313059904895 62.02089625247754 169.74092555184998 229 231.7618218043275 29679.82598152629 1.2551693646341846 29616.549915909574
202 1820.6159319557728 66.61067846586676 165.6416477037847 225 232.25232616965144 29047.65685875634 0.0 28981.04618029092
208 1856.431952990851 65.899296200661 166.95543515841143 225 232.85473135907245 29016.19373281066 0.5552003850211804 28949.739236225385
83 669.4743058709296 63.839837716211676 171.92331679789635 235 235.76315451410795 30216.384872856524 1.3267422312607096 30151.218292909438
87 731.5364603825567 65.87166670277199 181.58428351056418 235 247.45595021333617 30161.317507134543 3.632895361212036 30091.812945070993
194 1712.7891812945793 62.6147833418817 170.23262639869114 229 232.84740974057286 29188.386949872143 1.891312137087425 29123.880854393585
207 1851.3799795114594 59.4555416945062 174.0668983073268 229 233.52244000183302 29057.79259203836 1.168267743954857 28997.168782600267
165 1412.8551387797859 62.08230194273717 170.2303157949231 235 232.31261773766022 29516.756772871435 2.6985024292530397 29451.97596849986
184 1633.0277346274834 70.44179522133099 172.4270962632736 235 242.86889148460466 29306.379965318032 0.4101912260825884 29235.527978871076
166 1421.1878315717388 67.45372345265976 180.19362515930317 239 247.64734861196285 29532.696133642807 2.429448176256301 29462.812962014348
73 496.6008105194839 64.07421095206844 185.78414186903962 247 249.85835282110804 30464.527869735317 1.9513294298120059 30398.502329353872
204 1824.5210162808448 68.4730929765353 180.6886382610497 239 249.16173123758506 29142.68039804312 0.0 29074.207305067048
209 1875.8959025572092 68.36343697106118 179.45107953626356 241 247.81451650732475 29097.745127544513 0.9502905460224156 29028.431400027916
200 1791.1201419435151 60.054541496127435 177.68335439831517 243 237.73789589444263 29187.527520524232 0.0 29127.472979028506
163 1399.0943599189713 73.56575135873656 181.64380528697376 247 255.20955664571036 29583.803991818833 1.4307559693779694 29508.807484491226
186 1662.828090376946 67.36282379464434 184.46122877397724 247 251.82405256862162 29321.833028944813 0.18805523896912746 29254.282149911676
