# Cpu scheduler: rr
# Quantum: 0.1
pid arrival_time cpu_bursts_time io_bursts_time nbursts bursts_time tat ready_wait_time io_wait_time
6 63.87637119256077 71.67383662411804 59.41208520558247 9 131.0859218297005 573.1386845611393 102.20112498128319 399.263722955729
1 34.121523390980634 95.48493563659969 95.56435478470736 13 191.04929042130706 963.4333011449316 144.72617797526388 723.2221875330541
9 71.30823812239868 115.66219104278397 81.17888947175713 13 196.84108051454112 1044.2550196571085 127.79887170194681 800.7939569123818
12 93.57636079183953 106.90034850759605 88.3430781226801 13 195.24342663027616 1052.6131489431073 107.28003428396346 838.4327661515503
10 76.9614446687392 141.94435332227974 141.34242930776088 19 283.2867826300406 1642.889256558701 154.14292892530165 1346.8019743111602
7 68.32546100971426 48.245892975444306 118.7617725191178 161 167.0076654945621 11112.608059256338 24.75593981798839 11039.606226462816
41 263.260637463835 40.06794354373959 112.34511354051125 151 152.41305708425085 11322.108742783854 4.261350056846197 11277.77944918319
44 278.69774258669696 43.87824324867758 123.4802521207429 163 167.3584953694205 12217.362348242623 4.20547669182389 12169.27862830204
16 138.85968013347704 50.0015470198966 126.48892775694351 169 176.4904747768401 12380.66609396461 16.79910832780564 12313.86543861681
8 71.1242307573624 46.708964296150405 129.82839495678186 179 176.53735925293228 12500.897890390943 20.630705865102115 12433.5582202296
53 351.07640394647365 47.99374855846618 123.98221087371356 163 171.97595943217974 12263.55417359618 3.3667298094639477 12212.19369522816
79 685.2989432990502 48.30628875534153 119.87204708833696 161 168.1783358436785 12116.375499165919 1.5612777926239687 12066.507932617844
56 426.7448758254551 41.4793418585589 123.06291899414269 165 164.5422608527016 12414.002791783287 3.1795270528920128 12369.34392287175
54 401.79129562340904 45.59414532039038 123.64528503237106 167 169.23943035276147 12545.81531670325 3.161257170900001 12497.059914211866
55 403.7970359856335 43.69877145955764 124.90389045202099 167 168.60266191157865 12551.74365636126 4.032866504159756 12504.012018397449
29 211.0150565394491 45.79079107759549 125.37348875765096 171 171.16427983524648 12759.176405065557 2.2775789229681607 12711.108035064895
87 764.5906738801337 49.9188762341591 119.15312587243285 163 169.07200210659195 12240.171460257781 1.5203724008152903 12188.732211622695
88 766.4446397920118 43.36774454114467 118.12345592211894 163 161.49120046326362 12241.55986945073 1.994604328474793 12196.19752058101
47 311.33876980208754 44.81489845061366 125.20176189046987 171 170.01666034108354 12803.320699112986 3.421659229329123 12755.084141432944
5 60.406532929556626 52.857620411938264 144.70282900872516 187 197.56044942066347 13066.658830318607 26.17627865108625 12987.62493125548
38 252.62844912820395 51.072360717220434 129.62942040920416 173 180.70178112642458 12913.593391975177 4.108249453262516 12858.412781804582
13 115.8436643414205 48.216192369111496 136.87810179741035 181 185.09429416652188 13084.803463795184 16.170306633007968 13020.416964792967
92 845.322840584815 44.58876319738416 123.71121131065051 165 168.29997450803467 12366.562175457047 0.5520613190519725 12321.421350940509
2 35.436605097935605 53.81787268814589 152.32106214103823 199 206.1389348291841 13262.879045967611 29.400488405910288 13179.66068487344
14 129.16420416239458 52.102765020168114 135.39745309125718 183 187.50021811142528 13191.165891863713 11.084489272904818 13127.97863757052
17 144.08423507324608 49.45416139210526 136.1441092107535 181 185.59827060285875 13210.637038869681 12.56166113557859 13148.621216341886
24 173.90917903891503 47.452127768860564 127.9581830877831 179 175.41031085664366 13248.873315979525 6.154838571842731 13195.266349638725
0 34.121523390980634 58.23619151757565 153.07839557731387 203 211.31458709488948 13415.028376915701 30.907317433404863 13325.884867964609
93 852.2678766477002 49.36509747432775 124.00581045093205 169 173.3709079252598 12609.946749654791 1.548542595427989 12559.033109584914
84 716.1282730808302 44.49838692487423 125.03154768285991 173 169.52993460773416 12880.914754212183 1.75253355887844 12834.663833728331
40 261.34733723240265 48.78689916470532 134.0911111448678 181 182.8780103095731 13397.984001608256 2.1327582783095522 13347.06434416513
45 293.38905570078236 44.55625984134012 134.21704241875656 181 178.77330226009667 13415.266396142726 7.080863991888464 13363.629272309397
100 895.6855592678522 50.04311789947557 132.16687117961715 173 182.20998907909265 12827.394737866785 0.25310860318563755 12777.09851136401
74 655.2020069646278 49.04115060245712 131.98782027512982 177 181.02897087758697 13124.290979924395 0.8089190609770185 13074.44091026085
18 149.36678425291436 51.843074634397155 140.5247273765053 189 192.3678020109024 13692.105606740659 7.993619669158022 13632.268912436997
89 766.7430837067263 49.509895380642426 131.01893097852664 177 180.52882635916905 13081.058995188854 2.342301573736563 13029.206798234361
26 184.1649616214937 50.265277081523436 137.08135992524083 187 187.3466370067643 13710.908927390321 3.0102519777820476 13657.633398330905
94 855.8572543353035 51.994318031193394 130.50827154513541 177 182.50258957632883 13057.981371062684 0.38382315850890336 13005.603229872866
68 564.3262582004487 48.16349246820304 135.59315751101929 181 183.75664997922235 13361.557072286876 4.826066628284934 13308.56751319028
70 580.9622337248462 50.802210663812964 143.38241524410205 185 194.184625907915 13554.716694228038 1.51548713530417 13502.398996428801
49 317.40306389499324 54.052639478105625 139.3166986668407 189 193.36933814494634 13825.482498270127 5.047432875669301 13766.382425916232
19 156.8762305625992 52.30466231426046 151.2903618547449 195 203.59502416900534 14041.445704204783 6.248237443523152 13982.89280444688
22 164.47336194885392 54.27111883985404 144.51101368242556 195 198.7821325222796 14054.767841015859 8.988318719295336 13991.508403456583
28 209.62439909245887 53.363722394063785 145.82487364537988 193 199.18859603944367 14015.069217737782 2.229419363581883 13959.476075980016
48 314.2554342026802 49.82794107418201 144.4531670926601 191 194.2811081668421 13924.626014068448 4.9156467189792465 13869.882426275177
15 138.30823246721076 53.49036525172143 153.55540990585365 199 207.04577515757512 14154.717251572325 11.416297331584246 14089.810588988907
27 194.98789743003562 52.13458400193693 149.1215609523242 195 201.25614495426112 14101.535864791182 5.023983875488568 14044.377296913639
80 685.6274791804277 48.47580874388245 141.3336664808198 187 189.8094752247023 13618.129775996527 2.140003745339868 13567.513963507201
81 688.9851573355958 54.075512035147014 138.5803095967628 187 192.65582163190982 13617.236953216294 1.753169737680878 13561.40827144334
103 967.708881235652 48.255699628914115 136.45035187479908 187 184.70605150371316 13466.40255482866 0.8795170085909376 13417.267338191052
39 256.22197793480103 55.390622478787556 147.49026227483597 197 202.88088475362352 14190.379057931537 5.157932682223077 14129.830502770406
91 832.2081321748299 49.997825307444835 139.6989082586209 189 189.69673356606577 13634.60094395987 0.38159302004976325 13584.221525632245
82 700.8177331849307 51.39416697437946 142.55182640120262 191 193.94599337558213 13769.55770953703 3.8578490701146393 13714.305693492412
30 214.34839380422997 53.506979086369434 154.72031599751446 201 208.22729508388392 14356.274926082948 4.317223604212927 14298.450723392249
43 269.1068099918541 59.99606585569105 154.10822238710483 201 214.10428824279586 14346.463043539448 3.6302224424314318 14282.8367552412
64 510.0892546317678 51.49869141452804 146.0242205109821 197 197.5229119255102 14107.415612822322 0.6944726045853713 14055.222448803084
75 655.3858010575151 56.25008412318623 146.442447133708 195 202.69253125689423 13963.62266666097 1.3578680768156346 13906.014714460829
25 182.76061746443276 54.305356457068186 155.3266276278365 203 209.63198408490473 14440.039376740397 3.5438149757556516 14382.190205307445
98 873.7891015418468 53.8097634520797 143.31081199278793 193 197.12057544486765 13768.803214444375 0.12472320662936909 13714.868727785537
11 77.59192317488436 60.04603055289062 157.53188447057923 215 217.57791502346987 14584.302343172538 30.704241854257745 14493.552070765269
102 956.52697454549 50.1642544497326 141.326292582219 193 191.49054703195162 13719.321235542102 1.489362155942672 13667.66761893631
3 45.97781544584728 60.407794371109176 168.98585506792824 223 229.3936494390374 14659.633931029122 24.696012249765154 14574.530124408117
83 703.4056810746283 56.4464980646502 142.1422836043164 197 198.58878166896656 14004.618775352385 4.269860098016579 13943.90241718958
85 718.9479223275356 53.45783840072674 153.53776695038286 197 206.9956053511096 14001.593054433391 2.1415700184381876 13945.993646014093
23 172.14927878264842 57.7934612892458 159.60793974198617 207 217.401401031232 14556.434882716869 5.49966886077911 14493.141752566706
52 341.5860192774659 57.97372223587544 146.0630809855176 203 204.03680322139303 14407.999035534256 4.020623860372382 14346.004689437863
86 722.8433294382122 53.52542336302183 145.62326580238113 199 199.14868916540294 14061.800791168638 0.9477812704527651 14007.327586535033
4 47.65695474511538 61.41842223375574 165.41054697826337 225 226.8289692120191 14743.205641349592 24.08497128178618 14657.702247833919
50 336.7021520053562 58.37612760222178 146.4669741799539 205 204.84310178217575 14463.900530695722 3.0136225609736016 14402.510780532393
51 339.2684183178126 55.14835085510143 155.67577054443564 205 210.82412139953703 14462.201434576542 3.2877952948587676 14403.765288426439
60 487.9537239126378 55.10813472151878 150.4324343299637 203 205.54056905148246 14315.832731686187 4.7600244744323845 14255.964572490098
21 162.36166447019716 57.58248653873738 155.4622981787478 211 213.04478471748516 14665.619352071044 6.549767808085562 14601.487097724086
37 251.58557367357767 60.193134638605244 154.16200812093177 209 214.355142759537 14612.5526370678 3.580479010825286 14548.779023418223
76 656.3455393862604 53.369675709496846 154.15383251108696 203 207.52350822058378 14213.619502972635 0.51919031889895 14159.73063694411
77 667.5311411863925 57.167009815582695 150.89368853553785 203 208.06069835112055 14206.853038364296 1.8862953868274417 14147.799733161746
101 935.8717926239805 57.828336180566914 154.395798052796 201 212.22413423336292 13962.711256688164 1.1500039058419134 13903.73291660161
31 220.6854171838397 55.5145433054587 158.77446844574087 213 214.28901175119955 14721.884779327587 5.122379833818343 14661.247856188184
20 159.86856343567385 60.153389386699814 161.9083013525994 217 222.0616907392992 14812.429797031093 6.142020142765205 14746.134387501475
99 880.1282388354908 57.65908063536082 160.9202892276962 205 218.57936986305702 14103.50946992785 0.1000982144706768 14045.750291077886
35 247.62632607193675 57.72809652661374 162.07388562262153 215 219.80198214923524 14751.737781987464 3.7124631570583517 14690.297222303658
96 862.5641932099006 58.5198304106206 154.76309544864654 207 213.28292585926715 14152.766434035484 2.334131343184822 14091.912472281532
57 445.8632924417876 60.87622396266183 163.58588664482508 213 224.46211060748692 14576.58837581472 2.641905406615251 14513.070246445286
46 302.7356833325125 57.93330031386637 163.070711300209 217 221.0040116140754 14754.47102151052 2.712142253201989 14693.825578943304
36 248.13355239979734 64.75242488967197 162.81786459821907 219 227.57028948789107 14823.86745835602 3.562963936127261 14755.552069530064
67 562.7255912693089 61.1237174580835 164.76422926475783 215 225.88794672284135 14525.775508031376 4.6534916895717515 14459.998298883567
72 606.8060205228165 58.954123714851505 159.71481834268286 215 218.66894205753437 14487.536245728701 2.328562550699644 14426.253559462984
104 969.3168555623524 58.07536829368058 158.46370645290105 211 216.53907474658166 14134.105686137855 0.27379384757205116 14075.756523996457
71 601.1292488658783 60.6456507545688 161.4108545647062 217 222.056505319275 14523.197103535911 3.7862248286567137 14458.76522795254
73 639.1746883046358 60.361472684374895 160.13177241938493 217 220.49324510375988 14498.002095325137 2.081537410167357 14435.559085230441
65 518.9322468049454 58.60306687638758 169.82513112009207 219 228.4281979964796 14622.99371136512 1.804039468762653 14562.586605019827
69 570.4108168507626 61.764199281210104 163.54854842250782 219 225.31274770371795 14579.980248126418 3.580451807941813 14514.635597037117
34 244.04617098095153 58.82341964669972 168.0036336008275 225 226.8270532475272 14912.603547417866 3.5644840131723754 14850.215643757861
61 492.5435921053208 56.970951737956504 164.67324182380787 221 221.64419356176435 14666.138505075789 2.007819801291646 14607.159733536402
62 494.1437221621492 59.38472116605716 164.64971533871872 221 224.03443650477587 14665.856054637841 1.2098199285238707 14605.26151354312
42 263.4016301373901 63.779936231366975 165.062072212839 225 228.842008444206 14899.068616279199 4.431652979895716 14830.857027067786
58 471.32002616086027 60.73623929704129 173.50951245959612 223 234.24575175663745 14703.792077444965 2.312908693759823 14640.742929454003
63 506.54441157521615 62.04613120006649 165.97763769598856 223 228.02376889605503 14671.046822106273 1.5066815419337445 14607.494009364129
90 823.466749251584 54.53683017850621 161.22559233086778 219 215.76242250937395 14355.634784821059 0.2583214144622161 14300.83963322794
32 228.20653525112286 65.80936508662558 170.3490412056199 231 236.15840629224547 14968.1663741427 3.733535208053695 14898.62347384785
95 860.9480023118982 59.892216019578385 167.50882448309395 223 227.40104050267237 14343.283423271214 3.0291286313882893 14280.362078620103
33 236.51571408098405 66.80304473545662 172.4522159433904 233 239.25526067884704 14969.636997615837 3.806985390923046 14899.026967489292
78 678.7359009383531 57.14806039535608 173.04247452541293 227 230.19053492076898 14530.500057563551 2.910132876458306 14470.441864291595
59 483.3821911620631 65.47070243690811 170.56784154909693 233 236.03854398600498 14736.262136526148 1.6356293621768145 14669.155804726886
97 866.0109196809824 63.4034330458094 173.67937298168025 235 237.0828060274896 14364.48117203605 2.4617893574639993 14298.615949632613
66 548.768168182763 70.17827734807872 192.26534603010649 253 262.4436233781852 14695.428312839998 2.2567120894043455 14622.993323402316
