# Cpu scheduler: rr
# Quantum: 0.1
pid arrival_time cpu_bursts_time io_bursts_time nbursts bursts_time tat ready_wait_time io_wait_time
1 45.10907233935397 59.13626521755731 40.20654761000014 7 99.34281282755747 415.8405063685652 257.95954326684756 98.74469788415627
12 109.20283339781496 68.32798032761603 47.65281443599564 7 115.98079476361167 728.5094678617721 287.61716640465056 372.56432112949295
16 128.58669815720214 49.84157613681705 34.95284515107545 7 84.7944212878925 717.7411306086875 255.49249050389844 412.40706396796315
21 146.96273586329883 65.0141484863389 45.40560465433737 7 110.41975314067626 885.5956400236989 230.91724314679524 589.6642483905616
9 98.02988513536377 77.01468080099465 55.27740310879564 9 132.2920839097903 1037.8916980210774 271.9728017884575 688.9042154316251
18 129.31638279775038 109.79598292894971 88.47623417426789 13 198.2722171032176 1578.5117966816586 264.6952987705888 1204.0205149821427
20 143.20536489274969 106.55964555925631 87.97299853367458 13 194.5326440929309 1616.3147644646767 254.393103537256 1255.3620153681923
14 122.17645622269279 106.42575698260802 96.92711486825081 13 203.3528718508588 1684.9492036700226 272.40319349547167 1306.1202531919696
7 91.90982529777843 100.45821007940626 113.55940971278683 15 214.01761979219307 1763.7957882390326 284.00338960963217 1379.334188550018
10 99.91932128607947 114.94903973509645 98.68124698724557 15 213.630286722342 1836.2578892510353 280.55927667369565 1440.7495728422869
17 129.06235875579623 42.33401100244277 112.72144291629478 153 155.05545391873753 20205.40066274909 59.74801265315003 20103.318639093563
23 182.80308860841316 43.443948082584754 112.89065287882872 153 156.33460096141349 21095.879787387104 53.448376559758714 20998.98746274482
22 156.36262608335068 46.858799437441014 125.5152066550481 165 172.3740060924891 22472.34582875627 55.80608428512875 22369.68094503379
40 350.9100969269337 42.71766042923408 113.93609376611796 157 156.65375419535204 22786.191228403655 6.559104886393982 22736.91446308813
80 724.9846895342639 43.922993592163955 114.46010743888135 153 158.38310103104533 22516.00169974925 1.7602197475040384 22470.318486409662
147 1438.7014035361835 36.628928379775004 106.4227406468626 147 143.05166902663757 21868.19655926871 0.46016868912033715 21831.10746219989
88 776.1374816593269 41.34531989652974 112.45991948303649 155 153.8052393795662 22852.608350923998 3.5216368692356355 22807.74139415835
0 45.10907233935397 53.635979778624446 153.62695122339235 203 207.26293100201684 23605.401185652012 68.54191864289272 23483.223287230638
41 354.5430821264352 43.817644915605605 125.90218730319188 167 169.71983221879754 24246.50155660341 9.022706399301512 24193.66120528863
3 64.7759369732459 52.49787200920206 141.94334831104945 195 194.4412203202515 24917.460597018544 81.58305667430503 24783.37966833519
170 1636.4958632957346 45.46849682571477 115.40934398970947 159 160.87784081542424 23614.675805936953 0.39694710578737613 23568.810362005603
2 63.66504440155296 59.25729225296503 149.6316621331189 199 208.88895438608392 25641.078782533015 84.04391966390247 25497.777570616334
95 849.1511540227888 47.06693761104789 124.95806865012972 169 172.0250062611776 24882.111328739305 0.29437338014258785 24834.750017748276
11 103.1150467212712 51.81423915776718 144.41509270322308 193 196.22933186099027 25741.636004548487 66.37366939632834 25623.44809599454
145 1428.8233022421646 46.070900540779185 124.78035953245264 165 170.85126007323183 24447.788799494294 1.670548601264727 24400.047350352426
15 126.84814885160388 53.387508321337 145.31839175661815 193 198.70590007795516 25798.51668091756 67.51074015238162 25677.618432444007
29 261.73944184287706 48.54609582448493 134.29197558276474 181 182.83807140724969 25808.547452821444 21.043542412783268 25738.957814584348
75 651.8693093316339 53.084833898883204 134.30685806448508 175 187.39169196336832 25676.763949103555 1.3446219974036921 25622.334493207494
78 689.4211814843115 46.62061240118876 128.70403750761528 175 175.32464990880408 25680.231277338564 2.473197500520996 25631.137467437013
179 1743.9090307199451 45.62103337493129 124.28613575552592 167 169.9071691304572 24722.922310739126 1.5849050635592903 24675.716372300874
13 110.946518477203 56.84070842632418 147.59104758731945 197 204.43175601364362 26364.006032281777 75.80008766796094 26231.365236187725
55 455.48367762332754 50.13822899685075 135.05809056149448 179 185.1963195583452 26114.258608670745 3.140062917431294 26060.980316756682
82 731.747223329395 48.72411761095308 130.82158124588332 177 179.5456988568364 25949.95348979789 3.3435389916829763 25897.885833195443
66 559.1616015719386 50.14208930162685 134.56331165784954 179 184.7054009594764 26183.588222463495 7.703150415647883 26125.742982746426
77 682.6675003342737 50.776336859549936 137.9830442232188 179 188.7593810827687 26227.46540089447 3.2488807820280954 26173.440183253086
181 1794.167705789368 47.49668327349682 129.5867363991189 173 177.08341967261572 25500.670987044407 0.6811128773499604 25452.493190893758
160 1529.6298114379424 47.50760085776798 132.2895625489005 175 179.79716340666852 25807.83836181882 1.6812124047341968 25758.649548556506
19 138.7963615650777 51.09902985801331 144.80471819022227 199 195.90374804823557 27205.984989183104 78.0019955949696 27076.883963730288
199 1985.5742765017517 48.79459143916891 133.45919368566194 173 182.25378512483087 25474.125336632693 0.2853923396646678 25425.0453528541
204 2022.76997956089 50.79518770729531 124.5202064701513 173 175.3153941774466 25475.4070545275 0.29999999999972715 25424.311866820477
180 1784.576258694587 47.13473011445602 132.70519165240324 175 179.83992176685925 25763.02351662655 0.0 25715.888786512285
90 814.6063448342959 52.75480978327972 133.51587803681895 183 186.27068782009871 26743.401499852665 2.935930803989663 26687.710759265676
51 430.6262836071356 54.086378781941235 135.90480755885636 187 189.99118634079758 27167.709634850282 7.48401422679251 27106.139241841804
165 1575.8394884730758 49.808098707433444 131.46876991617114 177 181.27686862360463 26050.200825282387 0.5224186088762508 25999.870307966277
47 388.8506675665952 52.245845604238994 137.05805336541172 189 189.30389896965067 27313.502517054727 7.108887662399127 27254.147783788314
144 1416.2511785964496 51.369158890822966 134.22725028303776 179 185.59640917386076 26322.207118417442 0.44383347514872185 26270.394126051706
85 750.9965859973528 47.54029639623451 135.09832990855912 185 182.6386263047936 26999.559397608664 3.302155895712758 26948.71694531694
155 1489.4340626962673 49.813271139968904 133.12365829402555 179 182.93692943399446 26316.67275679047 0.7715894261189078 26266.087896224606
6 89.34822086876247 57.72562610527978 155.53842269145278 211 213.2640487967326 27732.47604253923 70.17330989024673 27604.577106543908
187 1890.9309715076758 48.299835045649274 131.07362233366982 177 179.37345737931906 25986.41393037948 0.6359189523582245 25937.478176381675
166 1602.5103989091047 48.539430987600745 131.78014368121492 179 180.31957466881568 26303.203232638873 1.0696339104695198 26253.594167741016
28 254.4477850673027 52.9388402199332 142.6490750237875 195 195.58791524372066 27663.10386021008 23.666566128184343 27586.498453862157
89 801.3413453339986 52.410109252729065 139.8003926461007 187 192.21050189882976 27245.011548185095 1.9843915186406775 27190.61704741396
188 1902.9099629928653 48.68030606753008 135.19624994129956 179 183.87655600882965 26226.595991302533 0.0 26177.91568523519
36 315.4779113003308 54.56665861660237 148.00682299881822 195 202.57348161542058 27880.986893644167 15.04815115278251 27811.37208387499
87 763.9207022997848 55.23769125902922 141.72000990459858 189 196.9577011636278 27503.880527186844 3.662429000700058 27444.980406927352
106 1034.4975514205694 48.218310576758704 139.577739902232 187 187.7960504789907 27246.35966245333 1.6059185036046983 27196.535433373203
126 1255.809347997523 56.04262805860199 138.48526452370237 185 194.52789258230433 27027.533658951586 1.390127173299561 26970.10090371995
72 638.3944658395754 50.69742175495513 143.08369454643162 191 193.78111630138676 27719.967171207994 1.3598994516167977 27667.909850001673
79 703.6394490175412 57.03087878744432 143.15187836286066 191 200.18275715030495 27712.28578538107 4.24029385292215 27651.01461274094
63 552.3076340091127 54.66518161653235 140.76053467846344 193 195.42571629499577 27928.771107112218 4.024723646828875 27870.08120184912
65 554.4422464144923 53.22236860816118 145.93975038748707 193 199.16211899564826 27930.316024810258 4.862860230068463 27872.230795972224
131 1284.2475583067112 54.43691653060741 142.3018593926941 187 196.7387759233015 27264.315638384298 1.3333412986828534 27208.545380555242
53 431.53299153833217 54.23015899255439 141.2233122247434 195 195.45347121729782 28124.248477991496 8.915099125496795 28061.103219873658
92 828.8899284913798 51.79802831758498 143.5659955845093 191 195.36402390209423 27728.731213158193 3.5283619241160977 27673.404822916717
174 1665.0256087544888 48.06687604904678 137.99817770614058 185 186.06505375518736 27006.218186245333 0.0 26958.151310196525
143 1411.124085617574 52.841733479427845 133.6929754434842 187 186.53470892291202 27268.542328959003 0.10395015579160827 27215.596645324047
127 1264.739925908297 54.81321564300392 140.2519710331363 189 195.06518667614023 27478.47674783647 1.7675750966325268 27421.89595709709
24 194.6739938551267 55.915308694547875 153.94967481301197 205 209.86498350755983 28572.345862156733 52.083815037592274 28464.346738424843
162 1548.307028295993 53.37526251168139 139.33603454029677 187 192.7112970519782 27238.762126813956 0.09999999999990905 27185.286864302525
192 1920.517518634903 54.2090398427962 139.54542428290785 185 193.75446412570403 26898.538385462118 0.4761342633712502 26843.853211356214
114 1100.9876774036452 48.64330173009421 141.0842926388818 191 189.72759436897599 27721.719243570693 1.5948840051967181 27671.481057835626
59 515.4879945103204 54.62622585142899 148.9421146083454 197 203.5683404597744 28339.750337588775 3.417893711853708 28281.706218025814
205 2024.482344889537 47.60248920380592 137.70349349622035 185 185.30598270002628 26880.924103078258 0.09999999999990905 26833.22161387466
178 1737.1005398004318 47.38140074136446 139.70699763949628 187 187.08839838086078 27188.50310211671 0.0 27141.121701375585
54 438.1487440360608 54.70094050274001 152.68619308831668 199 207.38713359105668 28554.806310283184 2.465103252450433 28497.64026652828
190 1909.1962709727507 53.563017719213356 141.01925791390804 187 194.5822756331214 27112.83254430119 0.0 27059.269526582248
142 1397.323467380331 53.922234240156406 141.08730344026299 191 195.00953768041944 27692.028750401925 0.8589149349841136 27637.247601227027
8 94.68535912158697 63.26354275398764 163.3602509864909 219 226.6237937404786 29059.224023077317 93.56362478621816 28902.396855537438
57 469.0498223655495 55.79935216879524 145.09149535312037 201 200.89084752191562 28760.00023148881 1.6527800026964314 28702.548099317624
46 379.8311931436934 54.39366268131922 153.57229916410085 203 207.96596184542008 28883.693255329235 3.6978397313707774 28825.601752916842
37 322.5147687345527 61.056446085953546 153.1161236111467 205 214.17256969710022 28959.788712512345 9.559557626642004 28889.172708800015
103 999.8088699865735 53.39850526861611 148.83068806063594 197 202.22919332925204 28342.913372500927 1.3141301444413784 28288.200737088115
26 222.7875680337159 61.34199986745592 161.44326812075766 211 222.7852679882136 29176.597473103957 34.06968113781201 29081.185792098964
133 1310.5323630467824 56.75074222120539 144.38597506522487 195 201.1367172864302 28090.092951668175 0.23317964217221743 28033.10902980513
33 288.89968366679005 52.49429497446441 157.2794008904803 207 209.77369586494473 29115.372486950946 19.798074050693288 29043.080117926005
96 860.9940557766242 54.730641381961334 150.28935928723217 199 205.0200006691935 28547.252815886673 2.3164375673947006 28490.20573693758
44 361.10700593708776 52.54141872439587 151.07491433728197 205 203.61633306167784 29051.53133983641 4.072413214858045 28994.91750789738
43 360.6566361506003 58.07989027553069 151.42143455309022 205 209.50132482862094 29055.592392723287 5.098381199607559 28992.414121248432
194 1943.3587670643672 53.91131386924631 137.81321210404477 191 191.72452597329107 27499.890738443948 0.0 27445.979424574994
61 544.7500575608078 56.67973101550873 156.09382233363257 203 212.7735533491413 28959.18785755141 5.053074529291848 28897.455052006877
128 1265.3786576548762 53.24591780251673 144.57978481817673 197 197.82570262069345 28278.167641592845 2.3473036190364382 28222.574420171557
156 1513.0501770966966 54.88504108982911 146.3179569938894 195 201.2029980837185 28036.31340160215 0.9451413595813847 27980.48321915304
108 1047.8290719324361 57.13756458229132 148.71439363116951 199 205.85195821346082 28505.295566761535 2.076589129128706 28446.081413050404
111 1063.1306413756852 54.23809326803038 146.09608380074727 199 200.3341770687776 28514.238890372988 0.9101123276946055 28459.090684777566
193 1927.5279256098067 54.60678727873924 141.8321626220869 193 196.43894990082617 27681.297477395743 1.3833349749290846 27625.307355142377
140 1381.000808348665 50.77553661797253 149.10693557470356 197 199.88247219267612 28270.383831995812 0.0 28219.608295378086
149 1448.4634440818759 56.816727331082745 147.99901301714448 197 204.81574034822722 28252.65095564947 0.6805623133718655 28195.15366600531
105 1028.152973087527 51.552570217877225 147.8233695225216 201 199.3759397403988 28688.735972631082 0.8269949738214564 28636.356407439696
109 1047.932140395179 56.00020043167364 145.23182189560586 201 201.23202232727948 28681.818171442443 3.5205937382097545 28622.29737727286
130 1274.637238980622 56.49994815137454 148.456238169678 199 204.95618632105248 28464.750575008416 0.6337926759767925 28407.61683418138
110 1054.7257609064325 56.85438784235712 150.4515612344664 201 207.30594907682354 28688.212517264925 2.466781291710049 28628.891348131136
161 1541.7972087282076 59.34234073612787 147.93061245896163 197 207.27295319508949 28207.09266670986 0.3999999999996362 28147.350325974054
25 206.4156447770201 63.26384691666743 153.35505310768002 217 216.61890002434745 29570.673270070372 26.369748996255765 29481.03967415777
118 1143.8574873857808 59.85305407859615 153.2072873465771 201 213.06034142517325 28667.082003789943 0.0 28607.228949711687
84 750.4425497788156 54.001001325963095 154.29410072177097 205 208.29510204773408 29097.987739503773 3.1419017925893513 29040.84483638547
101 990.0216569245524 51.53065502928789 149.191947937485 203 200.7226029667729 28865.723154436917 3.898857218148123 28810.293642189758
64 553.5117558691271 59.15913976148177 151.97428689247005 207 211.13342665395186 29306.08716488714 4.539610643428659 29242.388414482593
154 1472.213804588006 53.74425674091 150.4192248929826 199 204.16348163389262 28411.38784924376 0.5710168038215215 28357.07257569933
107 1035.2692803125346 54.88170486289423 153.8008996691992 203 208.68260453209342 28851.51465899824 1.9830669464327002 28794.649887189167
184 1813.8120613224035 55.1000255203478 149.02420543071892 197 204.1242309510667 28084.871078889184 0.7296548174326745 28029.041398551715
69 612.3702486313218 54.4818945583436 157.734862409059 207 212.21675696740266 29289.063155886888 3.3586157454625436 29231.222645583377
117 1140.605386861624 58.58371320653379 153.09064827418635 203 211.67436148072017 28830.832967996022 0.03939771620525789 28772.209857073616
123 1191.918681750925 53.08821255095919 150.66328735060236 203 203.75149990156157 28801.1175265183 1.2490420257895494 28746.780271941858
146 1434.099481977108 53.40979903706176 150.38938681587075 201 203.7991858529325 28575.460552765267 1.753861848413635 28520.296891880094
176 1718.5101178432067 50.455465881521924 150.75834445937022 199 201.21381034089217 28295.813606445456 0.29999999999972715 28245.058140564186
186 1845.8425740039418 56.97848347472381 143.57190034064743 199 200.55038381537122 28205.97321885058 0.5954120662674995 28148.399323309914
185 1844.4915766779095 57.96675038038993 147.64098695707727 199 205.60773733746714 28208.330537522663 1.9677869155520966 28148.39600022705
163 1548.8199569835222 62.17911241752331 145.72577829440317 201 207.9048907119265 28513.449108921468 0.14271768618573333 28451.127278818127
76 675.519805330106 55.74451089704744 156.28822308195294 209 212.0327339790004 29417.82806235026 4.616167756287496 29357.467383697218
169 1619.9390166684668 66.28957152112474 149.58150371740768 201 215.8710752385324 28478.703995994958 0.1999999999998181 28412.214424474205
30 262.95468857668226 61.73145716537039 165.00859054230887 217 226.7400477076793 29846.60304984763 21.49541798755547 29763.376174695026
98 889.9904173909345 53.568610555245584 156.46593695090348 207 210.03454750614907 29221.088213040162 0.4760507548469377 29167.043551730363
139 1377.5094797228735 52.94742111428255 152.27321012059207 203 205.22063123487465 28745.82272982702 0.0 28692.87530871304
177 1720.095588154801 56.960396593858064 148.49270332123191 201 205.45309991508998 28438.812639628635 0.3999999999996362 28381.45224303509
68 591.2492828824627 57.65482609685349 156.83755797375858 211 214.49238407061208 29582.049763445666 1.7380187345140712 29522.656918614615
191 1912.7511686647679 53.51375831543647 146.57061830829 201 200.08437662372648 28300.196650753573 0.3999999999996362 28246.28289243843
73 642.2442243396781 56.23305937657254 159.37027275060817 211 215.60333212718072 29574.776987390112 2.202146854155444 29516.34178115964
171 1649.8714781555427 55.42142130491276 156.58531777017927 203 212.006739075092 28602.948544125753 0.0 28547.527122821117
100 978.7075902963803 56.399032293077354 154.48766375053512 209 210.88669604361246 29291.59543945131 3.0811532906328694 29232.115253867887
38 339.1321316276499 61.98131673514677 160.36135202983587 217 222.34266876498265 29988.354824624377 17.726551669604817 29908.64695621993
97 866.1201283690239 59.61638858998185 162.87662115433736 211 222.49300974431924 29472.09078339395 1.6997299645566954 29410.774664839722
112 1095.6602453561468 52.34486145359333 155.99603283757938 209 208.34089429117273 29248.350831559495 0.9417758315921674 29195.06419427459
138 1352.7898359422481 59.25557225383007 153.69245790346199 207 212.94803015729204 29010.213658812605 0.316167083102755 28950.641919475944
60 535.201946104553 60.79293316274417 162.63409104384783 215 223.42702420659205 29851.799414526795 3.2982276288121284 29787.708253735567
102 991.0595642407761 53.72158592705416 160.54393406472155 211 214.26551999177568 29414.7089104371 2.4487904119515633 29358.53853409842
167 1612.055430121448 60.79535206526241 155.63086243253176 207 216.4262144977942 28856.375857900635 1.723536428944044 28793.856969406766
120 1147.7823481606529 58.82237687934377 156.03605226992144 211 214.85842914926522 29339.770663877043 0.0 29280.948286998053
81 731.5592087831792 57.512904233530506 164.81550102800279 215 222.32840526153328 29759.514683828114 2.2430677707127415 29699.758711824135
48 398.1522466217677 60.7583808776375 161.3597969333761 219 222.1181778110136 30096.52655696986 10.252170584598161 30025.51600550792
203 2017.4634688508156 54.219749179086804 147.4156734413252 205 201.63542262041204 28493.89761039282 0.3583714624037384 28439.319489751637
158 1518.4201117373336 57.95248617835621 156.55173776280492 209 214.50422394116111 29030.922890142567 2.0613224153114516 28970.90908154924
34 295.63960308886755 64.1785679035251 167.85800631229858 223 232.0365742158237 30280.867123971857 15.998799546521923 30200.689756522173
168 1613.0660100641533 57.40763949320032 159.62508869468766 209 217.03272818788798 28966.051018499602 0.9318165123038398 28907.711562494427
136 1349.1567438037796 59.440024722590714 154.3369046376884 211 213.7769293602791 29230.659180762104 0.0 29171.219156039835
137 1350.651683175845 59.26235425008303 160.50683109229772 211 219.76918534238075 29231.00016980769 0.0 29171.737815557968
58 508.515811927148 60.319552786110044 164.36460546081616 219 224.68415824692622 30084.111517286005 4.963359258916114 30018.828605241317
91 818.8080390109046 58.76277784030588 166.31565228588622 217 225.07843012619207 29823.939520156644 3.3054468552044227 29761.87129546147
70 622.1074067207418 57.0349210702743 162.70023760443777 219 219.73515867471212 30034.851207891425 2.6732721216434356 29975.143014699835
4 66.85021218451791 63.25352085086945 184.83099949834198 251 248.08452034921143 30595.36962762807 79.50210972064689 30452.613997056884
189 1908.5971559378524 59.62625730063727 159.31051785162265 209 218.93677515225994 28764.530152421576 0.0 28704.90389512126
74 642.3054987140233 63.347363725224476 165.40206001119878 219 228.74942373642324 30032.95879337221 2.7576890066209216 29966.853740640716
135 1341.2370127654822 58.57238098084441 157.41931094438795 213 215.99169192523237 29336.46112888147 0.8080589232572493 29277.08068897779
198 1970.3690094456583 59.849754549796955 154.41997265371916 209 214.26972720351608 28722.12636576837 0.09999999999990905 28662.176611218943
173 1663.4012768697708 53.98227740154316 153.64694396590008 211 207.62922136744322 29036.224207321273 0.005055835411667431 28982.236874084636
124 1199.2529912689404 55.73886802672233 163.72055673344147 215 219.45942476016384 29507.033525424995 1.9726935878936729 29449.321963810697
86 753.1343566967878 65.92617993438505 171.2907404007406 219 237.21692033512562 29962.280842491353 5.651304520741519 29890.703358036604
152 1454.7636787806346 59.97119948135871 160.46244868690715 213 220.43364816826585 29272.970575827378 2.3855486996517357 29210.6138276467
50 427.3429516940285 63.22526984244966 164.54003109451966 223 227.76530093696937 30308.093337308175 5.26584005409228 30239.602227412022
31 268.1603819553581 61.25176738477572 169.9602288449592 229 231.21199622973495 30502.491529342773 20.847996696543248 30420.39176526179
122 1185.4610124626206 56.825633107619375 162.914808961642 217 219.74044206926135 29599.601230127802 1.135340384329993 29541.6402566362
104 1015.4105269942565 60.87530894482252 167.59775835107303 219 228.4730672958956 29793.02523749484 3.408778567850959 29728.74114998248
182 1802.7749260661828 56.74820437499795 159.97017700907693 213 216.71838138407486 29011.84119522112 1.6111542791586544 28953.4818365673
93 835.190893659047 64.05189502847465 161.47545798764278 221 225.52735301611744 29990.60299736215 1.4471621681233273 29925.103940165936
5 75.37870125071194 69.3923723793071 187.26228364310055 251 256.65465602240766 30751.206109111554 88.99334650792261 30592.82039022466
134 1322.7385706942584 55.504166640043174 164.88055614355287 217 220.38472278359603 29511.913352831114 0.9677831859876278 29455.44140300538
42 356.6694523409637 65.35820274623957 168.14605102172175 227 233.50425376796136 30479.4138069196 7.975723273718472 30406.079880900023
119 1145.4940148501298 53.18145448351122 164.78383587603128 219 217.9652903595425 29705.18914650405 0.0 29652.00769202088
121 1162.120090048439 54.6833967707101 162.6754470339643 219 217.35884380467436 29690.303621377407 0.7761993650144632 29634.844025242
172 1656.1010383255573 58.69616058209779 163.22114305298365 215 221.91730363508145 29197.475505462484 0.0 29138.779344880786
99 955.9956844179833 56.21922506366648 167.78244063557574 221 224.00166569924227 29901.172365706745 2.670584289030444 29842.282556354374
206 2024.648715743611 60.43878964861793 156.7013488153526 213 217.1401384639705 28843.83031552134 0.4026098589065441 28782.988916014227
207 2035.8958959330241 58.764705711708785 157.20385448961164 213 215.96856020132043 28834.40433358624 0.0 28775.63962787488
153 1456.8300920150593 61.8449380547606 162.0571657039402 217 223.90210375870086 29423.417382891424 0.9967959936798252 29360.575648843344
32 269.2419422844067 66.25269437664227 170.27263936721087 231 236.52533374385314 30612.460862712378 26.802344069456694 30519.405824266676
94 843.4395657659237 62.37768120056783 168.9352384835771 223 231.3129196841449 30054.537769868435 1.1288485365073484 29991.03124013173
196 1950.3800583534837 58.94319831605626 160.72048906884706 215 219.6636873849033 28960.48550214786 0.0 28901.542303832153
83 743.7565365294271 56.8573182487203 169.76390398078328 225 226.6212222295036 30175.58000939968 2.6274259094775516 30116.095265241805
67 566.911843506524 60.54493474240562 168.81580405939886 227 229.36073880180447 30362.95098150256 3.4528063114083807 30298.95324044913
129 1268.5732034587645 61.15991475342414 162.97664204454435 221 224.13655679796844 29670.51257212154 1.7509029283512518 29607.60175444012
157 1516.4405970162932 61.6390069853644 161.08633608145914 219 222.7253430668235 29424.73644336659 1.4079992024155672 29361.68943717919
159 1519.923906508402 62.9608151513022 170.11618989455874 219 233.07700504586097 29424.59581017548 1.2411561970054663 29360.39383882761
164 1564.7399910807699 62.635250105722456 164.08246795811658 219 226.71771806383902 29384.105293052115 0.0 29321.470042946843
39 350.8915695285348 63.77546432162927 173.94528671308117 231 237.72075103471042 30601.392513441057 10.129434364732731 30527.487614755046
113 1097.9333739238896 60.04127228380085 172.1754058110674 223 232.21667809486826 29857.960762324583 0.15592918953393564 29797.763560851592
45 370.4954651845113 66.65811544786527 169.9882858886218 231 236.6464013364871 30586.51725205153 4.148744383881308 30515.710392220175
195 1946.086310511856 64.5597998561823 160.04566570836977 217 224.6054655645521 29015.736142881047 0.2461654684793757 28950.93017755678
197 1962.8791304726903 62.13724420112216 160.98646241091535 217 223.1237066120375 29002.2587514269 0.5091387938859953 28939.612368432256
52 430.8561275301165 58.781710071808504 174.11374499441044 231 232.89545506621897 30560.276247091148 3.4698461492213823 30498.0246908705
148 1443.0595769415258 65.46245223551642 164.46597147209025 223 229.92842370760664 29570.693723948447 1.5032634970373238 29503.7280082163
125 1249.0700412818828 59.469272655647224 171.12144879370453 225 230.59072144935175 29771.08867170801 1.9127296041913269 29709.706669448486
201 2016.5375334790924 61.260429135676844 162.60169521952403 221 223.86212435520093 29020.084667070594 0.0 28958.824237935343
209 2041.3106790813922 61.09326964437485 168.09941049344812 221 229.192680137823 29001.676059223562 0.30829395866521736 28940.274495620917
183 1813.2042055226057 61.80881723798013 167.13823114959538 223 228.94704838757548 29237.369110822354 1.0323400982554176 29174.527953486508
49 422.19271370399156 67.65209243303161 182.50132933932943 237 250.15342177236107 30650.445370631118 7.422234745465232 30575.371043453026
27 244.63519884164086 65.61014060052126 181.70839587756367 245 247.31853647808492 30851.44989206854 25.13980497218364 30760.699946496257
132 1295.2935108337401 65.75648494000404 177.20709045133796 231 242.96357539134203 29802.6581697369 1.3013175706576021 29735.600367226638
62 544.9878105294106 64.98977454475649 175.5432666287309 239 240.5330411734874 30567.77267264325 3.4126886671999728 30499.370209431654
200 2005.4224848395452 61.48186268385241 166.87603713380767 229 228.3578998176601 29122.68620349789 0.0 29061.204340814464
71 633.4052029758482 70.19957876037779 180.0902519531329 241 250.2898307135107 30505.45544623131 2.053358810085115 30433.202508661285
141 1394.4841775626996 67.90831670013635 178.8003756986133 237 246.7086923987497 29766.101525504633 1.4427516167495469 29696.75045718814
202 2017.1858147836963 62.54715067570534 178.25474454030604 233 240.8018952160114 29145.823096150543 0.09999999999990905 29083.175945475246
151 1451.143721131244 63.99955119459996 174.55969778663464 239 238.55924898123462 29728.01528254883 0.6817136291240331 29663.33401772551
35 296.16477872797276 70.3179695111922 188.82947972995066 253 259.1474492411428 30887.56932066554 18.174642365527404 30799.076708789235
116 1124.3527748507233 67.99069796159162 188.41873521362967 243 256.4094331752213 30061.101209058415 0.4218865023535727 29992.688624594903
150 1451.076670905177 62.849336907596154 177.8695468111085 241 240.71888371870466 29738.698957738536 1.24921642725144 29674.60040440412
56 466.4484847831761 67.30189644197779 188.88843611951282 251 256.1903325614906 30724.647899858344 1.7772191513599864 30655.568784265477
115 1104.3736587230421 64.11494222169945 179.87082127658002 245 243.98576349827948 30088.63544030954 1.1824608694457766 30023.338037218768
175 1687.2285049790435 63.90653738699475 177.10964284508964 241 241.0161802320844 29507.58545487716 0.4620721732094353 29443.216845317384
208 2040.4521918463452 62.813752213344216 175.54201576533907 239 238.35576797868328 29156.596190519143 0.1852649203258352 29093.59717338593
