# Cpu scheduler: rr
# Quantum: 0.1
pid arrival_time cpu_bursts_time io_bursts_time nbursts bursts_time tat ready_wait_time io_wait_time
8 21.800388466350164 59.55692932818151 49.369886482847974 7 108.92681581102948 458.4247739017116 100.65164145489297 298.21620311863217
4 11.295943698389113 67.65105882887707 48.32087774523161 7 115.97193657410867 500.94247847488157 115.20672957577644 318.08469007022256
5 11.49450117251859 80.05162762414471 66.1549469318633 9 146.20657455600804 687.4379413165246 129.02518296285 478.3611307295204
7 21.049603098230367 89.45875548418309 72.66966208154003 11 162.1284175657231 760.6903414818526 118.24357784266061 552.9880081549968
1 0.9773222593044252 97.22436971439312 104.23604337419783 13 201.46041308859094 910.9525390366292 135.34896357585455 678.3792057463663
14 43.444366475764284 44.411165713026975 116.59370756369029 147 161.0048732767173 10386.252528964582 22.522510313955138 10319.318852937524
13 41.63655951471205 45.640565205633266 119.11020492816996 161 164.75077013380323 11332.774107381214 19.658679053053653 11267.474863122447
9 22.792051152318958 45.92139747565533 125.03262363372446 167 170.95402110937982 11401.265744904418 28.85101853423352 11326.493328894448
45 342.5434790475396 39.01259952814787 117.29965710823602 153 156.3122566363839 11306.227713257767 4.413915976977307 11262.801197752564
10 23.380997125210126 49.59361985998852 130.10592257048108 171 179.69954243046965 11844.81744737096 33.384513858985855 11761.839313651899
69 650.7523969649052 43.8442915496887 109.63036324741083 153 153.4746547970995 11357.734021368056 0.6477248220979845 11313.242004996175
26 118.42588076096672 51.289834781202835 125.01989216783593 163 176.3097269490388 11909.962688230367 8.701780200206684 11849.971073248858
0 0.9773222593044252 51.76415909821689 134.54487341069768 185 186.30903250891458 12129.003249874824 45.66857711300034 12031.570513663519
16 61.88681905646586 47.86376577183418 129.93088753780492 175 177.7946533096391 12388.265691374345 13.437329947559569 12326.964595654847
21 103.59340578213802 46.595317160522804 128.5284876682374 171 175.12380482876023 12351.455216624217 6.386014958803202 12298.4738845048
12 36.946870178582856 49.690246307553615 131.5743651813824 177 181.264611488936 12484.37963031928 21.440509973871144 12413.248874037761
2 1.247266743256714 49.91258454922603 144.55468442534485 191 194.46726897457086 12523.880566717658 35.654919913978674 12438.313062254363
25 114.14087683374913 46.56277221031257 124.61336704739715 175 171.1761392577097 12710.429670579295 9.825025068701635 12654.04187330019
52 429.69957637393486 48.72163800426488 127.28049273976286 169 176.00213074402777 12434.755469105467 1.6829056106846565 12384.350925490418
23 106.4589090483358 50.53672070568427 128.0803281651668 177 178.61704887085108 12802.285230384585 7.937878544501018 12743.810631134296
19 77.53506153854907 47.29307954566192 133.26649258553485 181 180.55957213119683 12918.129435543175 17.129063976968737 12853.707292020443
41 319.2813691024655 51.879590001399144 126.54623755708559 173 178.4258275584847 12680.721334312328 4.126619392644443 12624.715124918168
11 35.01685596137976 54.208518464438214 144.11911708601377 191 198.327635550452 13307.26663212001 24.98360543562392 13228.07450821985
35 242.97291897812826 50.0068285311402 132.99156040033358 181 182.99838893147376 13151.11775888516 2.601120819369669 13098.509809534542
84 786.0219056171053 47.98853720823281 130.4033424408549 173 178.39187964908774 12656.196294982576 0.3000000000000682 12607.907757774237
72 667.3913097561434 45.589079771758904 130.87539327269602 175 176.4644730444549 12796.307325073745 0.7492767450870588 12749.968968556796
18 64.88059851614508 53.11802593050909 142.78002439655123 191 195.89805032706033 13423.03885704641 19.564510777147703 13350.35632033865
42 324.9566972138593 47.45578779968596 133.2201084504131 181 180.67589625009913 13171.770880597034 1.5184813186182282 13122.796611478618
6 20.661364222474788 50.81218218408412 142.45909729777543 199 193.27127948185955 13524.599474119761 29.12420330683782 13444.663088628744
59 504.43153164117916 48.38625007601032 137.43710971642193 179 185.8233597924322 13043.910461848589 1.769780974191974 12993.754430798277
17 62.62872816339459 51.564667641023746 150.0851252260705 193 201.64979286709428 13532.780952200364 13.588668956728363 13467.627615602501
46 345.2582929563613 49.703190429428524 135.9969191474581 183 185.7001095768866 13291.432366173487 3.143154134707231 13238.586021609235
36 262.11844250353886 51.76187239086508 137.46320682526806 185 189.22507921613314 13403.886236986282 2.5821996670995873 13349.542164928196
37 271.1582338294377 50.28046468585991 140.68275439028994 185 190.96321907614987 13398.407323562606 3.599524192092929 13344.52733468454
91 867.5208981717059 48.20095652601816 132.21337629242865 177 180.41433281844684 12883.544364882922 0.2702658774634301 12835.07314247933
24 111.73054689194055 52.823363714887876 143.49644799441054 191 196.3198117092984 13665.067377303192 8.601132487174468 13603.642881101014
51 391.51374696420885 52.748156143376335 136.17901184464603 185 188.92716798802235 13392.890995118609 2.28638355287012 13337.85645542225
90 856.085291601314 49.74833430698551 131.91013135547183 179 181.6584656624574 12992.249048326896 0.8954603188672081 12941.60525370093
60 515.1471525000773 47.71313367899787 140.27746373407484 185 187.9905974130727 13362.189858040789 1.5249010856988434 13312.95182327598
76 706.6373001116972 47.427706505043076 134.88939141675402 183 182.31709792179709 13225.233681290683 0.4633433007163603 13177.34263148481
34 239.05799294248038 54.544785708567744 139.24628696325433 191 193.79107267182204 13708.28648725396 2.3364342131659726 13651.405267332111
49 364.9365686288594 52.46220748372053 141.5347635529015 189 193.99697103662209 13606.417442441594 2.9321729119999986 13551.023062045753
29 181.40002604526427 58.148592651171036 149.69557298218558 195 207.84416563335668 13902.441437501078 4.981278269299054 13839.31156658047
101 942.1358666192851 50.540678821013934 135.03541298722524 183 185.5760918082392 13153.838423747497 0.0 13103.297744926364
48 347.1701769786998 51.06256975450252 144.98207010622252 193 196.04463986072506 13795.924683507888 3.7590341352125165 13741.103079618077
82 766.1084288070846 56.06939082462598 140.57190246208881 187 196.64129328671478 13394.359674464684 1.2824322081105493 13337.007851431808
61 521.3267758745691 57.364551505072626 137.994059103281 191 195.35861060835362 13645.426559895335 1.9308177515741818 13586.131190638556
15 45.797670849781376 58.00525363951827 149.30997139771014 205 207.31522503722837 14147.913939511493 20.77451910942169 14069.134166762435
64 544.7374653440108 49.802426879207786 142.33440116103563 191 192.13682804024336 13652.409583326506 0.4597417812025242 13602.147414665988
89 855.9707686428991 52.16544086933863 138.28880948860876 187 190.4542503579474 13370.834107000228 0.45674792461238667 13318.211918206149
96 884.9339766839246 52.66380329561977 145.2168833604186 187 197.8806866560384 13357.690409598208 0.0 13305.026606302468
32 209.3356468254265 57.309129091179834 145.7628927445185 199 203.0720218356983 14079.144241491178 6.605608251521886 14015.229504148347
43 331.39406788505147 52.97950488559064 153.00028536430267 199 205.97979024989337 14039.756299917979 1.536360289310096 13985.240434742956
93 870.9357550578918 54.230760141100845 143.36268747284453 191 197.5934476139454 13518.70514484086 0.0 13464.47438469963
3 8.274716933141475 61.68787214409527 163.39033205359024 219 225.0782041976855 14411.372437087162 39.875145436459704 14309.80941950648
31 200.32281080905256 54.67640965779094 150.29119976700474 203 204.96760942479568 14232.655310245202 1.7914538576138739 14176.18744672967
103 951.8996465807508 58.0634623112042 137.33597734280238 193 195.39943965400658 13550.932397823168 0.7069457110570738 13492.161989800772
78 720.7187218740389 59.96616476885977 146.46252402228615 197 206.42868879114593 13804.528889428904 0.0 13744.562724659905
54 471.6596995156525 54.07301747232688 148.05555395421172 201 202.12857142653857 14060.0946076665 2.317906169466937 14003.703684024578
58 498.94998775977405 57.767774343884675 152.725600774021 201 210.49337511790566 14048.149215744359 1.9544300592291393 13988.427011341106
27 148.14141471724213 62.71005880542098 152.21264285984788 207 214.92270166526882 14400.212284020647 3.7336391120696817 14333.768586103013
20 92.16368398098815 52.69929797957595 162.35267916467734 211 215.05197714425324 14465.240046053661 11.276227794186383 14401.264520279788
70 651.0721742981384 52.919121814649685 144.26174600436755 199 197.18086781901724 13916.157463651169 1.1012745219616136 13862.137067314437
22 104.01250503371256 62.234627608588575 156.48649485603414 211 218.72112246462274 14483.209288302136 10.767954864908617 14410.206705828496
40 318.621287860448 55.27584711734941 151.25840328113648 205 206.53425039848582 14270.836852679944 3.3018780537852876 14212.25912750867
50 370.62690252705136 59.72247982474969 145.42790236706176 207 205.15038219181145 14305.002199332683 2.2713102242357195 14243.008409283564
47 345.5073118292371 60.32405449786496 158.77812956636959 209 219.10218406423456 14379.441330320065 3.799883327135092 14315.317392494915
65 549.8042982579736 61.930784587797184 153.42736951745937 207 215.35815410525652 14215.28293706225 0.12653111078338952 14153.225621363526
66 563.942566446673 56.9717449145453 152.86426094216375 207 209.836005856709 14202.281245030594 0.38950162086962337 14144.91999849503
79 722.8135418684077 58.57279715608148 157.03558633299903 205 215.6083834890805 14055.593017028323 0.0 13997.020219872098
53 455.69800005417835 50.40600003249562 158.957007617183 209 209.36300764967862 14324.994334315526 0.7615141281130491 14273.826820154796
57 497.8573997368324 59.14473553546904 156.13091294030048 209 215.27564847576951 14293.187109221775 2.0222410834647917 14232.0201326027
87 794.7303207684947 61.434212682686095 149.65815553114487 205 211.09236821383098 14011.269711577097 0.20000000000004547 13949.635498894271
44 341.88179310686996 60.62964597166182 160.67295870730072 213 221.30260467896258 14490.703405392902 3.890327514327282 14426.183431906773
98 916.3150756521627 57.83048847266201 155.28942750353656 205 213.1199159761986 13929.334274588275 0.1493111333586512 13871.354474982121
102 950.7974282188761 54.05589133190335 151.71529044919453 205 205.77118178109785 13912.465693501279 0.39012812250052775 13858.019674046758
75 689.8251979754567 62.430400984963214 158.51585179819557 209 220.9462527831588 14177.122735798364 1.019599732489496 14113.672735080756
55 476.5482986962 59.49262669142691 156.37034943566735 213 215.86297612709424 14402.587322397942 3.3424068652040546 14339.752288841173
83 784.7811917976873 58.630383342643874 155.14973715176032 209 213.78012049440423 14106.484924076005 0.0 14047.85454073321
86 789.6647578077344 54.473907583289325 153.7524752014321 209 208.2263827847214 14106.116221949445 0.7099917817394044 14050.932322584289
30 181.75547743562976 64.60139594624495 166.0041563405279 219 230.60555228677288 14715.117542621547 5.486707440764462 14645.029439234375
63 537.6905713259976 66.02612264383761 160.73593548941855 213 226.76205813325618 14367.28651535479 1.6693955910776594 14299.59099711971
38 297.05565527684547 59.3217673688747 167.15021375804253 219 226.47198112691723 14646.312097208618 1.3973393813367352 14585.592990458254
67 574.9189514642454 59.95359788775692 159.52408141216623 215 219.47767929992318 14371.984608468292 1.9631547362984065 14310.067855844101
68 584.8707107044836 54.74241208936486 159.68243260729542 215 214.42484469666033 14363.767478153297 0.4536176746343017 14308.571448389172
80 723.8901969559565 61.71140866717268 161.6877929757098 215 223.39920164288247 14258.757456765681 0.0 14197.046048098353
56 494.4246352881778 67.79944148990258 161.25900158355367 219 229.05844307345626 14490.161667903834 3.883508830084395 14418.478717583685
94 873.3963144545806 61.27732323702075 158.29365051954275 213 219.5709737565635 14114.07076829414 0.0 14052.793445056972
99 925.147288732005 53.575731891729326 154.84731934725428 215 208.42305123898362 14096.800172693054 0.17588708280209175 14043.048553718396
73 667.4675242967235 60.57398146336918 166.46717376021414 219 227.0411552235833 14359.961193300725 0.6237854594201053 14298.763426377785
74 668.7496200335039 61.13712969431937 164.7818311431383 221 225.9189608374577 14382.291429167011 0.12383850576145505 14321.030460966778
33 224.44910411536225 65.09112425700081 172.6058647736822 233 237.69698903068303 14874.125399663364 3.5726903959002243 14805.461585010302
95 884.2969059798419 59.87244031096624 161.24358771233503 223 221.11602802330128 14221.192818106983 0.0 14161.320377795866
71 661.1136941825099 62.6749188851135 170.05434639782496 227 232.72926528293846 14454.38861552749 0.0 14391.713696642219
92 869.1989206542544 60.913381177536685 168.80569053464473 225 229.7190717121814 14254.389396048606 0.36576241784393915 14193.110252453067
28 176.0373714265615 64.00321215203542 177.37787004277473 237 241.38108219481012 14951.755615002927 2.904919707370027 14884.847483143367
39 307.87768619936963 62.634692925756376 182.32025233187417 237 244.95494525763056 14841.899288629002 2.3796444673666315 14776.884951235732
77 718.8221488399573 68.23941820722789 173.99462797644844 233 242.23404618367633 14445.81050934257 0.1969064287115998 14377.374184706447
97 910.3077049926727 62.442884136465295 172.67308628980456 231 235.11597042626988 14257.31766805259 0.6497098491043971 14194.225074066864
100 938.3377932849729 63.704498020872045 173.30936742060808 233 237.01386544148014 14242.873706378488 0.5000000000001137 14178.66920835745
88 848.4264940130522 68.5451613006767 179.66942326830872 235 248.21458456898546 14335.932014928008 0.18252504395877622 14267.204328583195
85 788.3276991563611 67.93550626082218 178.64854374481493 239 246.58405000563712 14406.123531276922 0.4216809034473954 14337.766344112471
104 953.6361089341434 59.716899698410465 177.79557559171226 239 237.51247529012278 14246.622070645924 0.4091780920743986 14186.495992855293
62 524.1512237943349 63.3125740511918 181.81552714235465 247 245.12810119354646 14678.614471664378 0.508104218396852 14614.793793394625
81 753.2225994692067 68.74665963892484 182.5685592751895 245 251.31521891411438 14451.122671397012 0.7547040979972053 14381.621307659903
