# Cpu scheduler: rr
# Quantum: 0.1
pid arrival_time cpu_bursts_time io_bursts_time nbursts bursts_time tat ready_wait_time io_wait_time
1 17.322291346396728 32.38553079226469 10.982844653368991 3 43.36837544563368 314.8163210793173 213.17799920972172 69.25279107732749
15 76.10803691338123 39.279018585308776 28.93953561047358 5 68.21855419578235 537.4472396799283 188.07186455889283 310.09635653572207
4 24.762382746403798 80.48542853520954 66.32668329847374 9 146.81211183368328 941.8892347654705 235.68587125353335 625.717934976714
21 91.14574140983726 91.06743579516522 67.96806204295433 11 159.03549783811957 1247.4795072566062 200.14732334938964 956.2647481120704
10 38.92969937985848 111.9446617331246 96.48379281324202 15 208.42845454636662 1825.4936062985626 247.83227919157505 1465.7166653738884
13 72.92425747846593 106.35915509414089 108.81985273909662 15 215.17900783323753 1841.1642416979782 208.78065307107738 1526.0244335327864
9 31.88032627951849 141.64036056887528 107.70219102417407 17 249.34255159304934 2039.8254197645617 280.40166416313923 1617.7833950325917
6 30.306122845796768 157.808982740837 136.92844066436803 19 294.737423405205 2433.576899971298 285.7054868663007 1990.0624303642196
14 74.62282582901003 147.054369258199 130.49687290018247 19 277.55124215838146 2666.3692648550496 241.0008032580178 2278.314092338893
2 17.876258043667505 175.70687813278082 162.16978489402618 23 337.8766630268069 3184.8334476479345 303.4014919173016 2705.725077597927
100 951.9302079997432 32.85449875528024 90.45045659836356 125 123.3049553536438 18543.717068514226 3.694523783011391 18507.16804597595
11 57.769938958103005 45.79232774452907 116.55281233365683 157 162.3451400781859 20365.27984777531 89.3015349029225 20230.185985127882
12 61.4945459396911 48.577113839016405 123.93536093060939 171 172.51247476962578 22536.61167044721 76.42827840250374 22411.60627820576
97 907.2930397391514 38.89978914324965 115.7086291482181 151 154.60841829146773 22400.441637508717 0.9299570757183346 22360.611891289875
7 30.92588683801526 50.12250550338108 137.96051932688215 185 188.08302483026324 23450.067107942392 102.19337589347089 23297.751226545646
66 659.8957362969759 42.740487051414846 113.28090967893807 159 156.02139673035293 23463.425877962247 1.361433081915834 23419.32395782899
36 238.1019801629448 43.93210655467047 123.12869895119651 167 167.06080550586697 24197.061783821788 8.646815364004482 24144.48286190325
16 80.9999831846685 46.40594882159604 132.41045850894594 181 178.81640733054198 24499.604609253172 70.6515002051763 24382.547160226477
84 789.4712235389663 44.4376311919565 122.25660795260747 161 166.69423914456394 23792.659403501373 4.040850829393207 23744.180921480176
24 150.53449126956565 44.39206542772549 130.47832490290617 175 174.87039033063172 24758.331096125323 25.931245240293947 24688.007785457423
40 302.2992783633073 43.390980721032555 123.49298348154964 169 166.8839642025822 24637.736513736934 4.670683645418023 24589.674849370633
209 2164.395632124814 41.84393933543656 115.05287900611964 153 156.89681834155618 22778.84940504904 1.0597893203239437 22735.94567639342
8 31.637270814497988 52.690510591331325 147.6859675134565 193 200.3764781047878 24935.937311769303 110.8380074791016 24772.408793699036
116 1148.799508726813 43.567969317286284 119.14458172572702 161 162.71255104301332 23920.18762410774 2.838167058574527 23873.781487732012
81 767.3382933714879 47.39305313777387 123.1939214867375 165 170.58697462451138 24371.02664168583 5.973981055770992 24317.659607492427
75 728.2196364519357 48.170727526387495 120.77959930037524 167 168.95032682676276 24628.760416786503 5.217561567150597 24575.372127693125
71 686.4145328688774 45.26613554349679 129.94741118988694 169 175.21354673338374 24898.59311946453 3.9679538980060443 24849.359030023214
0 17.322291346396728 58.077304152206146 154.2263188915905 207 212.30362304379668 25976.06243301428 112.20106351690869 25805.784065345306
3 18.5792181419343 60.45541488149269 152.15120788978453 205 212.60662277127722 26062.871669303575 106.969659093864 25895.446595328413
29 180.12613799873776 47.866666616007436 131.79793492422132 181 179.66460154022877 25921.3068172327 20.465544821670733 25852.97460579519
19 86.2077700126325 54.2604740935211 136.68771079792896 191 190.94818489145004 26039.888644111757 72.61603521906069 25913.012134799334
37 243.73460991019073 48.160790439224506 135.19629891465866 181 183.35708935388323 26152.976459017147 10.647737854653116 26094.16793072343
47 371.01284124872694 46.163294274239945 135.1772496981901 179 181.3405439724301 26059.103213230508 5.058720904597976 26007.88119805186
89 833.5594481356104 50.322906690141686 130.04285753815998 175 180.36576422830166 25808.4957157156 4.428546361238318 25753.74426266438
172 1739.9614465660848 46.68388058356691 121.8447323708388 169 168.5286129544057 25038.50827730582 3.4368468001662222 24988.387549922245
121 1221.3789545118896 44.09993162011101 126.91252378658585 173 171.01245540669686 25578.812916549712 3.507420097789236 25531.205564831977
62 600.1673137055407 47.35365998573177 128.6519174966721 179 176.00557748240385 26209.461232633246 4.884584786147457 26157.222987861554
49 424.9700383673141 49.51940057213616 140.56732013384908 181 190.08672070598521 26407.82830267822 7.16695287560492 26351.141949230652
177 1824.916869239812 51.655876508971204 130.2380145587052 169 181.8938910676764 25028.84203397543 0.6432392983929276 24976.542918168314
199 2041.8781762422823 50.39311037965496 128.98492256514336 169 179.37803294479835 24992.827028545616 1.6062114355099766 24940.827706730644
124 1242.9135863454587 49.62640558224578 129.96385873394402 175 179.59026431618975 25852.875114063714 2.9628529068145326 25800.28585557486
107 1032.9114262972416 48.89862702081036 139.23977169338897 177 188.13839871419935 26080.143459876308 3.0174772337707054 26028.227355621933
104 999.6539074077156 49.06150368478692 130.67005201516892 179 179.73155569995583 26324.536661390717 3.4348982601621856 26272.04025944597
28 172.60713052428318 47.30414757184957 144.02860130560398 191 191.3327488774536 27165.567190283105 19.174585021810685 27099.0884576896
25 152.18676764506844 50.87985584151188 142.51021897274683 193 193.3900748142587 27192.380165454124 30.82906827610134 27110.671241336728
27 160.04006966712734 54.304182382596856 137.13594279379822 191 191.4401251763951 27186.074180212338 31.652992724377498 27100.11700510554
167 1670.1101531795694 47.06370901395376 133.71396761908977 175 180.77767663304354 25826.198230641596 1.6659251331038831 25777.468596494753
142 1404.8457167765073 52.10588692483117 133.64403609514147 177 185.74992301997264 26106.615182982427 2.5872838632178627 26051.922012194616
149 1465.046688500109 44.503714504566844 129.8698799036935 177 174.37359440826032 26098.044942428885 2.877285637675641 26050.663942286817
38 270.3243457991608 52.91265598783257 144.4877547386619 189 197.40041072649444 27304.47781268072 8.705897655048318 27242.859259038047
65 611.25125056425 50.27244112974105 135.1339862277548 185 185.40642735749583 27003.86898872031 6.095885508217975 26947.500662082515
23 147.97809227328753 54.95700584855112 141.1608401371545 195 196.11784598570563 27485.51125115944 38.03106667477974 27392.523178636337
68 673.3625590886569 49.926701455403645 134.03186081453973 185 183.95856226994337 27012.21126904365 2.3683300125727555 26959.916237575922
94 891.3858451410822 47.76828052276612 140.55514330206822 183 188.32342382483432 26816.95751591142 0.8183985943223888 26768.37083679454
144 1434.329539364512 46.04409523354706 132.399236990137 179 178.44333222368405 26345.29529518964 3.2055617252744923 26296.04563823102
59 571.8723871630405 47.714327382115734 137.13721723867516 187 184.85154462079095 27208.382528093593 4.110123973055693 27156.558076738595
52 475.29762274742694 52.247558947481615 137.15100356177467 189 189.3985625092563 27427.427820404584 6.604688063338472 27368.57557339399
201 2055.965465118782 50.05060685102144 130.7325927766188 177 180.78319962764022 25975.171318662276 3.112084232687266 25922.008627578805
120 1210.9693913363496 50.78950990922393 138.6252916844235 183 189.41480159364744 26822.30579607385 2.6180148032515262 26768.898271361613
151 1471.6307923214572 51.79995651703853 129.81311553284692 181 181.61307204988546 26569.793645456113 1.9570478121108863 26516.03664112716
45 351.6413008557776 55.52311127940602 143.17681673188127 193 198.69992801128728 27793.89742947427 6.143285872530441 27732.231032322587
93 882.6303618472936 50.76275893868352 137.8505637137599 187 188.61332265244337 27277.78220353677 0.8863814056289812 27226.133063192687
138 1375.862160300657 45.063807042689206 142.85005529395514 183 187.91386233664434 26804.752194306337 0.5111316607421941 26759.17725560312
60 572.0263138306632 52.896975164054716 140.83631065268943 191 193.73328581674411 27666.83312604361 6.1174469699766405 27607.81870390982
155 1539.85642194468 57.86360268443121 141.80473648897458 183 199.66833917340577 26778.318506467444 2.3863986355443103 26718.06850514777
34 225.90017890651563 54.922956607737824 147.14711706363275 197 202.0700736713706 28097.25213498284 9.946052556455214 28032.383125818873
57 563.5673223294249 53.00967739326429 145.14545585812704 193 198.15513325139136 27861.177541651607 3.8918264977593253 27804.27603776084
170 1722.4214574597909 48.85057426425122 137.2278601635118 183 186.078434427763 26743.66321883574 0.87064200940722 26693.942002562322
87 807.0314356853731 54.0724157661556 143.63537917242763 191 197.70779493858328 27705.682823685016 3.802953814853481 27647.807454104262
175 1815.0099705712971 49.27939903045795 139.16351540324305 183 188.442914433701 26700.975450950355 1.0884039670540915 26650.607647953035
5 29.138031933317666 60.95754687453678 175.50921578069804 223 236.46676265523485 28500.515361710157 107.52463397499733 28332.03318086088
133 1314.0724798098177 50.38502182295982 136.9021031135603 187 187.28712493652012 27259.758955920603 1.8048195777923866 27207.56911452009
163 1596.675695846318 53.64310293162511 139.190151780651 185 192.83325471227607 26989.34066002015 1.852346685630664 26933.845210403164
35 236.79323125991405 59.15419620468521 149.23316695680043 199 208.38736316148567 28354.69388808405 10.28091417823785 28285.2587777014
46 362.4490944995837 54.173505204880904 148.08179261429424 197 202.25529781917518 28231.22140155197 7.612457268267008 28169.43543907907
112 1116.4373055614285 55.051678890105705 137.7676490843513 189 192.81932797445702 27498.273975058586 1.554920566877172 27441.667375601868
139 1389.7000447250537 51.661547150275354 144.42860552078372 187 196.09015267105906 27239.191954512506 1.5887431608175575 27185.941664201626
196 2018.024882680983 50.16882888186751 142.74498611135482 183 192.91381499322233 26647.57654032244 1.020718198269151 26596.38699324255
106 1012.0537180955404 55.42645442818679 142.42823865986267 191 197.85469308804943 27704.009693297718 3.9111316532971614 27644.67210721652
50 436.5464111653045 51.93889252777074 146.96226749103133 197 198.9011600188021 28308.59472041371 4.235361652389372 28252.420466233794
42 327.8620877332312 55.887340109874515 147.0619093707703 199 202.94924948064488 28442.569556513507 4.949425884719972 28381.732790519167
184 1904.1114109234006 52.55322346680739 138.57091569435352 185 191.12413916116094 26879.177675433326 0.9754132372643198 26825.649038729538
43 342.9828146184843 59.514561557125354 148.35323026996446 199 207.86779182708983 28444.197593898407 7.531560655582155 28377.15147168603
115 1148.2218618024367 59.80440377191627 139.55772248109102 191 199.36212625300732 27677.59074983075 3.933870656836234 27613.852475402313
197 2023.662807871095 55.77524322814375 138.05293717485245 185 193.82818040299622 26841.32146307831 0.9365517560027001 26784.609668094436
82 776.3219050472005 50.09469719249701 141.82530785241158 195 191.92000504490858 28112.720710329864 3.409881490626276 28059.21613164698
83 784.9129347782132 52.0067199965917 144.73954194963048 195 196.74626194622215 28105.350740341182 3.6440747681194807 28049.69994557669
152 1502.9725782335033 49.62315718559312 142.64093088368222 189 192.26408806927532 27406.82196794338 1.5607521301130873 27355.638058627937
157 1542.3733297763538 52.888813064697416 138.26245220145725 189 191.15126526615472 27394.601415367386 1.504092832291235 27340.208509470624
127 1285.2363805367536 52.630763622273534 139.67649080614606 191 192.30725442841958 27669.311491365876 1.5255790797541522 27615.155148664115
134 1315.7730115823688 55.32994590345225 142.0065036852766 191 197.3364495887289 27653.102632530834 1.4722920624394646 27596.300394565256
95 899.2117800360121 53.18439292805285 140.76373849336727 195 193.9481314214201 28099.619924087794 1.6454816981914746 28044.79004946182
190 1959.3923731567788 51.30589804864932 140.87856190707242 187 192.18445995572176 27043.292968922047 0.1999999999998181 26991.787070873666
114 1139.6635913695145 53.71087254930834 140.4822206055286 193 194.1930931548369 27868.371605883945 0.6390853348518704 27814.021648000085
48 378.7007443378737 57.66601789205435 150.68298279862174 201 208.34900069067606 28637.552156356425 5.177747776330705 28574.708390688316
30 187.70913724113595 60.05204935273009 154.24140985665446 205 214.29345920938454 28847.682574396273 10.972569982054267 28776.657955061764
153 1519.9562157792045 51.962541634652524 137.98901708127198 191 189.95155871592453 27572.492228676958 1.2862534897153637 27519.24343355288
208 2158.59856090328 47.21772356176478 136.30955580905322 187 183.527279370818 26949.892323489006 0.5012701281375485 26902.173329799378
137 1366.8542102643812 51.124642697450405 142.9050587023552 193 194.02970139980562 27807.859687512773 1.0069713804434741 27755.728073435133
79 753.9926473575513 53.958578386567495 145.98331607854973 199 199.94189446511723 28451.81387604189 4.243240912449778 28393.612056743157
169 1707.8854969920633 50.20695777650357 144.1901372964491 191 194.3970950729527 27509.140054502663 2.54811321823081 27456.38498350819
123 1229.6902082147603 57.33847270116418 143.7579857575011 195 201.09645845866532 28018.468129492237 2.4211569308097296 27958.70849986055
128 1286.000707927046 54.44354442577398 145.7402908464163 195 200.18383527219027 28011.626488951755 0.9772019108961558 27956.20574261538
136 1350.4988294509265 53.90576993342486 143.48257942965046 195 197.3883493630753 27989.02383252977 0.0 27935.11806259665
76 731.686758623617 55.95596393739053 149.68530451132747 201 205.641268448718 28623.947818826564 5.0722474881577 28562.919607401298
143 1427.5135295749449 52.303097164273524 151.5485467125173 195 203.85164387679077 27949.159145001486 1.8729368209083077 27894.983111016616
58 566.6504211709555 57.637685483857204 149.12214565053506 203 206.75983113439227 28811.70769746621 6.488916040829622 28747.581095941805
103 991.4946120692936 50.98961682665864 150.92135805207644 199 201.9109748787351 28414.06478421366 4.2133260573793905 28358.861841329857
203 2095.1508526983203 54.00675050251415 140.86120984053377 191 194.86796034304788 27314.339220194146 1.6555092353128202 27258.676960456654
108 1043.0192634208356 55.860041268278344 149.84806087751116 199 205.7081021457895 28397.88120465345 2.8403589571537395 28339.1808044283
180 1844.891818735818 49.32297594223847 140.60384659031286 193 189.92682253255134 27597.221530624614 1.976203472708221 27545.92235120992
162 1593.7444660139163 51.733551197851064 140.42260948327214 195 192.1561606811232 27880.240772854762 0.9854241637171981 27827.521797493453
74 727.3620229783758 53.77858858652052 155.47946058204946 203 209.25804916857004 28780.481455236302 3.393578868371833 28723.30928778171
32 193.3105325060475 55.98819328149414 153.8391819154153 211 209.8273751969095 29346.00468893796 11.367417465538722 29278.649078191174
147 1461.5931094466225 55.07510596594792 144.25889187062702 197 199.33399783657495 28092.24097969378 4.3278560856153945 28032.83801764251
86 804.1986048641534 59.25930639729208 153.4931227363599 203 212.75242913365202 28771.588316701804 4.514840457316041 28707.81416984749
154 1525.0091892172165 52.838594347602225 147.12449495736684 197 199.96308930496906 28057.44022135514 2.04890829646547 28002.552718711355
88 823.8579308640986 55.82160009749419 153.5700239824934 203 209.39162407998765 28771.548438288606 3.5598508881668067 28712.166987303248
181 1855.5925178905272 57.98756571012088 145.38447364739125 195 203.3720393575121 27741.637421112824 3.086424012302814 27680.56343139073
159 1549.7212523999274 56.079530685596 149.7518764612438 197 205.83140714683975 28050.959887494508 1.3732921427915699 27993.50706466638
161 1567.3347678328903 54.9658277119277 150.01724909723407 197 204.98307680916173 28039.613832819898 0.5539083798726097 27984.09409672834
73 726.9261526572935 58.01507116280115 157.9724732116767 205 215.98754437447784 28926.859915597353 4.283963653110277 28864.560880781744
98 919.525042898791 58.786542519263165 151.88912304239167 203 210.67566556165485 28738.077212212058 3.9731907304095557 28675.317478962712
20 88.89978853891444 59.95519758422343 167.75015077352043 223 227.70534835774387 29621.19947852915 69.63928974791983 29491.60499119729
90 836.2313575516406 59.422557892143345 152.54538527958033 205 211.96794317172368 28914.724291524588 2.980373987563439 28852.321359645186
91 877.8953098241186 59.27642140964387 156.8056133591378 205 216.08203476878168 28891.07901479982 1.4002288404913088 28830.402364550017
56 532.3327356277005 53.13234502358287 157.38914676877158 209 210.52149179235445 29242.439973058063 3.4279722134571102 29185.879655821314
102 973.860040543063 54.87871813947606 157.51313069624933 205 212.3918488357254 28844.84069318126 3.3256343508562622 28786.636340691188
125 1246.8928937165376 56.31912560387358 147.755164207178 203 204.07428981105159 28594.672270253435 1.0925525604686754 28537.2605920894
158 1544.2931357249602 58.21532139181166 157.12751489303028 201 215.34283628484195 28314.054342409137 2.7309181622408687 28253.10810285542
165 1661.3655826870283 55.48285388876574 154.6616937304413 201 210.14454761920706 28247.839546521795 1.417738950025523 28190.938953683333
140 1403.0747081820516 59.69975710550829 146.29860934421154 203 205.99836644971984 28510.84899118312 0.6512316356975134 28450.498002442248
78 740.1360877586602 53.958790661720435 154.8739912042544 209 208.83278186597482 29185.856145275917 6.361534610035733 29125.53582000445
194 2007.709168372141 54.86432495434189 140.57063060588345 199 195.43495556022535 27919.13472886686 1.5657361993914947 27862.704667713424
101 961.5926959594088 55.37720787106348 151.79624065444074 207 207.17344852550423 28970.79805525793 4.048382029108211 28911.37246535804
198 2027.0231252893996 55.219546427144124 147.6857819763592 199 202.90532840350335 27907.690262652577 0.18083294934194782 27852.289883276444
67 667.6181358821393 53.08035380106654 154.5159752032698 211 207.59632900433638 29337.95399993198 2.5390851099157317 29282.334561021264
92 878.0130718849882 54.45599856772353 152.728589503026 209 207.18458807074956 29136.355873947377 1.6377582451210628 29080.262117134844
111 1113.118468962455 59.16457994352144 151.7672764852722 207 210.9318564287936 28909.712730625346 0.8764452033426551 28849.671705478795
113 1119.6926152516226 59.05152292108138 156.39925893888827 207 215.45078185996965 28905.174532166573 1.3019139455329878 28844.821095300296
96 899.3453645895828 54.8964309243905 156.03093623839345 209 210.92736716278398 29126.459452604402 0.8727929472349842 29070.69022873312
141 1403.6213851062298 55.22648475880517 153.11774463802075 205 208.3442293968259 28631.34866769299 2.0800675625032454 28574.042115371944
117 1177.8079242492677 56.78440677001876 153.18282642958945 207 209.9672331996082 28861.244783272155 1.7232586152122167 28802.73711788722
148 1465.0040841184189 56.220638140856096 151.43536594067618 205 207.65600408153225 28597.751620884344 3.32082111395016 28538.21016162983
85 792.8804785712017 57.7129720458513 154.2426222043395 211 211.9555942501908 29278.364032525154 4.822430492969374 29215.828629986707
176 1822.9313803224225 53.956223153216825 153.53351753969767 203 207.4897406929145 28261.789530425507 0.9086485216307665 28206.924658750922
178 1825.509323552274 54.914787765819774 150.9957799539748 203 205.91056771979456 28260.623668814067 1.7797091513953092 28203.929171897176
179 1833.1634868274168 57.02196229448519 154.00373697177142 203 211.0256992662566 28255.652901330406 1.0356169130332091 28197.59532212322
41 308.97469911605043 62.77078496194404 159.43041147728167 217 222.20119643922575 29785.752097266166 4.117384572337869 29718.863927732218
160 1556.0821597061447 57.76366128433537 154.03465850478517 205 211.79831978912054 28540.06570260858 0.7799429011208758 28481.522098423437
55 488.39642129026356 62.46181607527681 157.30548694263885 215 219.7673030179157 29623.738311606357 3.49092346288586 29557.785572068507
53 475.40388265214676 59.927641683063634 161.68762902791957 217 221.61527071098322 29719.040387126443 3.5377816953676415 29655.574963748324
187 1929.8555087878121 60.904645175864296 152.8165163165061 205 213.72116149237038 28283.5577006865 0.2714943494527233 28222.38156116154
99 941.3094017261968 61.16943142979469 160.70519024076418 213 221.87462167055892 29290.40362505534 3.6725939948527184 29225.561599631044
118 1187.0129572130556 55.67768008331827 159.18518585199809 211 214.8628659353164 29047.736946711386 2.3104466989880166 28989.7488199294
195 2016.161681267824 58.755467627151 151.20795407050073 205 209.96342169765177 28219.992509242184 1.0052516620919505 28160.231789953286
145 1435.7656341584086 58.75651506896238 156.97809618838818 209 215.73461125735054 28803.424123616627 3.1484973642050136 28741.519111183796
122 1227.0406808160574 56.7185523881429 155.6033553305458 211 212.32190771868872 29031.237272501083 2.6028385303220603 28971.915881582932
33 211.32186951268727 65.28575073299261 166.10189468120404 223 231.3876454141967 30065.190524979214 19.891396352696603 29980.013377893854
26 158.74674681324214 66.9484513774302 170.19508766437025 227 237.14353904180047 30121.621974663194 27.598176510119487 30027.075346775968
51 447.05469272281243 58.727314788008755 162.9787740224671 219 221.7060888104758 29836.88743309751 3.2616735065993225 29774.898444803224
193 1990.0773395191159 56.98167986198622 155.059434439833 207 212.04111430181928 28328.099135847526 0.0 28271.117455985863
77 739.7619429622088 60.818953640747154 161.51047819475224 217 222.3294318354994 29580.13891372665 7.192274535571073 29512.127685550644
119 1197.9852801316772 62.32170930409248 155.61594168656993 213 217.9376509906624 29127.12816250346 5.133408091641968 29059.673045108102
146 1440.1068109844268 59.851053494902516 161.0702004269174 211 220.92125392181993 28886.58144752921 3.1771730189891514 28823.553221015685
171 1739.358780919301 60.20803421959076 150.48024017085586 209 210.68827439044665 28588.17462747669 3.294487613427691 28524.672105643996
22 132.95441876820556 62.64671098720546 179.6820570000384 231 242.32876798724385 30196.724162803013 37.14395119531329 30096.933500620813
150 1466.1228582570968 57.33229730809105 150.71216545470932 211 208.0444627628004 28866.35137663998 2.2079931645162105 28806.811086167727
126 1256.4055131699029 58.369554036263565 157.72986466466213 213 216.09941870092564 29092.437415062243 1.321287984220362 29032.7465730421
188 1935.554762095538 55.05552870479743 152.3789900937846 209 207.43451879858205 28437.84960969457 0.12583338122453824 28382.66824760887
200 2042.2156136965673 54.383612504268 147.7606536390706 209 202.1442661433386 28348.425780188147 1.8186747311799536 28292.223492953046
63 600.4916133973304 60.589338501837105 166.91888868571888 221 227.50822718755597 29800.857885038895 5.795531230170354 29734.473015307234
17 81.79714207111223 65.47129614852767 180.21765940569574 239 245.6889555542234 30323.799674093316 69.53633204077516 30188.79204590434
205 2129.311639828039 57.77097118983777 161.22743300982188 209 218.99840419965966 28277.640552692905 0.7721922876780809 28219.09738921572
18 82.9402379122013 64.99156398625439 182.22097463199594 239 247.2125386182503 30339.806282529018 75.59140462139547 30199.22331392169
54 480.0112929457555 64.811028121829 170.22063392502997 223 235.03166204685894 29946.124224748273 3.609643964080078 29877.703552662762
109 1084.5515135456844 62.3326232269573 164.79709176284885 217 227.1297149898062 29347.513770774243 1.083120275563715 29284.0980272721
61 574.3166253967856 65.17521009254908 163.7380273397969 223 228.91323743234597 29879.18461167333 6.046459330314633 29807.962942250855
182 1860.7725480854872 57.03841468880716 160.03513533597518 213 217.07355002478232 28611.053617452333 1.5408339619889375 28552.474368801893
164 1657.1245873799123 59.6605927002916 157.42873328030737 215 217.08932598059891 28836.024202772463 0.0 28776.363610072534
192 1986.6153182086794 64.4660937920232 161.46749746568767 215 225.93359125771087 28558.560046628907 0.0 28494.093952837276
80 767.0518950576006 62.50419387342365 170.07639838427235 225 232.58059225769603 29780.724613417322 5.596173268435905 29712.624246275842
105 1003.9985219678313 62.36314939929609 171.72974785331775 223 234.09289725261385 29548.26836706613 4.812914255006376 29481.09230341216
207 2155.0409559899335 64.98267796241917 155.07245838857534 215 220.05513635099453 28404.516406890478 1.6736111369450555 28337.86011779152
129 1300.9524388046623 60.373494732616095 163.3889353243559 221 223.762430056972 29261.715113125993 0.277142646601078 29201.06447574714
44 344.2839276822675 64.78808565633165 175.12587265710917 233 239.9139583134408 30268.408036592642 5.862597699729179 30197.75735323701
168 1674.5955647317548 61.66295891674313 164.36116982426347 221 226.02412874100662 28951.80758031922 0.6559992632603553 28889.48862213962
31 188.1151596132629 66.75886262741146 182.11345164121656 237 248.87231426862797 30439.76749670657 15.340824651396758 30357.667809428152
173 1770.4047866141048 57.10239793307026 166.54468942481145 221 223.64708735788173 28861.107687930646 1.2061854794794726 28802.799104518454
156 1541.3840072229914 58.9283393111714 162.13303719969113 223 221.06137651086254 29097.392681293277 1.1996955600006913 29037.264646422445
186 1912.7098041575787 57.35890891551711 167.0966505131444 221 224.45555942866145 28735.134298648638 0.9257825808679172 28676.849607152613
191 1982.5371525180929 63.86748309174555 166.11459790613335 221 229.98208099787888 28677.486509614442 0.0 28613.619026523094
130 1307.2873915322173 58.77223690539895 168.10443993993124 227 226.8766768453302 29363.867914707705 1.1832177364258314 29303.912460066265
69 681.9984691441978 67.35115236031098 170.11675035251068 233 237.46790271282168 29994.6035771171 5.559511810478057 29921.6929129467
72 721.5735089638554 68.5932176161247 176.7701608647038 233 245.3633784808285 29962.495687290128 3.4430049890682994 29890.459464685388
39 283.16496624179837 67.04190927941923 179.33584896626692 239 246.3777582456862 30405.882428650377 7.314838987800385 30331.5256803836
204 2110.0097694510996 64.3883836462114 172.64016136331168 223 237.0285450095231 28580.8004665496 0.9915445300234751 28515.42053837379
70 683.1856748555305 70.30404172256084 176.28024071296753 235 246.58428243552837 30018.15577706726 5.56445971146718 29942.287275633695
64 610.8639435277973 63.93020337358305 174.82540760368016 237 238.75561097726322 30102.756380896568 4.1436029808869534 30034.68257454252
174 1799.9718468271626 58.66238701034167 167.84436776250098 229 226.5067547728426 28928.750013510307 2.5769719000979876 28867.51065460021
132 1310.7208853094344 69.16414667990577 175.03917163848476 233 244.20331831839056 29424.63731674719 2.2253171861152623 29353.247852881686
166 1667.24636598524 61.80420387043814 170.1252276588612 231 231.92943152929934 29075.543082219498 0.8214575752620021 29012.91742077416
202 2079.9798129671685 69.07869298881776 171.7890169593202 229 240.867709948138 28664.537990525398 0.0 28595.45929753703
110 1109.3653895943912 62.52463111693479 175.33773492019128 237 237.86236603712607 29643.902868996567 0.7568630705172836 29580.621374809503
135 1343.944069258694 67.68533412002103 179.3528079463766 237 247.03814206639765 29421.631600823042 0.0050696710657121 29353.941197032465
206 2131.4022670609293 63.29048261212958 176.5332262925654 233 239.82370890469497 28636.102080045886 0.3999999999996362 28572.411597434155
131 1307.8190443967796 58.37454508036687 176.9369107476469 239 235.31145582801378 29462.233774021548 3.840229005097399 29400.01899993644
183 1875.7500633521352 57.47257829890329 176.2412035238252 237 233.71378182272844 28898.38064587947 0.9657923878617112 28839.9422751931
189 1938.6429918765953 68.69399148582629 179.86675681653955 237 248.5607483023658 28839.44649368676 0.3999999999996362 28770.352502201375
185 1907.868065054421 68.21973400444332 180.86910871147404 245 249.0888427159174 28877.370184018888 2.113389543393396 28807.037060471506
