# Cpu scheduler: rr
# Quantum: 0.1
pid arrival_time cpu_bursts_time io_bursts_time nbursts bursts_time tat ready_wait_time io_wait_time
3 12.75940821602455 54.99158614538595 34.16414445399223 7 89.15573059937817 763.2071469797958 220.6001467088496 487.61541412555226
9 33.74385793225386 66.18202481199489 39.07680889602053 7 105.25883370801543 804.8347367896451 214.55564266631416 524.0970693113255
6 19.044132220198637 81.62826122589429 57.630185169600125 9 139.25844639549442 1025.3140091527966 226.52943755617048 717.1563103707301
1 3.513309082997223 83.71424988225996 76.93620669218761 11 160.6504565744476 1152.2583032378373 227.00592085428988 841.5381325012888
2 7.421602464314326 92.07418610204877 75.52462171657 11 167.59880781861875 1179.6365687283671 231.23554007623522 856.3268425500886
7 27.822297726431344 93.4176215670723 83.75871537853558 11 177.17633694560786 1200.3245649094708 210.7571988605567 896.1497444818435
5 19.034047701131076 78.8107358733209 73.3802690637003 11 152.19100493702118 1230.732327015078 205.41588526110547 946.5057058806512
4 15.731239105948973 111.14742167137571 95.0337040924637 13 206.1811257638394 1530.992681245073 230.66217053253465 1189.1830890411843
10 39.17491378227941 100.03446251730591 96.33923528282604 13 196.37369780013196 1569.6658436779637 223.59262364874175 1246.038757511947
11 53.57087954878494 111.96332807002746 83.11814545393597 13 195.08147352396344 1604.9953999859388 218.22140362538028 1274.8106682905616
168 1694.2322982163896 38.26233257085565 107.09366927290793 141 145.35600184376355 20883.782953727496 0.1999999999998181 20845.320621156756
21 131.88129109344095 50.21395731723913 119.7114001699673 163 169.92535748720644 22676.069349371443 50.922036443972644 22574.933355610352
44 370.3513498472804 40.27000058192584 115.29650015016871 155 155.56650073209457 22482.772203919074 6.493548443922009 22436.008654893303
8 27.88361143663628 51.415756430986775 134.34951023642682 183 185.7652666674136 22908.89419003821 115.07180538718214 22742.406628220135
74 644.7235041980881 44.26386128805086 116.79112205927717 161 161.05498334732803 23585.636185432813 4.831983824051463 23536.540340320844
77 700.3293237273627 42.311617275466645 120.14990771467453 163 162.46152499014119 23875.422133038537 2.8425333277818936 23830.267982435424
131 1337.6613421821319 46.14498497950254 120.1526869384687 159 166.29767191797126 23428.842864914724 0.8023909956648367 23381.895488939714
59 511.5598902651638 41.934288893625876 128.63252457527975 167 170.56681346890562 24394.934445227937 4.508783272394794 24348.49137306205
73 640.190535982646 44.70392557359506 127.0627950149316 167 171.76672058852665 24452.11930277398 2.2031228191974606 24405.21225438134
46 376.4704072060286 43.07861472617295 124.7495320994306 173 167.82814682560357 25131.149475254242 4.048459649920062 25084.022400878286
190 1963.8039152523431 44.16068714029909 117.50585226524814 159 161.6665394055472 23579.28638286843 0.09999999999990905 23535.025695728316
22 133.5649731700234 53.30286716030392 136.58046220683434 183 189.88332936713823 25418.608757906222 39.215740522377985 25326.090150223707
49 409.05559435468024 46.359765603392276 128.7137655222648 173 175.0735311256571 25168.474705989454 6.003220417357397 25116.111719968863
110 1056.6981137345292 47.47073894943211 126.8605522479407 167 174.33129119737282 24528.98634291568 0.5817987417337918 24480.93380522467
162 1654.2624431494585 46.19560794699683 117.08317871456153 163 163.27878666155837 24092.759851464478 1.1588089223582756 24045.405434595283
81 715.4997759765799 50.11118594575461 127.35643179027744 171 177.46761773603203 25037.33041905025 1.1342095898988873 24986.085023514835
124 1224.3394655099555 49.0139858109797 124.66396024977729 167 173.677946060757 24557.463759775794 0.8616962203334424 24507.58807774466
13 83.36360201858625 55.86135726177816 145.15081061634828 195 201.01216787812643 26080.724754279934 71.57991263242148 25953.283484385913
129 1333.4509087802144 47.068788033899594 126.97157067169879 169 174.04035870559838 24840.24557818265 1.370583875539296 24791.806206273406
0 3.513309082997223 59.22970440610168 161.5530591339675 221 220.7827635400692 26252.60752957011 119.4500485160618 26073.927776648106
137 1416.1985412627914 44.438279407354585 122.84905771259274 169 167.28733711994732 24867.52145669711 0.7166961838206589 24822.366481106124
123 1213.759651449713 45.33225519153148 126.71288549302137 171 172.04514068455288 25095.117703950924 1.9568771579611166 25047.82857160162
55 466.5725772744354 47.5014868469487 129.65190356046435 179 177.15339040741304 26029.81474392364 4.597033641084124 25977.716223435804
120 1181.287276908728 43.488959509039056 127.46313172514283 173 170.95209123418186 25366.787148828473 2.1146212309374732 25321.18356808868
126 1237.533853713864 50.77736681556189 132.54710798644405 173 183.32447480200594 25357.55937227168 0.12512177533812974 25306.656883681
92 816.0258508104845 46.01428279268089 134.47824736801627 177 180.49253016069719 25864.102926528572 2.628680105351691 25815.45996363072
54 453.53398614395854 53.346987325257885 134.67882730582943 181 188.02581463108731 26289.709064948212 4.315479163408497 26232.04659845973
147 1506.5939353631545 49.46958761780378 133.4118767138525 173 182.88146433165633 25427.841717335763 0.1999999999998181 25378.172129718183
130 1335.8180780705668 46.70816518907467 129.72833364467297 175 176.4364988337477 25638.758562190473 2.585171810505699 25589.465225191056
135 1375.5823449800384 48.76118032527157 130.98879223211256 175 179.7499725573841 25655.2608053229 0.4359314459441066 25606.063693551845
42 350.21948227152546 49.39555454323822 140.99818017375372 185 190.39373471699193 26742.4761395928 4.2583183103805595 26688.82226673937
50 427.79609218814727 52.63904825799028 134.35954461446417 185 186.99859287245445 26783.8251319768 4.381394266549535 26726.804689452467
181 1818.8454681197957 47.92547984693259 127.79810789734475 173 175.72358774427732 25458.34274149633 0.46171956435728134 25409.955542085227
86 758.44333748455 49.31794985035645 134.90899085614464 183 184.22694070650107 26637.386516216306 2.2042181724169723 26585.864348193772
104 994.3032538826301 52.79186460526536 136.1816338352836 181 188.97349844054898 26402.89087895671 1.5888366747129794 26348.510177676937
97 878.9548476928449 49.811748350867454 140.21532636772366 183 190.02707471859114 26659.02728690034 2.72920251648884 26606.486336033147
12 60.27407255532218 57.91879255259257 154.34890178411916 207 212.26769433671177 27513.066103970712 102.92673867537405 27352.220572742997
60 514.3964343648668 48.71762378691383 137.62271396953855 187 186.34033775645239 27091.580244985835 3.096959766315649 27039.765661432797
45 371.91018096991695 52.23513763239069 143.62652934892884 189 195.8616669813195 27242.850101994245 5.451930875585049 27185.16303348648
26 167.31853104571667 54.60588578653942 142.54679059349832 195 197.15267638003775 27555.950375968714 26.41982048940477 27474.924669693006
113 1086.659178315285 49.35917513191489 137.4130002688667 183 186.77217540078158 26652.285517978336 1.163202275678941 26601.763140570918
201 2068.2374813416923 45.39187690627865 128.24005612145274 175 173.63193302773138 25694.71839852983 1.238201445757113 25648.08832017799
100 910.2740460624289 50.184910513898494 142.23968808170343 185 192.42459859560194 26884.904358949134 1.2824520571879248 26833.436996378285
184 1897.0619790100518 45.849264572499834 132.6876649439377 177 178.53692951643754 25945.996449101483 0.0 25900.14718452918
19 122.5804439432378 52.38870978893552 145.8696910808022 203 198.25840086973773 27826.005352357595 43.74745003402107 27729.869192534832
179 1802.933208436664 51.76679820530066 134.1327744625888 179 185.89957266788946 26191.240097772265 0.5447296781169371 26138.9285698891
37 295.5919463618639 51.47360891261945 141.332727951344 193 192.80633686396345 27716.897115774795 3.868517128104486 27661.554989734253
27 186.14027598540818 52.02655786511039 147.27070607815617 197 199.29726394326656 27870.33201747829 19.495916664936175 27798.80954294843
153 1550.4471511574036 42.662458880453855 133.15299949512803 183 175.8154583755819 26661.73575846248 0.0 26619.073299582233
30 213.72362708786144 50.68001544559355 146.13011176180208 197 196.81012720739562 28028.09094083944 8.383957497996818 27969.02696789603
145 1486.9549106060388 50.44347244223436 135.25138811400527 185 185.69486055623958 26887.61407664738 0.12352655292852432 26837.047077652474
128 1328.886696131779 51.02371108432868 139.89538858977193 187 190.9190996741006 27093.41376481689 0.5250006279202353 27041.865053104928
95 867.5055247663977 50.580791882464524 145.286510640428 191 195.86730252289254 27586.021183454235 1.7087507564600628 27533.73164081557
56 488.14134305885 58.01474379589893 140.03401698052417 195 198.04876077642314 28013.168849027083 6.263542297942081 27948.8905629335
160 1650.5203257156559 54.81624027607515 131.4043638023058 185 186.22060407838097 26865.822157832838 2.203745565138661 26808.802171991876
125 1230.5896501101097 52.69120974169294 141.23201794849845 189 193.9232276901913 27318.84768821716 0.09999999999990905 27266.05647847569
84 755.0189203284652 55.31368113215231 143.93665438857875 193 199.25033552073106 27802.919048448366 2.2657182648219987 27745.339649051635
23 141.8125195273932 54.421001611680644 152.98244614187792 205 207.40344775355857 28417.495905488682 37.92048274359337 28325.154421133662
90 780.8085375921839 51.84042972952987 144.8007127404897 193 196.64114247001956 27811.429215605807 2.5495691665913682 27757.039216709916
144 1476.4884637612518 53.18214870172646 140.4053127232949 187 193.5874614250214 27116.780487113916 0.12428769688222019 27063.474050715562
15 96.91785039511812 58.15094915290449 157.1274380162301 211 215.27838716913462 28499.684514981316 69.02538667279161 28372.508179155895
18 119.54092959542355 56.75549275924661 155.25464975068783 207 212.01014250993438 28478.871484815085 52.42768591904819 28369.688306137068
17 102.2021616399846 58.12854538300109 155.6680693494386 209 213.7966147324397 28499.806759910825 69.55151816974976 28372.12669635829
198 2036.5132625776337 52.18341633858584 140.0361213997934 183 192.2195377383793 26615.079737537362 0.09999999999990905 26562.796321199014
52 441.4029127219404 54.76459247166841 148.3184689150254 197 203.08306138669377 28222.811730140005 2.4728514744917334 28165.57428619413
53 447.80693647438096 49.174804326101 150.46497213282015 197 199.63977645892115 28217.80333631437 2.4811202229424794 28166.147411765585
79 707.0714772729154 52.38605959019809 137.91770362333838 195 190.3037632135365 28033.334413874545 3.8388601850424493 27977.10949409956
58 509.96720175784407 53.67887183755488 149.74473463961783 197 203.42360647717265 28233.930465061345 2.081056489026082 28178.17053673499
138 1429.2590252631815 49.51685412728488 140.87456129841516 189 190.39141542570002 27323.358626004065 0.05708349475344221 27273.78468838225
82 720.6838098728762 54.242655204684134 145.056052489144 195 199.29870769382813 28038.52383861033 1.850291207797909 27982.430892198114
187 1936.8634495800034 52.554962295450764 138.15080297433573 185 190.7057652697865 26837.519389687717 0.3144952258551257 26784.64993216668
47 379.40713455490436 54.39262813269235 148.03779263680443 199 202.43042076949678 28399.79243014098 3.419812918326784 28341.9799890902
87 760.3259073465538 55.829357510151716 147.73101414953828 195 203.56037165968996 28022.075803739634 3.437939249493411 27962.8085069803
64 558.5802638888041 50.90389347466165 146.11964725681003 197 197.02354073147168 28238.27235342919 2.7594972944629035 28184.608962660317
91 807.1550338830248 54.44443152576334 140.85787241678355 195 195.30230394254687 28021.930554118233 1.7818258515910657 27965.70429674115
149 1524.6223284908222 53.24215365421043 138.75518321231198 189 191.9973368665224 27311.227382926274 0.9053339716194841 27257.079895300754
112 1074.1428739876774 51.82404075838325 141.93340005967775 193 193.75744081806099 27769.17898614022 2.2415112545252214 27715.11343412758
71 633.777732974208 49.84066786148502 144.32837798390537 197 194.16904584539037 28241.775423138177 4.25435448335611 28187.68040079354
158 1619.128623470812 44.09941199023498 138.6990519817187 189 182.7984639719537 27294.984980522924 0.0 27250.88556853285
57 496.11019602948363 56.79771571998877 152.77525436881996 199 209.57297008880875 28433.434392091967 3.686888140736187 28372.94978823151
41 343.52942903507943 54.043606980629924 150.56519855539065 201 204.60880553602058 28595.72183867612 3.263313964895019 28538.41491773088
102 959.3991617603348 54.87172130350582 146.78399650068823 195 201.65571780419407 27987.97081557453 2.483873787322409 27930.615220483953
32 253.33549519021426 57.50769006668688 149.48956518920463 203 206.99725525589153 28746.35854197978 8.095845686272042 28680.7550062271
35 263.7081451790217 57.75561571137025 148.96874105146657 203 206.7243567628368 28755.14604910267 5.422393219712717 28691.968040171843
68 606.0277262937972 50.82110208998501 149.46543962887958 199 200.28654171886456 28424.9060337236 1.7860998318295742 28372.298831802043
94 832.2363563592795 51.650671052420314 148.55281447852494 197 200.20348553094524 28201.95961378808 2.7553481642911493 28147.55359457162
29 210.27943345845824 59.85155228557491 148.85007849051775 205 208.70163077609268 28835.109739239997 11.624795749872419 28763.633391204865
69 614.9212673467723 54.621884571900296 143.53317320052574 199 198.15505777242606 28435.44620145995 2.6727077384973654 28378.151609149863
161 1651.6254940552574 58.83720236972174 142.01912360805662 191 200.8563259777784 27460.460472646017 2.057761942629668 27399.56550833398
80 707.5098370354106 56.262010392446996 152.199957582505 199 208.461967974952 28407.33533129819 2.8692010672847346 28348.20411983872
185 1905.4395992590373 54.76088858751471 135.50249096262925 189 190.26337955014398 27220.111071219686 0.0 27165.350182632454
33 257.18245214768604 57.31704999107586 153.3830627239252 205 210.70011271500107 28920.95725074546 7.561922845856202 28856.078277908782
196 2012.4560225519108 47.93356951384614 141.99955365673037 189 189.93312317057647 27185.357487291396 0.0 27137.423917777778
36 271.26855825681037 57.844470040212606 150.80743478601713 205 208.65190482622972 28931.32024312983 6.45303332003931 28867.022739769887
178 1802.391419246333 53.46411671738422 141.81137192924618 191 195.27548864663038 27420.07334025399 0.29999999999972715 27366.30922353688
206 2095.4807842397745 56.3774430050316 144.20528299069798 189 200.58272599572956 27151.862154608447 0.3999999999996362 27095.084711603664
99 898.5900641918079 54.50379594871228 153.23749027971635 199 207.7412862284287 28355.887096968523 1.8249178823575676 28299.558383137733
76 697.1985213676572 52.053354860812455 147.4471530020692 201 199.50050786288165 28580.20439477813 3.9153170762641594 28524.235722841295
78 706.6462493547857 54.909751502625156 155.6727032029856 201 210.58245470561076 28574.325936472327 3.38659112984476 28516.02959384013
164 1660.742997745641 53.72825401397927 147.0178851210968 193 200.74613913507608 27623.25577935765 0.0 27569.527525343914
34 263.31392099549043 60.598122918148064 150.9798568773307 207 211.57797979547877 29091.761527941402 6.220042668731196 29024.94336235482
156 1598.0668883580538 55.17876760071587 142.52802012180106 195 197.70678772251694 27797.540181801163 0.505618888570325 27741.855795312156
157 1612.6300996100927 51.91771359158446 145.32154224554702 195 197.2392558371315 27795.156465970947 0.0 27743.238752379635
25 157.40902425564613 58.888638289471736 158.46436065477636 213 217.35299894424807 29256.31753939535 33.89475667159854 29163.53414443454
40 329.47108889356923 54.93617397539866 154.15884526645158 207 209.09501924185025 29095.367939145726 6.398344262745695 29034.033420907865
63 547.637481913761 54.08799348700396 146.71557013992103 205 200.80356362692498 28904.723839600858 5.396959447093309 28845.238886667015
88 763.4661265710886 57.65988645500569 151.73719271516308 203 209.39707917016878 28697.127879143693 1.686956981485423 28637.781035707478
20 129.17338503456466 64.2597029620578 163.40382419805334 215 227.66352716011113 29357.37910596852 57.79143077757658 29235.327972229166
67 590.5490885762644 56.971972474027154 148.12984073451696 205 205.10181320854412 28905.6292521202 3.1832570049747346 28845.474022641447
199 2043.0842106918763 54.744981652805954 145.70834939830388 193 200.45333105110984 27466.248359684403 0.09999999999990905 27411.403378031886
114 1087.0850436088099 56.61210580881451 148.37721320516243 201 204.98931901397697 28423.76780003123 1.5207035714083759 28365.6349906513
132 1342.0318255004454 56.724597885182675 150.85672922184938 199 207.58132710703202 28169.798223456826 0.8381380196287864 28112.235487552265
24 155.2035391026968 63.66343384157473 161.8073256374357 215 225.47075947901047 29362.63352466712 33.110992750138166 29265.859098075718
72 635.9662132187565 52.34165354224546 153.09014880911258 205 205.4318023513581 28888.658099308916 2.647560830389807 28833.66888493654
155 1585.249539839346 56.83606804507695 147.8712374715326 197 204.70730551660955 27946.30103900726 0.0 27889.464970962497
48 388.552744825848 52.43840919119031 153.94869758386443 209 206.38710677505475 29218.46436851591 2.94739870067491 29163.078560624355
194 1981.657150199572 49.438373638419655 146.96865686236362 195 196.40703050078326 27637.0008713954 0.09999999999990905 27587.462497757246
14 96.22658107664525 57.8020689075372 168.18469802812874 225 225.9867669356659 29542.264307912952 64.6267270988159 29419.835511906847
151 1534.8824696270985 56.98759377248651 152.16775779225668 199 209.15535156474317 28105.304151507888 0.7370141222354505 28047.579543613472
200 2055.605885050716 50.877602197088464 142.59793288970434 195 193.47553508679277 27593.249119197942 0.10149073962475086 27542.27002626152
180 1812.270534992441 52.5931721660278 150.73740379236764 197 203.33057595839546 27845.529902932078 0.49999999999954525 27792.436730766323
193 1978.0385665556794 53.54322138204237 145.43860008521682 197 198.98182146725918 27769.621377073512 0.0 27716.078155691786
172 1734.934501876083 55.545023723199634 151.58838830711858 199 207.1334120303182 28018.371641432837 0.3511174269340245 27962.475500283024
66 580.9352083061077 54.41828932652902 150.5182144371829 209 204.93650376371193 29180.676651939462 2.7083663159918387 29123.549996297195
176 1778.2469878113172 54.601152908517165 148.280143643766 199 202.88129655228317 27993.072635043154 0.0 27938.47148213492
134 1369.9222896717038 54.48691697721887 154.10488953138014 203 208.591806508599 28424.1073730588 0.7382304045022465 28368.882225677386
165 1662.0073242581618 55.26152661517868 146.68660055735913 201 201.9481271725378 28164.090272571088 0.0 28108.828745956187
167 1682.8392115258675 53.72047082965123 152.9906961954275 201 206.71116702507868 28149.975086159273 0.1046247905128439 28096.149990539416
169 1696.6138715257712 49.197104259507356 150.97984199195375 201 200.17694625146106 28147.661694534283 0.09999999999990905 28098.364590275025
189 1950.5286522025583 59.3743377236178 142.1446578503151 199 201.51899557393284 27901.31522398162 0.09999999999990905 27841.8408862583
174 1741.274285255015 53.07161823679237 147.11426323464434 201 200.1858814714367 28131.310413106665 1.0045039746121347 28077.23429089555
173 1740.7787892296285 61.58272241316314 149.78274464199308 201 211.36546705515622 28133.838316809954 1.476342070007604 28070.779252327127
127 1296.0025507501575 62.84813878286585 151.2780138761448 205 214.12615265901064 28578.858950829577 0.7871744589344871 28515.223637588155
175 1752.67134703972 55.074950708787135 146.68211402073098 201 201.7570647295181 28127.50952284133 0.21840878597595292 28072.216163346868
133 1367.764592356114 55.060406223183186 155.9687919819624 205 211.02919820514555 28536.46974008659 0.761670456452066 28480.647663407264
38 312.36192332484313 61.38471697624718 164.36464666842227 215 225.74936364466942 29605.331161933264 5.297971290841758 29538.64847366648
166 1664.1221315696898 55.26217131184379 146.06076161687633 203 201.3229329287201 28272.00156315674 0.4300736042343942 28216.309318240987
154 1570.9267431342187 59.240116020374785 155.27461086779422 205 214.51472688816898 28429.96851315676 0.6921509226428952 28370.0362462141
75 666.1606567550457 57.50181357160113 160.47286027628982 213 217.97467384789095 29347.89779598017 2.3145567337737702 29288.08142567513
61 516.4459922525593 62.93872467712648 157.76133269582323 215 220.70005737294966 29520.784916371496 4.72085933572896 29453.125332358937
141 1444.9039994400664 58.06262799273833 151.68987136945896 207 209.75249936219728 28596.594599931115 0.1915030559182469 28538.340468882787
143 1465.685089990034 55.8852436525528 158.0880671098942 207 213.97331076244706 28588.908059946167 0.0 28533.022816293927
170 1707.908805014954 55.15448244910478 158.95665568869356 205 214.11113813779832 28349.971668204566 0.5437437425614462 28294.273442013193
109 1033.0558628429012 62.185814193412845 153.09459984242886 211 215.28041403584174 29039.188949055733 2.962767627386256 28974.040367235288
70 622.2684604688492 57.691745171964605 161.99288764920553 215 219.68463282117014 29469.765317167723 2.0118600185483047 29410.061711977516
118 1135.8801638981981 56.53682094622029 158.23590618560445 211 214.77272713182472 28970.5432211961 1.2697332044842824 28912.736667045727
51 432.15284737862197 62.03414705943291 169.0253375894877 219 231.05948464892063 29736.907291307718 5.1523783193370605 29669.72076592927
16 98.26334532995747 62.9355890134622 178.00789697177535 237 240.94348598523754 30100.079762159516 63.82918735471854 29973.31498579168
101 927.2822219164258 59.876643027789775 164.1414254885319 215 224.01806851632168 29276.673862465923 4.027149552824085 29212.77006988564
140 1441.9644620283573 57.19525298141325 154.59541606226128 211 211.79066904367454 28772.45054601588 0.0 28715.255293034807
83 736.233525078852 64.03184404296402 162.69469625204957 217 226.72654029501365 29481.704625563398 1.0621900170268646 29416.61059150376
93 822.1574938658916 56.86119021307308 167.51501705474126 217 224.37620726781432 29426.1798269672 2.8992123080884085 29366.419424446354
96 869.734978554073 59.30940554306476 165.73612739934785 217 225.0455329424126 29389.920535562 4.713862828985725 29325.89726719024
136 1378.209519318373 54.47725963426546 160.8698373757932 213 215.34709701005863 28887.862154243245 0.5126162254834981 28832.87227838377
122 1210.218357719422 62.60521442278829 162.26157957132645 215 224.8667939941147 29076.97984829739 0.8565117934717819 29013.518122081467
142 1450.4990440990364 55.40372433288905 160.7816599572793 213 216.1853842901683 28845.38923152558 0.3999999999996362 28789.585507193
107 1008.9375870867738 59.30718996594515 164.45584118628526 217 223.76303115223038 29295.282266956583 1.4457114413152112 29234.529365549624
116 1100.6374068011144 57.792331383843795 161.3775397420624 217 219.16987112590613 29227.942635292322 0.7878496115706639 29169.362454297272
31 217.49127129779163 62.94771811368462 171.8702342515148 227 234.8179523651994 30124.044304550167 6.111588013121235 30054.98499842375
103 977.7936211153603 57.90321865276282 170.6984396609112 219 228.60165831367397 29381.156315500655 0.18140629359527338 29323.071690554665
85 756.2281471040328 63.84505643728198 168.5421898826678 221 232.38724631994978 29605.58407758558 2.8658575882379864 29538.87316356039
62 547.6198032549552 59.16845712135522 165.46369239827789 223 224.63214951963312 29818.26653047398 5.541022444461987 29753.557050908494
195 1994.7837564584227 60.921869914685935 156.19451541336528 211 217.1163853280512 28385.760498928983 0.6242082702294738 28324.214420744443
117 1105.3699156719058 61.500964029239775 160.6489741990934 219 222.14993822833316 29289.02193747378 1.1746751917112306 29226.34629825314
202 2068.381891911669 59.373070296536035 153.8303641472646 211 213.20343444380063 28327.76799402774 1.223289828306406 28267.17163390328
98 887.1697395628485 64.11426381746811 161.09907906096325 221 225.2133428784314 29515.489282391365 1.337605144125746 29450.03741343015
119 1166.3574605695767 58.82578859669908 166.83779162084235 219 225.66358021754144 29239.56857020823 1.8057415749894972 29178.93704003688
39 327.1967620059941 66.70303214385716 172.52291674861468 227 239.22594889247188 30083.191777580625 7.008493234282014 30009.480252202837
65 563.5922282070742 63.23577633305398 172.06259691462947 225 235.29837324768346 29866.707278457856 1.6218170870834 29801.849685038138
111 1056.7943860443859 60.89289642488566 165.17950064680045 221 226.07239707168614 29384.425925305222 1.0665675435880075 29322.46646133709
152 1538.6469041095638 55.77402166382946 162.20070514878014 217 217.97472681260962 28906.738876687446 1.4577278227397983 28849.50712720118
188 1938.005040461317 66.09685793111974 159.21407588869886 215 225.31093381981862 28532.649545965643 0.08857777099274244 28466.464110263896
159 1629.3854736440835 62.1065137772231 168.97363731215734 219 231.08015108938048 28875.377425034185 1.4094200545910098 28811.861491202733
191 1963.9690803447486 57.366512500882436 167.13638674505205 217 224.5028992459345 28560.02286393448 0.08314412373442792 28502.573207310204
150 1527.382475185479 65.51974042887525 164.87990651788417 221 230.39964694675945 29005.58482602561 0.25799311853870677 28939.807092478615
177 1785.8408609043554 61.21791304685295 170.9671155425711 219 232.18502858942406 28750.494402374614 0.0 28689.27648932813
115 1091.9638764003114 58.899198467643494 165.69879773145675 225 224.59799619910024 29445.74606441491 0.9648748272136345 29385.881991120397
192 1976.4080890773455 61.34868054309766 161.90725842918684 219 223.25593897228447 28589.56841008537 0.0 28528.21972954264
208 2120.972422087935 57.48035532535255 161.18006448093118 219 218.6604198062837 28461.557312700363 0.5068943800288253 28403.570062995343
186 1927.8190274980657 60.776148084430794 162.36993090280578 221 223.14607898723656 28662.60328930484 0.0 28601.827141220827
105 996.6052182782737 61.83455791810746 172.03008761633475 229 233.86464553444216 29595.328029446482 1.3363308918383154 29532.157140636875
139 1433.1274005662817 63.85996346232778 165.7658333337401 227 229.62579679606782 29185.38899683781 0.0 29121.529033375893
183 1845.7536588601354 54.88756497386876 165.65240507755152 225 220.53997005142028 28793.12768491765 0.0 28738.240119944112
89 771.7065954742311 68.07165346103278 174.16663426361586 235 242.2382877246487 29878.582215463386 2.582375155809814 29807.928186846988
148 1507.3707321007464 66.14629378621768 162.34731350591528 229 228.49360729213294 29147.884332343576 0.15429101603263007 29081.58374754173
209 2123.0440330333868 64.05258797365441 165.06457566480776 225 229.11716363846216 28542.97551131507 0.584281553951314 28478.33864178792
163 1659.1304201151688 64.7625925448151 168.01814823403734 229 232.78074077885242 29010.01433957433 0.0 28945.25174702995
43 359.155322142383 66.75443712524597 178.37416558576317 241 245.12860271100917 30311.28661557279 4.510307060311334 30240.02187138764
106 1008.7914436358251 63.622329179140465 172.84018498368525 235 236.4625141628257 29662.931281585858 1.0673217270142459 29598.241630680102
203 2075.8639191630223 64.68119634319848 171.85914835047078 227 236.54034469366923 28605.729012913736 0.6892920548170878 28540.358524516156
207 2115.888848862986 64.46928027234097 173.1989481128281 227 237.66822838516902 28571.37607451198 0.025820290590672812 28506.880973949486
171 1713.2253994067971 62.39470189276793 173.48316624412772 231 235.87786813689564 28977.309186716826 0.23974004745195998 28914.674744776992
197 2035.6230568235821 60.99113822023996 169.40507413931795 229 230.3962123595579 28660.599625390132 0.0 28599.608487170277
182 1833.9355526433703 58.47106467353574 168.94693216942414 233 227.41799684295984 28877.445574252863 0.5348593315247854 28818.43965024821
146 1494.5891771507756 66.8805473374751 177.60414415813716 237 244.4846914956122 29222.249295095506 0.6381297968880517 29154.730617961606
108 1032.7562482398573 75.00076758713008 181.45893000369108 245 256.4596975908212 29698.104367436074 3.14002438098305 29619.963575468435
121 1195.2332715969412 66.97957275795744 181.2757160760986 245 248.25528883405605 29539.336689039326 2.065584888082867 29470.291531393745
204 2083.375802599976 68.9965196400344 179.8749061490002 243 248.87142578903456 28664.778019811733 0.09999999999990905 28595.681500172177
28 191.4936482723489 77.45863030390446 205.4229297701686 273 282.88156007407304 30575.274212399792 13.920028187051656 30483.89555390937
205 2086.235115438855 76.40519638825022 193.1804848028665 259 269.5856811911167 28685.981054286643 0.0 28609.575857898973
