# Cpu scheduler: rr
# Quantum: 0.1
pid arrival_time cpu_bursts_time io_bursts_time nbursts bursts_time tat ready_wait_time io_wait_time
1 3.7226701344707624 67.40812176738088 48.04751558984877 7 115.45563735722965 407.79515736163415 110.94157615609909 229.44545943814882
7 18.73938814605575 61.92303345820127 57.017954440006385 9 118.94098789820765 499.62868516041834 100.49243011756354 337.2132215846491
6 15.254544114835822 99.73031659602543 74.84387264014808 13 174.5741892361735 837.821503051481 140.732092091899 597.3590943635413
5 14.788292864029891 113.02055482553187 86.36596012358532 13 199.3865149491172 964.6419748063453 153.14839083376472 698.4730291470305
4 14.402701553663029 163.87482868763496 147.22277490603628 19 311.0976035936711 1474.3655790778355 179.94622496095906 1130.5445254292745
9 31.933031963029425 45.51986158722879 113.30916215132778 153 158.82902373855654 10137.830257739697 40.98039556514918 10051.330000587242
3 13.852679014937102 43.721067833674844 124.51627004748599 175 168.23733788116087 11038.574420938496 53.71003125213187 10941.143321852622
27 205.42708241414493 41.873002945576815 121.91541155963347 159 163.78841450521026 11582.02055593588 6.17457296100315 11533.972980029224
8 30.027434955219995 46.778434482942004 131.58467618317079 181 178.3631106661128 11904.274277977693 40.014391821644764 11817.481451673015
11 57.461174663113866 49.646821076723235 128.9416022854624 181 178.58842336218567 12482.965254760964 27.669903208713073 12405.64853047544
29 213.4248185319636 47.50180934784544 122.44365049790055 169 169.94545984574597 12329.356582921124 5.9077138444176 12275.947059728775
45 463.7455332694241 48.06284239270456 128.07595830889886 169 176.13880070160343 12455.105341986386 2.8609960487037824 12404.181503544865
20 150.55121929617624 46.083535068412495 136.7366092640815 177 182.820144332494 12855.592132528851 4.588350714082509 12804.920246746264
95 940.7337144595714 47.339935411784 122.14942220305323 163 169.48935761483722 12109.15959858073 1.0835411703292266 12060.736121998507
16 120.58607737046603 51.1719563607376 134.60066845007844 181 185.77262481081607 13094.736987853097 9.3356102344529 13034.229421257802
19 148.4920267412609 52.86023394898902 130.170306180341 181 183.03054012933006 13133.425470941449 5.8852278418557376 13074.680009150501
39 377.0634597225978 49.9119808151254 135.01958959158256 179 184.93157040670798 13135.457935747907 3.7454437502386213 13081.80051118244
10 42.913126325773646 55.46816206446165 148.0921536494957 199 203.56031571395732 13540.823162521485 35.39739636116142 13449.957604095753
34 258.7921116790291 49.52402726771329 133.2577083467923 183 182.7817356145056 13356.33602880132 5.013439639907233 13301.798561893596
42 454.2927189047727 51.837341929384145 133.98000261853244 181 185.8173445479166 13247.680826006192 3.256224267724292 13192.587259808977
52 544.4135355125181 51.05209495825827 136.44020901731017 181 187.49230397556846 13269.638907249115 2.6867908814793964 13215.900021409268
32 237.74872464576282 49.85280719451588 140.4271087508731 189 190.279915945389 13688.862369616078 4.98740517079446 13634.022157250654
49 503.7701816905394 51.06806519752845 136.31794091029118 185 187.38600610781964 13528.927376678525 2.9581519518621917 13474.90115952902
51 537.7068050664361 53.74878297293535 137.5249869358999 185 191.27376990883528 13513.141324426573 3.540280534458361 13455.85226091905
55 555.0704599911081 50.23259177807679 138.71567176816208 185 188.94826354623888 13534.018964757626 2.2030174458097918 13481.583355533627
0 3.7226701344707624 60.53537668052419 161.58650170483727 221 222.12187838536144 14086.815571033034 60.77805259173963 13965.502141760671
38 369.811233034755 51.687681583294946 141.5568362479021 189 193.24451783119707 13765.264550800006 7.75073195409351 13705.826137262506
15 102.54089753309871 55.22499814852656 149.06998101757074 197 204.29497916609728 14061.24729168982 11.370077120166798 13994.652216421015
13 89.80255789847908 54.62578211170103 147.92750047760225 199 202.55328258930328 14114.460422374925 16.551770836648174 14043.282869426463
60 641.0479927013308 48.360177076119946 140.80832526879158 187 189.16850234491153 13661.163015235545 0.8822462438014327 13611.920591915514
25 200.07496093272297 55.03684131701929 145.28447864097743 197 200.3213199579967 14177.511238335299 6.988038353017174 14115.48635866515
103 990.7682396133745 53.429856717671214 138.64211895414454 183 192.07197567181578 13398.659206742872 0.6665765591042145 13344.562773465976
40 379.94553818253326 48.35265798206214 145.50667862134375 193 193.8593366034059 14013.539642544605 3.108194760771937 13962.078789801653
71 714.7488011859472 50.005105155373776 143.3659668082587 189 193.3710719636325 13791.003519195785 0.4315642391968595 13740.5668498011
12 69.17665419779968 55.72199632654068 153.6559947842245 209 209.3779911107652 14442.57861044104 22.081244540409344 14364.775369573961
87 908.1315766883174 53.67456529833047 140.0640124650304 187 193.73857776336087 13634.817288718752 2.577936333071193 13578.564787087222
70 702.9891221481371 50.865357877478516 144.90943805069514 191 195.77479592817366 13905.188336521573 1.613582634085219 13852.709396009901
62 643.8663494234365 54.48248439518765 142.48302301650943 193 196.9655074116971 13994.89802791036 1.7367381364955463 13938.678805378551
93 937.6968883531557 50.51235878738502 137.84827747971877 189 188.3606362671038 13735.897639221204 0.3418387285130393 13685.043441705186
80 814.1813273672627 55.18923376470898 146.4027745890261 191 201.59200835373508 13883.780112329197 1.4087566814338288 13827.18212188291
84 863.3707273185936 55.632816891848876 142.6630870870776 191 198.29590397892645 13861.419984437114 0.06277983239237983 13805.724387712731
50 525.3706262908297 55.00376888740807 143.62594581530948 197 198.62971470271754 14202.293178771637 1.2993121045818725 14145.990097779497
17 143.33279184415696 56.99940548836061 155.28008629432588 205 212.27949178268648 14591.652346782226 6.471558000678613 14528.181383293051
61 641.2427406804869 54.85194813622806 147.41546388003266 195 202.2674120162607 14096.418673825377 1.6434976311957143 14039.923228057838
64 657.3764960598043 55.24565171772055 142.44874262990717 195 197.69439434762774 14095.962918314377 3.5129136398383025 14037.204352956696
97 946.7424288447652 52.677564034058626 146.62897676172446 191 199.3065407957831 13831.482165935957 1.4608429091520065 13777.343758992614
2 13.315873367326281 62.265212577437424 168.57072315165956 227 230.835935729097 14766.39985137937 52.15462850404961 14651.980010297755
67 691.1326067325283 54.60274783740902 147.044941052268 195 201.647688889677 14098.218786332496 1.953459511170763 14041.662578983784
35 275.80274014513935 60.97194336676857 151.8444137351919 203 212.81635710196048 14519.878681811038 6.305568367817159 14452.601170076321
68 691.7033316655757 56.746578140740205 143.19181175904532 195 199.93838989978553 14105.620572851794 3.2595697174167526 14045.6144249935
47 480.45025790499375 57.17582228524592 152.55628931064368 201 209.7321115958896 14407.526135341464 5.1737018779262485 14345.176611178162
36 331.62778197675635 58.36858765901169 154.28802034795336 205 212.65660800696503 14581.65841213126 2.6406248867393174 14520.649199585376
43 455.44788491638195 53.57069945557452 150.30903794584324 203 203.87973740141777 14478.041438381115 2.5145944698124367 14421.956144455604
88 908.2583304234295 53.63957998939716 148.11419040265304 197 201.75377039205023 14090.42563642743 1.100675733356411 14035.685380704543
92 932.7511239059519 51.14065243456951 146.71947434224003 197 197.86012677680952 14085.859424594739 0.7989615204725169 14033.919810639563
26 202.27169351602083 63.852326002456465 161.58678341255015 211 225.4391094150066 14842.725354156753 7.347462330541646 14771.5255658236
41 397.64315323503934 58.18999484230591 154.89755631872376 207 213.0875511610297 14660.776659377298 3.9225348978799275 14598.664129636976
85 888.5538762771461 55.60708149079793 149.03292453285766 199 204.64000602365556 14180.205434565805 0.0 14124.59835307487
21 151.46948849115222 62.684928667843636 153.8180146110809 213 216.50294327892453 14929.921784077442 5.174056104787439 14862.06279930467
77 793.6483303081329 54.12594380274082 148.14801686148408 201 202.27396066422492 14300.255932013213 1.1863633477755684 14244.94362486256
46 468.9252799480146 55.822650035377336 151.011407694009 207 206.83405772938633 14639.944456585845 3.107706770890445 14581.014099779444
101 974.2090022479732 55.91822536411656 148.3947364050818 199 204.31296176919838 14144.241100256613 1.2704146837871804 14087.052460208572
72 735.4105114842725 55.191285927394745 153.0578090723986 203 208.24909499979339 14400.869950329834 0.2575147194482952 14345.42114968286
53 546.7466745166116 52.64309673013496 154.88684178111603 207 207.52993851125095 14600.51821060056 3.4210269257031314 14544.454086944597
22 154.96421082533172 61.18671738671112 161.71856357713514 215 222.90528096384622 14994.767848947311 8.39521435360544 14925.185917206858
44 457.87238999498857 55.74559726456194 160.00606427367603 209 215.75166153823795 14704.763041622453 2.104904892746845 14646.912539465018
58 601.9437161458105 55.52404566624786 160.44161814390057 207 215.96566381014844 14596.77366727233 1.7680877631981957 14539.481533842756
59 612.9922200118723 56.20038860099318 155.75943909475524 207 211.9598276957484 14587.86842834606 1.2628210319056734 14530.405218713013
74 765.268574371177 57.79516999698652 154.73130786011154 205 212.52647785709803 14447.811520263129 1.242808598469992 14388.77354166753
24 175.5467148448264 59.39609231885582 163.142441380729 217 222.53853369958483 15062.061393222277 6.0590997236785995 14996.606201179602
28 209.61905614616185 60.56976212685956 160.12708414098557 217 220.69684626784513 15037.08726638382 7.994124158436847 14968.523380098384
82 834.129188158833 55.63992061856569 163.0235078392102 207 218.66342845777592 14463.179809859641 0.6751254945295386 14406.864763746406
18 145.95431121766828 61.54986435121158 165.0850717137712 221 226.6349360649828 15162.069252611833 5.269704249508862 15095.249684010976
48 489.2714073547335 60.66732221485828 156.23197625456223 215 216.8992984694205 14857.52645550912 2.9136830385040184 14793.94545025561
76 779.9208521230083 61.700868953559 156.19431218863494 211 217.89518114219396 14582.688037818745 2.519812444817944 14518.467356420231
90 919.3698292198368 60.52351148467218 160.81604673086943 209 221.33955821554162 14446.060764779611 1.8026040813288091 14383.734649213464
91 932.2254314540332 60.40299190690941 155.9079339176644 209 216.31092582457381 14438.618069048054 0.46547421199807104 14377.74960292899
56 563.1885690187224 58.83169791606499 158.7205460469703 215 217.55224396303532 14809.403892179957 3.48648707594009 14747.085707187809
96 942.1001790276714 61.0561914302119 153.5149484954728 211 214.5711399256847 14476.729873367383 0.580664885819715 14415.093017051198
102 976.0494676218783 58.95429232244346 158.46623915156053 211 217.42053147400395 14454.33343520415 1.7107476070851817 14393.66839527448
94 939.0216557003351 61.48472112006996 160.47604120158474 213 221.96076232165473 14516.580767903168 0.21986928691399044 14454.876177496037
99 953.4120392693201 57.56596806446751 159.34465404094226 213 216.9106221054098 14505.483563951428 1.5540832344394175 14446.363512652384
83 858.3528369592387 62.28087380262766 161.11650947474507 215 223.39738327737274 14614.02922645832 0.0 14551.748352655532
31 231.01448499261787 61.530971328561236 170.9354868233042 227 232.46645815186542 15244.816442545882 3.646971524490084 15179.638499692675
30 228.51813865392836 67.75765205945822 175.326658442059 229 243.08431050151722 15279.190715344155 4.333747683360798 15207.099315601177
33 248.70194313676365 55.92935542401679 171.0923853675613 229 227.0217407915781 15276.689558070597 5.726118667273539 15215.034083979179
66 676.3231108142096 60.148609203735006 167.0136495784568 223 227.16225878219177 14875.994921731879 0.769202623127967 14815.077109904869
79 811.6472932843152 62.83653330235784 163.45439743133574 221 226.29093073369359 14748.774075802805 1.3808167050137854 14684.556725795268
37 334.6708197904729 63.90005617915648 169.5997259792407 231 233.49978215839715 15233.55294296407 2.6470177472186265 15167.005869037537
86 906.6298256621112 61.094329021593936 163.44943402826198 221 224.5437630498559 14663.141554874906 0.7005774538404239 14601.346648399323
54 551.4323003596296 60.0139400566934 171.77816448611577 227 231.79210454280917 15023.473254500484 4.752964650657191 14958.706349793008
57 594.8584936425418 62.38516554309109 174.9717522307399 227 237.35691777383096 14992.900751678058 2.768975045695811 14927.746611089105
104 997.7733195065315 61.43012272853227 164.24634833792564 223 225.6764710664579 14609.351007710704 0.10000000000002274 14547.820884982006
75 765.4838693363553 61.09763814406248 171.1666694250974 227 232.26430756915985 14846.58285562054 0.774319765674818 14784.710897710647
65 660.3371103018989 59.19938201634008 175.71712938766743 229 234.9165114040075 14954.790029126534 0.7072296430833376 14894.88341746697
98 946.9763357612874 58.38091131359375 169.27659167023933 225 227.65750298383307 14671.702609827196 0.8443170654883261 14612.477381447967
73 738.0362054206392 63.12383722385876 169.51606745404018 233 232.63990467789893 14915.360284071792 1.0963495390641356 14851.14009730872
89 917.8459427727611 65.55433030741968 165.81477896975164 231 231.36910927717128 14738.185019927381 1.943675891942462 14670.687013727846
23 161.77209730551658 72.4312074520141 180.3708463276433 245 252.80205377965746 15497.1806558538 5.998125039261367 15418.751323362341
100 961.8978786838618 61.00378934348899 172.69647222999558 231 233.70026157348454 14697.346801921225 0.7930700105345068 14635.54994256704
78 810.2875159027859 67.38535822053694 172.66383553077722 233 240.04919375131414 14850.620219509161 1.416201037151609 14781.818660251301
81 832.7615023846853 60.65252404604612 177.15929702845452 233 237.81182107450064 14832.162534112067 1.095124900747237 14770.414885165113
14 95.95443745587768 66.06184751494588 185.8531005847755 253 251.91494809972133 15575.979749221093 14.221012356088522 15495.696889349889
63 650.5506495647453 67.68517611352019 179.92623989795595 241 247.6114160114761 15024.33317630498 1.3158351771556909 14955.332165014139
69 694.0616405920625 71.05796902606127 191.5704169851504 253 262.6283860112116 14997.502960968872 4.469255012888198 14921.975736929746
