# Cpu scheduler: rr
# Quantum: 0.1
pid arrival_time cpu_bursts_time io_bursts_time nbursts bursts_time tat ready_wait_time io_wait_time
3 20.619055802320933 53.592936436655826 29.79987726043294 5 83.39281369708877 540.2871322249911 329.094699521518 157.5994962668106
10 58.959294652254215 61.74513353678038 38.53401061843496 7 100.27914415521535 705.1262208677997 292.1538474662603 351.22723986474836
12 65.9576550142222 67.02025328993186 35.91300842598967 7 102.93326171592153 770.4439766815979 292.83801796646827 410.58570542518703
20 103.43012155364538 67.41758198683755 48.119794315480966 7 115.5373763023185 772.1545179609132 247.1836367745434 457.5532991995207
2 10.44849718974157 84.82948391440266 64.18951926589502 9 149.01900318029766 920.7636292763314 320.61909707325407 515.3150482886622
1 8.415084980770192 92.30159899678594 74.10958873690785 11 166.4111877336938 1100.6609426347625 325.8216716344906 682.5376720034844
13 69.54421717693548 96.89685954958726 77.87480087046424 11 174.7716604200515 1253.529423128072 318.17523462149137 838.4573289570184
6 42.857396406925886 107.15281696976001 89.88244531625008 13 197.03526228601012 1427.6737534874633 324.4280594257746 996.0928770919444
8 56.02668326498918 148.50159120302354 131.66680222708567 19 280.1683934301092 2433.622286453837 360.51664066877 1924.6040545821133
17 88.13141478851213 153.71058290822782 132.4157038000422 19 286.1262867082701 2494.152429203538 319.6602008687594 2020.781645426624
11 65.60928884826845 44.06016229757333 113.57828562721939 153 157.63844792479273 20158.935671575873 90.35969248160481 20024.515816796677
9 58.80745360756013 47.161056601567175 122.92426674504533 163 170.0853233466125 20863.114011918493 90.95030335492665 20725.002651962037
26 200.14204029167112 47.75925543321743 115.50436267158726 157 163.26361810480466 22037.92347214378 28.8805220810639 21961.28369462958
165 1638.194946229835 41.29874966559351 103.52326945748555 139 144.82201912307906 20676.2970622357 0.5003385773113678 20634.497973992868
4 24.213611724800494 46.10211802759454 139.38498190306353 181 185.48709993065808 22313.088816802123 110.15792390617122 22156.82877486843
5 29.11812366618992 52.76943782244471 137.65438991328838 183 190.4238277357331 22614.867014937234 112.84899555709212 22449.248581557775
197 1937.3287565400658 37.77613037613827 104.87401104067821 139 142.65014141681647 20722.501836571184 0.2038983842548987 20684.521807810866
142 1361.2349089966874 40.86596324136725 114.25094697677586 155 155.11691021814312 22936.569758008078 1.2544507995089589 22894.44934396732
65 550.092177276395 46.56890543822528 120.14630790271056 167 166.71521334093586 24377.978786541258 3.650540097863427 24327.75934100533
66 557.6505028404973 45.22982941988212 130.00400417063466 167 175.23383359051675 24377.7632467444 3.409205885758979 24329.124211438906
88 915.7413773081206 45.29532536937476 125.1225493360585 165 170.4178747054333 24224.379849142235 2.7519483478758957 24176.332575425113
14 79.53841761538702 52.01496341009979 138.4219194009028 187 190.4368828110026 25135.871751991777 66.56535603307164 25017.291432548758
21 115.33286977075375 49.4920128195725 132.00098354022325 183 181.49299635979574 25115.947234397954 62.05225286407743 25004.40296871445
167 1660.184650434452 45.74955068229723 115.18058078259885 159 160.93013146489608 23588.75833518764 1.8332409659487894 23541.175543539517
99 984.3859163665115 43.68339007478987 130.36920362955766 165 174.05259370434754 24283.6202940929 0.5419508680699892 24239.394953150193
126 1226.8100270049435 46.08613826097457 119.28372807511606 163 165.3698663360906 24086.090679709672 0.5315436033561127 24039.472997845514
110 1038.0329459472248 46.25952760293715 124.66668016539738 165 170.9262077683345 24314.061803098914 0.5392841248526565 24267.26299137129
114 1048.732944000331 48.11278003181436 120.53207085896965 165 168.64485089078397 24322.57242226858 0.8503458725608652 24273.609296364382
18 88.52009156375225 48.40818785179505 134.99670057066635 187 183.40488842246143 25479.820325172757 58.41002310404198 25373.002114217088
105 1014.6883527779569 45.38309777332433 124.55014144534483 167 169.93323921866914 24579.2288005546 2.5141075206739742 24531.33159526075
155 1507.5730412176779 43.92130667478335 121.95605514336229 163 165.87736181814563 24139.273785966863 0.15346795085679332 24095.199011341363
60 509.6131568413243 53.43810888521944 129.472828381885 173 182.91093726710446 25197.696882130098 10.273148181542524 25133.985625063535
37 346.26136828837326 46.99554381542136 132.29808719758896 179 179.2936310130103 25766.001856494353 12.284529892314026 25706.721782786768
151 1475.9994646665882 43.40525592452167 124.78329658170034 167 168.18855250622198 24653.905965441485 0.0 24610.500709517117
51 478.9330789474601 49.83123861873445 128.2538991835541 177 178.08513780228856 25720.263658749922 5.624914150815528 25664.807505980545
100 985.5865775952751 44.433325879792044 125.98600036181313 173 170.41932624160518 25375.058208336748 0.8506252428659309 25329.774257214216
119 1114.379027986751 44.34543464796122 129.93979900904407 173 174.28523365700528 25396.574337133796 2.0780918623011075 25350.150810623705
28 209.02583189384632 55.45004789685551 139.96704263212743 187 195.417090528983 26384.53453529375 31.023469566187373 26298.06101783092
76 729.0866650342754 48.430732367432746 134.5600308703188 179 182.9907632377516 26104.902381236287 1.6031327696114204 26054.868516099446
101 986.5127481509074 51.72418735046757 132.7026310453614 177 184.426818395829 25906.250149208845 1.492815755502761 25853.033146103084
50 471.02549412987395 48.50067441977635 139.08187766349738 183 187.58255208327367 26518.051762636896 3.6638095674052806 26465.8872786499
52 480.6093498446859 49.27267299493435 138.70891472315475 183 187.9815877180891 26512.456343216163 3.763688823849975 26459.41998139758
63 527.8263574335416 54.20826672140716 139.42297012446667 183 193.63123684587381 26535.232037058544 3.2679743196188156 26477.755796017755
145 1381.1845430391302 45.59399522948279 131.27631146161562 175 176.8703066910984 25702.56746197696 0.518139841836728 25656.455326905834
172 1684.0911135056185 50.399538395136624 127.09817212940995 173 177.49771052454656 25468.495070596957 0.27039246111417015 25417.825139740897
7 46.45941830324702 50.717790888476785 155.0723553496082 209 205.79014623808496 27109.58323559893 90.65986085113973 26968.205583859482
47 444.33545624976676 55.73276548222019 143.05516584328112 185 198.78793132550135 26720.287351874584 6.978284508202307 26657.576301884408
22 162.36633180173632 54.51753037469276 137.37833424398056 195 191.89586461867333 27034.495333512583 43.082985749766976 26936.89481738829
115 1065.6004530737957 45.96264116285673 132.38020912597776 179 178.34285028883448 26168.373872356253 1.352667080314859 26121.05856411328
72 671.2157591937952 50.84519853641639 136.3992241805703 183 187.24442271698672 26576.354678980337 5.828156340144119 26519.681324103967
89 917.431059648903 51.64678917630931 134.277877489332 183 185.92466666564133 26604.869123201224 2.1232898127879025 26551.099044212315
163 1606.1156080951364 48.645429554199815 134.81462789906968 177 183.46005745326948 25941.560688865917 1.2799845955660203 25891.63527471632
184 1862.6937273769483 48.85225283517331 134.87701245180392 175 183.72926528697727 25694.527199945176 0.0 25645.67494711021
16 88.06653585816916 57.37506491606011 154.73099122133456 205 212.10605613739466 27491.999835389946 66.19640829678907 27368.428362177347
146 1392.4869210927152 51.28016839348574 128.8290578817732 179 180.10922627525895 26190.124765734377 0.7244352555474052 26138.12016208552
168 1663.0290291067201 49.62885178799078 135.5968816347217 177 185.2257334227125 25948.67650532105 0.49999999999954525 25898.547653533296
49 456.25919063316724 55.03287649787797 144.5365980424499 189 199.56947454032783 27223.189305351152 4.26346585477944 27163.89296299872
55 493.88790716737714 51.38503968006067 138.88514376285573 189 190.2701834429164 27239.18034491653 7.858876179495496 27179.93642905722
134 1312.7951276598335 53.66163760733169 132.3946607200382 181 186.0562983273699 26422.75818686093 2.995438910646044 26366.101110343203
59 507.5068693263332 50.56959738801296 140.58400080370913 189 191.15359819172215 27239.80595320941 7.635617942059696 27181.600737879515
61 511.7878628315976 53.190416481820186 140.8361285122807 189 194.02654499410093 27236.96144629026 4.578425338718887 27179.19260446995
182 1821.6824407598726 50.58619075190096 131.7941851566375 177 182.38037590853844 25937.702626567534 0.49043381462115576 25886.62600200126
64 536.7478753486703 46.6986495576026 140.63420968368226 189 187.33285924128484 27267.893670596182 4.310286699995913 27216.884734338775
170 1664.699973577236 52.464816852873156 131.21405926148606 179 183.67887611435918 26183.534184364824 1.4277253255711457 26129.6416421866
148 1428.8384762782628 46.76617960615428 135.00752120889163 181 181.7737008150459 26426.834263877143 0.3327170509157895 26379.73536722027
56 496.5569828623842 56.00611636065482 141.1072747890796 191 197.1133911497344 27467.370210088266 6.69607929998358 27404.668014427843
97 962.7683965888434 52.93449106769822 140.11330155524925 187 193.04779262294747 27086.52943879123 1.3753842388856583 27032.21956348485
200 1946.573038976974 48.78219869321203 133.86543491664958 179 182.64763360986163 26137.033229531997 1.1262113672041778 26087.124819471777
149 1432.4684442265902 51.177767321254265 138.15281134071967 183 189.33057866197396 26651.924432473836 1.224555929459484 26599.522109223366
27 200.9055982075553 52.89915376216933 145.1572657056032 199 198.05641946777257 27887.592374235617 33.316940783487524 27801.376279690197
127 1226.9649190460755 51.367088007918305 140.65661827949012 185 192.02370628740846 26877.88038752401 0.4451079588675384 26826.068191557446
203 1980.7504628443796 51.306056371920086 137.58450859464878 179 188.8905649665689 26125.486889118634 0.0 26074.18083274694
208 2000.4738509384151 49.89873954157109 132.01362650021818 179 181.91236604178926 26125.5362499419 0.0 26075.63751040057
154 1499.4740212029228 50.04584721546743 135.34834763896123 183 185.3941948544287 26645.127968441957 0.47397191941422534 26594.608149307292
118 1113.9573048053444 52.34866463205783 133.26949253957795 187 185.6181571716358 27085.61929579707 1.8180331919847958 27031.452597973246
95 942.3895765795688 51.347850980478974 143.82424820260243 189 195.1720991830814 27288.930908744915 1.8857734621439022 27235.697284302503
96 947.8813288621915 57.35672508589316 143.96890703371463 189 201.3256321196078 27294.04815920199 2.655265338506979 27234.03616877788
35 326.3023954416008 56.960391509242804 146.67901774655843 197 203.63940925580124 27928.675322384144 19.325296720305005 27852.38963415484
67 560.5198150702186 49.7995182871091 142.96587106535816 193 192.76538935246728 27695.791686415963 5.917216771083417 27640.074951358
0 8.415084980770192 63.932496032283645 179.8985081018889 237 243.8310041341726 28260.19649383683 106.93346561604952 28089.33053218876
41 359.00505999594117 53.956353879196485 144.1936324838733 197 198.14998636306984 27988.660077688 9.455395656441738 27925.248328152607
75 707.7813054486941 53.291999075571375 139.95314736301535 193 193.2451464385867 27699.322049972317 5.359641542411737 27640.67040935456
68 564.2448861747412 53.00813573942827 143.74673316992127 195 196.75486890934954 27891.353971741708 4.548925180352057 27833.79691082217
123 1187.5257303485653 52.7582298778639 142.0660716012396 189 194.8243014791035 27270.954742606093 2.2828485847985576 27215.913664143714
196 1924.2437569665442 50.30225093578102 132.47742232731878 183 182.7796732630998 26540.78704089242 0.7600250799191599 26489.724764876944
43 387.10345700185457 58.211488821124526 152.82526965003694 199 211.03675847116142 28195.374448406077 11.000350942723685 28126.16260864248
23 173.04346052451635 54.24112630227965 152.73325905837478 207 206.97438536065448 28450.02826787342 32.73743579152651 28363.04970577983
124 1196.6701653075402 45.55270237334541 145.97631375176218 191 191.52901612510755 27464.27402880335 0.33275294849931925 27418.388573481705
70 583.9778193736656 52.134495922807126 145.25243264836283 197 197.3869285711699 28088.814985001933 4.257312152462077 28032.423176926884
58 507.414437533888 55.152801559306866 146.43174453839035 199 201.58454609769723 28259.194864774843 6.948295368043091 28197.093767847768
15 83.78854947998758 61.050748985207555 157.6528052266457 215 218.70355421185326 28690.96154120913 63.704630242001414 28566.2061619822
185 1863.2535771439077 47.83779324332566 135.96077865618076 187 183.79857189950644 26944.544823144173 0.01987900967060341 26896.68715089141
173 1700.5970223202978 56.20269143748712 139.167755942161 189 195.3704473796481 27168.380809901355 0.14134032583956468 27112.036778138336
111 1041.2617931038992 50.752526495611235 144.90572041577323 195 195.65824691138445 27862.60935489393 1.3545892759866547 27810.502239122612
87 856.1429352909944 55.99569822504952 144.34042023923595 197 200.3361184642855 28061.29874883516 1.4298566802783625 28003.873193930085
42 369.3598672458064 58.05599088756706 149.66062377345676 203 207.71661466102387 28554.615363099172 7.377037877789633 28489.18233433407
181 1801.9094214014112 49.727007523710334 139.24577777413546 189 188.97278529784577 27146.648508923117 1.8798141177119305 27095.041687281955
160 1574.824778157776 53.30410643018934 141.06972480914607 191 194.3738312393354 27384.45248763218 1.4065597563069332 27329.741821445983
121 1137.4998454457148 60.22198965936349 147.73029047426806 195 207.95228013363152 27853.42216421558 1.9625451690003501 27791.237629387524
30 262.3089449971724 55.47377159752436 152.76148251797608 207 208.23525411550042 28731.09927763625 14.439266362830608 28661.186239676124
150 1456.6976658102813 55.669087555750366 145.14713876138478 193 200.81622631713515 27577.81459274169 0.6596499365766704 27521.48585524966
177 1741.1216934651386 57.13347972086915 143.66799838260235 191 200.80147810347148 27341.049197894226 0.3999999999996362 27283.515718173636
157 1525.256609110483 52.7885292455522 149.8371615905382 193 202.62569083609037 27570.644424472735 1.6498959787600143 27516.20599924868
33 318.5787358595518 59.761861889740665 156.21401741256236 207 215.97587930230304 28814.21183811478 12.509333200439357 28741.940643024907
187 1868.2497387777596 54.91474678820281 146.39212035486574 191 201.3068671430685 27286.77836513749 0.0 27231.863618349573
34 324.8819094642015 60.0630589635483 155.83394790306232 207 215.89700686661058 28837.880582013764 17.95033838842562 28759.867184662053
193 1919.1056189026856 53.68757814087841 139.76936160801287 191 193.45693974889124 27262.444668893404 2.0197596189161686 27206.737331133845
199 1945.71371579004 48.542146777347284 147.07303894420232 191 195.61518572154966 27253.615190840876 0.9906436940364074 27204.082400369723
102 1001.6351958920394 55.28391692838279 148.15117521941647 199 203.43509214779934 28205.084188798966 0.30822283921884264 28149.492049031658
53 491.4534945438654 59.778766579586545 151.85620562738458 205 211.63497220697116 28782.272153731697 10.577617507900982 28711.915769644544
29 251.08199174573556 59.64718185220694 161.58480946744876 211 221.2319913196557 29062.374826983978 20.184100054488397 28982.543545077566
194 1919.4691492137804 50.98517619812236 139.06422621121504 193 190.04940240933738 27420.619048088236 2.9485995140012164 27366.6852723764
46 441.3218232307423 56.48189630000967 151.56859564158472 207 208.0504919415944 28915.38040268168 4.861384313745816 28854.037122068185
141 1356.7046248441466 57.29054958791771 150.46900404105037 199 207.75955362896804 28088.19424527626 2.9861218532532803 28027.917573835417
93 939.493952460574 56.45393407227623 150.57477837093253 203 207.02871244320875 28517.674748496418 1.4540656184573209 28459.766748805974
36 332.7198473674247 56.45777815605122 154.97100346578824 211 211.42878162183948 29130.818547587503 6.3268117157866754 29068.033957715983
188 1879.953659424631 55.13597706730735 146.6065079051914 195 201.74248497249872 27587.07324198065 1.6137526676006928 27530.32351224604
207 1995.1645804535888 53.94581803993626 142.17595957119087 195 196.12177761112716 27532.719092804185 0.19915793761174427 27478.5741168269
133 1307.3952259013613 50.692813615734025 149.76814725504707 201 200.46096087078115 28254.7214303006 0.976398621381577 28203.052218063753
32 309.90906431660676 62.126401674612616 163.10307033566326 213 225.22947201027586 29268.1421752915 15.153165140443775 29190.862608476786
139 1347.6639498348386 55.994741991393866 146.37341648981126 201 202.3681584812051 28234.26198599176 1.0889076461430705 28177.178336354526
161 1582.7620186713355 55.39648218345493 145.54386465411778 199 200.94034683757275 28001.363761184282 0.6711449354052093 27945.296134065677
120 1137.3773050959974 59.72373147773549 149.30680875558116 203 209.03054023331663 28469.42321395681 0.8710861251756796 28408.82839635421
103 1007.5293620654728 52.21696966226372 157.20554557492014 205 209.4225152371839 28640.70156726582 1.3866133563783478 28587.09798424744
104 1011.5792619282372 58.462171501753964 156.93497953012422 205 215.39715103187814 28638.07299550461 1.6593874147098404 28577.951436588457
107 1017.3843149865502 50.40615350691106 153.51466521357338 205 203.92081872048448 28647.158669982804 2.1437816697655308 28594.608734806417
158 1531.0542751438625 55.170916239569685 152.69204201341816 201 207.86295825298782 28170.46092623055 0.9134588508597972 28114.376551140424
179 1774.4148726777635 54.38407188545187 154.0477851830665 199 208.4318570685184 27929.682942220406 0.0 27875.29887033526
191 1903.0188688586402 52.79127338270729 148.05187014798665 199 200.84314353069396 27847.58106202364 1.2840087285376285 27793.505779912703
128 1232.1586867883098 57.70820563322294 155.4073369042499 205 213.11554253747283 28562.91089204367 0.26418356960607525 28504.93850284117
176 1733.5621770742846 53.985033705325584 149.48594472055393 201 203.47097842587948 28073.73748528804 0.0 28019.75245158301
137 1326.526363983976 57.66729410468049 157.96177933846508 205 215.6290734431455 28507.853226653115 0.4854934422421593 28449.700439106447
140 1349.945405643764 61.532912924308036 151.12446101467523 205 212.65737393898326 28491.660355192045 2.3151349290949383 28427.812307338998
62 524.5526554048706 60.02407540235327 158.03928777429581 213 218.06336317664903 29326.040538099383 4.997455578746099 29261.019007118615
92 933.0707932294625 52.42199597148108 156.29778291375402 209 208.71977888523512 28923.37186773182 2.2662280738682057 28868.683643686734
24 181.12810380539733 57.86481876549477 167.61026321546018 223 225.4750819809549 29681.757688003203 24.80745992231357 29599.085409315718
78 757.6437433334685 59.27827465179537 159.4101695554827 211 218.68844420727805 29121.61487191093 2.35686043211831 29059.979736827303
125 1221.6983637211745 55.267502189094586 152.41087444860705 207 207.6783766377016 28678.609848497937 0.7611469493365348 28622.581199359807
204 1981.6964700504336 53.958147089822965 154.12966877496396 201 208.08781586478693 27922.205867111923 0.451866972608741 27867.7958530498
129 1240.0643289023221 59.6029710204419 148.52146396884712 207 208.124434989289 28678.521452768884 0.0 28618.918481748722
135 1313.812458434983 56.754446488903675 149.69969216705152 207 206.45413865595523 28639.73472338721 3.4436730032314244 28579.53660389539
90 919.5998293420005 62.55753006465742 156.39407455634546 211 218.9516046210029 29045.0845153028 3.6035839108893697 28978.92340132764
79 757.65657682188 60.2670087471689 158.72465343192638 213 218.99166217909527 29235.225205758186 2.7309885214187943 29172.22720848995
171 1682.7593563264434 53.8722780006141 153.22195188489974 205 207.09422988551387 28324.20695568688 0.0 28270.334677686613
38 348.3393886053651 60.9951552147569 160.23371219346865 219 221.22886740822554 29663.684211695487 11.770640229273681 29590.918416251774
152 1477.863609576439 49.908076663953125 157.91070970727196 207 207.8187863712251 28540.568762239967 0.5999999999994543 28490.060685576296
117 1076.9733143947685 57.71079721426953 163.83286717447922 211 221.54366438874877 28978.384539555624 3.5538346649075265 28917.1199076768
74 704.5646122329158 58.53413048368268 162.13408926911242 215 220.6682197527951 29363.122263686826 5.252650791051678 29299.335482412433
25 192.41959876494343 62.202570742162344 172.22564573802967 225 234.42821648019202 29876.8252464368 36.53623848043898 29778.086437214544
144 1371.0104642663423 58.98506992160354 158.95205401586577 209 217.9371239374693 28708.261220431774 0.5564055861343604 28648.719744924383
164 1637.29410158402 53.56018846042963 154.13617514655482 207 207.69636360698445 28449.09156822124 0.540271741881952 28394.99110801921
48 446.87131539775953 62.77406277068828 166.19906758967767 219 228.97313036036593 29677.580671590254 8.265765588425381 29606.540843231483
108 1026.6463041906386 61.61808886187111 159.57887580381282 213 221.19696466568394 29101.98514637787 0.8672599863225514 29039.49979753002
85 844.8823068857547 60.790231623385466 162.73881826348656 215 223.52904988687206 29296.8377574065 1.4893378542549272 29234.55818792922
143 1362.027572208243 55.58022424021829 152.95250006033032 211 208.5327243005486 28804.08472904881 1.4770514254068985 28747.027453383496
166 1641.5964927719956 56.56065904301888 154.67587653850867 209 211.23653558152756 28536.168462260823 0.23922342994956125 28479.368579788174
174 1714.5770342774586 55.06561180954707 156.03978580525373 209 211.1053976148008 28494.11236785857 0.14674276790651675 28438.900013281425
19 99.07829619466457 64.75699550891295 177.81022157859007 235 242.56721708750302 30112.57709925339 59.37247062300038 29988.4476331218
54 492.1786989697617 59.934086593799776 165.6374635239944 221 225.57155011779417 29747.42276586365 5.452628222969395 29682.036051047206
73 697.5029687390935 59.20686131506336 161.5700933936685 219 220.77695470873184 29549.541125451757 3.2896251414382505 29487.04463899561
162 1604.4363332827763 56.46310403462834 159.1240411293132 211 215.58714516394156 28648.194152632277 1.55179591754586 28590.179252680475
190 1900.2450126366393 56.926549282995516 157.2525264071229 209 214.1790756901184 28361.1623084977 0.2705782501113845 28303.965180964908
195 1920.0855339094787 53.86011976206572 157.6636093724237 209 211.52372913448943 28348.590569234042 1.625549351046402 28293.104900121194
80 758.8640727287517 60.30337520045325 167.69414167267115 219 227.99751687312443 29512.42697626342 2.555425219324661 29449.568175843993
82 783.4939589803025 69.75108916689268 165.19544071480718 219 234.9465298816999 29497.36473673771 2.446032993283211 29425.16761457789
83 796.6252059785706 56.93841360612507 160.98037761419153 219 217.91879122031662 29485.72915528393 3.455772579507993 29425.334969098636
201 1966.3472212249 58.02426587829079 146.70974022193053 209 204.7340061002213 28316.73966671444 0.0 28258.715400836467
183 1850.810016661437 60.88502116042845 160.76565331522588 211 221.65067447565434 28477.17136957841 1.1051128840117599 28415.181235534354
94 942.1267580446461 62.77965701932828 164.11712142281084 219 226.89677844213912 29387.88825172678 1.5967104082347987 29323.511884299573
112 1042.5257036374767 61.9743458729886 161.95261811510332 219 223.92696398809187 29322.569844516314 1.1554437586337372 29259.4400548851
31 280.69114733218737 64.17752374328968 172.52741093023755 229 236.7049346735273 30088.075966566113 11.667247460783926 30012.231195362427
40 354.93127335366205 65.13837531611453 168.38949042125014 227 233.52786573736466 30016.335414296085 10.937746179056035 29940.259292801264
159 1566.6825761753046 62.45286481558197 153.63421165795305 215 216.087076473535 28825.407221910336 1.7447984282789548 28761.20955866686
202 1972.5270378793546 59.025449411969944 159.31452476229467 213 218.33997417426468 28439.71269953215 0.0 28380.687250120518
206 1987.896205463354 58.27022562967729 159.52002399224324 213 217.79024962192057 28428.684405835338 0.5999999999994543 28369.814180206
113 1044.535999583768 65.3875921791984 168.32152306358188 221 233.70911524278029 29384.010576546945 2.6557382706982935 29315.96724609743
44 396.88837623062227 59.495147445687785 168.84336926147594 229 228.33851670716376 30049.75905614484 6.217013701065071 29984.046894998428
169 1664.5620333010056 60.22335330162846 156.94577795853033 217 217.16913126015882 28793.67037417279 0.7999999999992724 28732.6470208715
147 1418.1783101407877 63.37426528020101 166.86305519837993 219 230.23732047858095 29041.9118503514 1.6996391481529827 28976.837945923446
81 782.5301638144817 57.67379753675764 174.55072397831123 225 232.22452151506886 29679.946976810224 2.1329558483680557 29620.140223425435
189 1890.1316699879217 61.375760402108675 166.1139729709606 217 227.48973337306927 28609.86130689402 1.0082340783155814 28547.477312413976
77 749.5293816610997 60.58163147124313 167.0385550411631 227 227.62018651240624 29755.1046783829 2.6886971049300428 29691.83434980707
106 1016.0236581479711 58.54854682576531 163.81506043264295 225 222.36360725840822 29499.78126083214 2.957838848850429 29438.274875157873
209 2002.9569142225305 61.548218943684624 165.67863524382048 217 227.22685418750513 28515.721475676284 0.0 28454.173256733007
130 1244.6716817047648 58.54422683042401 164.87366311608798 223 223.417889946512 29277.397361406725 0.0 29218.853134576646
86 851.7045108965742 62.90146137036301 176.33083882845577 227 239.23230019881873 29674.100387831593 1.4243335009992961 29609.774592960617
132 1287.4412764717006 62.77110060508383 169.60512648355962 223 232.37622708864347 29243.988499370793 0.9647289512397492 29180.252669814872
138 1341.3681970226312 65.36474337352573 163.00377253550863 223 228.36851590903441 29200.590127020925 2.127856244314671 29133.097527403468
175 1725.3290989994664 60.93187353974983 165.93355722358328 223 226.86543076333305 28864.504210829793 0.0 28803.572337290458
153 1497.4782896105378 61.8996432141007 169.6045331949262 225 231.5041764090269 29096.001741131557 0.31796400846542383 29033.784133909376
57 504.7185877177092 65.78935655727265 172.93582565151513 235 238.72518220878783 30101.46786346303 3.7283243151351257 30031.95018259102
71 671.0619388883827 66.19674772545639 180.58819059456226 235 246.78493832001865 29959.83667174769 7.660182829307246 29885.97974119329
180 1789.5413474323518 64.15334413537225 170.61977359907766 225 234.7731177344499 28843.080760414116 1.8805826694631378 28777.046833609722
186 1866.4019486065727 60.36568494613014 168.86841473439645 225 229.23409968052658 28770.673977580744 0.0 28710.308292634993
69 574.1597287540288 69.07925779881882 180.27990136829814 237 249.359159167117 30069.12312757527 4.084565535417028 29995.959304241456
136 1315.8692822290986 59.40500454155575 173.64068633968228 231 233.045690881238 29345.686134918935 2.0389070676312713 29284.242223310135
192 1906.7800528167568 66.85267314457546 172.2575479815879 227 239.11022112616337 28759.41773979524 0.5531507649861851 28692.011915886113
98 983.8133992208828 68.01476861601752 172.6918608717654 235 240.70662948778292 29685.533611385843 1.869857354220244 29615.648985416025
91 925.8361819548907 62.6196100649882 179.18376555664952 237 241.80337562163777 29759.31110621373 2.6121553451654336 29694.079340804004
109 1031.2107073829939 61.42762195720508 180.65299840376917 237 242.08062036097425 29662.93409040559 0.9576631589363842 29600.548805289814
131 1276.492437019377 64.70187904531494 175.17110507517884 235 239.8729841204938 29421.291374334654 0.5946803799372447 29355.99481490985
116 1069.810621604364 64.18304566748184 173.03259529856896 237 237.21564096605084 29632.34138816275 1.7574002298790674 29566.40094226577
122 1152.5021658765634 66.0970812336979 182.50920334718626 241 248.60628458088416 29574.95581113983 0.9835140692753157 29507.875215837295
198 1941.6464701113368 68.12282190826427 171.55810776375165 235 239.6809296720159 28788.202317490995 0.32100736922598117 28719.758488213964
39 349.55427532039585 67.9182197461349 190.18369159643814 255 258.1019113425731 30399.90094286876 11.99019438836433 30319.9925287347
84 828.2558235630278 68.44083604538233 189.87654149163558 249 258.31737753701793 29923.091186868223 1.1446477296583453 29853.505703093666
205 1984.3931094145287 67.16334384855068 177.9667820021229 241 245.13012585067358 28772.306231829367 0.5084699948927209 28704.634417986417
45 429.14925183647995 74.23275969886234 189.36775734011678 257 263.6005170389791 30332.116722151728 9.12645664574012 30248.757505807636
178 1759.9288273453092 74.07957545952725 190.52629971641682 247 264.60587517594405 29007.720525428223 0.0 28933.640949969216
156 1519.523432165408 75.32431952906288 189.44741267739303 253 264.7717322064559 29251.7192014923 0.0 29176.394881963784
