# Cpu scheduler: rr
# Quantum: 0.1
pid arrival_time cpu_bursts_time io_bursts_time nbursts bursts_time tat ready_wait_time io_wait_time
1 2.2640756445024457 64.14900765207398 46.955933379041085 7 111.10494103111506 294.8315157694268 74.7649891122037 155.91751900514618
4 18.34993053678224 72.21890956219994 64.2372597348168 9 136.45616929701674 482.92086788418715 85.56412236025164 325.13783596173096
6 31.753510073095924 72.77258740712276 67.63480987840362 9 140.40739728552637 530.6440923817615 79.61448280597438 378.2570221686558
9 61.4700314809122 108.53450681000088 106.05831810465043 15 214.59282491465126 1074.5412831125377 90.91912527608272 875.0876510264511
10 66.75147910373494 106.66713902549164 96.55926488652538 15 203.22640391201702 1134.6289777060026 102.77332084782144 925.1885178326879
12 71.64643521093267 40.96440106261582 119.33832238186041 159 160.30272344447621 11445.392839404265 10.718410294223503 11393.710028047344
8 58.91853294094038 44.9824787974233 123.24273704241557 163 168.22521583983888 11694.806360037446 14.476206690989756 11635.347674548953
0 2.2640756445024457 49.217172453402284 139.6498321437873 183 188.86700459718958 11910.210721001167 23.37005231267264 11837.623496235
14 85.22983226496531 47.73347941655913 125.92960747097914 167 173.66308688753827 12043.886393239392 8.497148436108048 11987.65576538662
18 113.52868457377599 48.29706593775558 125.72897656385406 169 174.02604250160965 12296.725164622107 7.073686164611445 12241.354412519651
28 167.11453073778605 44.95095994035044 126.09352949978008 167 171.04448944013052 12290.224027161268 3.9748083975121915 12241.298258823319
100 796.0876328744728 40.21426939121804 121.10780297127447 159 161.3220723624925 11846.40243813077 0.7245833306913028 11805.46358540878
32 223.69740214679695 45.26030407743142 122.53375252493196 169 167.79405660236336 12447.313120204743 3.739523340285274 12398.313292786932
2 4.835170451916067 51.653790006637955 144.4560490332667 193 196.10983903990464 12691.31524163859 13.425620612426037 12626.235831019425
47 356.5925555933538 43.67917789240355 121.62953022193558 167 165.30870811433914 12353.828131507227 2.560799081134064 12307.588154533609
52 397.3954876438113 47.227388222647235 127.27541538918223 169 174.50280361182945 12518.38702272875 3.2504912741492262 12467.909143231846
26 158.79390088389215 49.68758881655789 130.03563381081142 177 179.7232226273693 12954.388741079205 2.594692828133361 12902.106459434419
94 755.3993560567972 43.198903953719714 124.64932534099054 167 167.84822929471028 12400.267007207365 0.5524820224025007 12356.515621231141
86 714.918698666969 44.544573041235424 126.8397337014452 169 171.38430674268062 12532.119827159508 0.10000000000002274 12487.475254118166
97 767.1226834111582 49.7736209153736 125.30593508722623 169 175.07955600259982 12527.43076474292 0.7137977597218423 12476.94334606771
35 242.03493180467476 50.451616048788836 131.92788906776346 179 182.3795051165523 13107.719465992375 3.6913977756659904 13053.57645216781
87 716.6060868096973 46.91341724528422 127.07241770859541 171 173.98583495387965 12657.607595751984 0.40000000000009095 12610.294178506594
39 268.8789023095942 49.00919202979392 130.94361385735056 181 179.9528058871445 13231.500678528071 3.0001100403110286 13179.491376457854
43 306.9157751731594 48.67431850089756 133.1060208837806 181 181.78033938467814 13264.138903063684 1.8929097157616752 13213.571674846913
25 155.28503943733955 48.591366676494424 140.59304588933924 185 189.1844125658336 13464.09834420718 2.905675401367546 13412.60130212921
61 465.0276645152786 53.3539335024802 130.4051588093833 181 183.75909231186347 13276.979794258477 1.5595917076884689 13222.066269048186
13 77.38529817444703 50.79812081256266 142.22594434714705 193 193.02406515970966 13742.19669413343 9.191557760234815 13682.207015560529
11 71.33713977412306 51.300987754833606 145.07338432848638 193 196.37437208331997 13751.210302963109 10.97559056947739 13688.933724638684
59 455.2264143746888 51.66494974182224 138.11232693970004 183 189.7772766815223 13398.22167630035 2.905477039762445 13343.651249518662
37 261.1836569196056 52.000284806843084 141.32284802333336 187 193.32313283017646 13597.039342900984 1.44986928798005 13543.589188806041
38 262.25076190457105 51.54223047307176 139.8901590398126 187 191.43238951288433 13596.67596992549 2.988490335634765 13542.145249116666
57 429.88419897678887 52.55711120298562 136.14150995348686 185 188.69862115647248 13517.593287600812 0.7238318687505512 13464.312344528951
42 297.63994403949766 51.97723723273554 139.43411289477632 189 191.41135012751187 13737.0003776355 2.7066747255434507 13682.316465677102
69 519.484031613231 51.54913626350073 138.46093846354165 185 190.01007472704237 13517.538047179569 1.1320241471998997 13464.856886768748
22 129.9200641073998 51.2344961663984 142.35622798731052 193 193.59072415370895 13913.413383188356 5.146503050697504 13857.032383971155
60 461.8498382711751 52.561909860073534 141.08209909022153 187 193.64400895029502 13617.020477867225 2.9397991621967776 13561.51876884484
20 117.70741749769311 53.23262588911728 146.6813429634861 195 199.91396885260338 14013.471922235765 6.810442749227732 13953.428853597305
53 398.4558834758976 54.528946125805305 142.4676449372598 191 196.99659106306513 13844.39062302747 3.9886034144400924 13785.873073487099
81 657.9835833901318 50.237525800796746 143.71726361143197 187 193.95478941222873 13585.999835342194 0.9109854867583635 13534.851324054522
49 375.50566641080434 54.12608485760876 146.0063984160249 193 200.13248327363365 13925.700013521686 3.786563309063297 13867.787365354889
50 385.09898499167514 53.953776425093054 144.85975716655878 193 198.8135335916518 13931.94423930011 6.6731643734925115 13871.317298501408
31 174.2466430237073 50.20448896084782 144.91537497163827 197 195.1198639324861 14156.135765532628 5.23121873785766 14100.700057833808
3 15.050546737627574 58.154156614745474 154.79822539952133 213 212.9523820142668 14324.438003018005 17.520121727070993 14248.763724676079
70 546.6352166284776 49.05143992033129 141.67851901754722 191 190.72995893787848 13809.630978190315 3.1774721848106537 13757.402066085067
29 167.54291235719748 52.04027949938607 147.3114899967294 199 199.35176949611542 14237.00281346882 3.964341714899575 14180.998192254407
30 167.5701337632902 56.29773228995368 152.84198192432265 199 209.13971421427632 14249.353891345383 5.1982246989744 14187.85793435634
96 767.0379827778465 47.02161947645743 139.34896006678574 189 186.37057954324314 13658.772024679698 1.0864739274579733 13610.663931275672
40 279.130237378002 53.307767340683654 145.79740136702364 197 199.10516870770732 14151.448074350674 5.4738016497861395 14092.666505360077
44 310.83806045338594 55.28787456060317 145.66388042502547 197 200.9517549856286 14137.722136734947 1.837745451617593 14080.596516722606
45 326.9168977365335 51.208298376077934 147.83817090523016 197 199.0464692813081 14125.901749678686 3.8257968531677307 14070.867654449334
34 241.78645577990522 56.91838920844959 150.6167835507076 199 207.53517275915718 14218.570208670333 4.891139878751119 14156.760679583
15 93.84353827350931 55.70008382437327 157.2214211555501 205 212.92150497992338 14419.184105643415 9.371573034481258 14354.112448784448
56 427.1447563174925 55.19669335861843 147.3833056076945 197 202.57999896631298 14111.001243399838 2.4985823388222457 14053.305967702267
89 734.3842957937892 52.855800121740266 145.32473880090524 193 198.1805389226455 13832.993125061248 2.3107326525705503 13777.826592286812
62 473.45394040980875 52.32590042804307 146.24954397810157 197 198.57544440614464 14096.125398285265 4.12748727744281 14039.672010579656
65 493.4501562783591 49.712580730336555 143.7691837439383 197 193.48176447427488 14090.738753105552 3.4921396307531722 14037.534032744346
78 628.7242738948615 57.761474102658276 143.45586279156973 195 201.217336894228 13957.453624426576 2.854575089156583 13896.83757523463
16 96.668232737994 55.22800884245264 151.73832453640355 207 206.96633337885618 14511.04818536561 13.559158630068353 14442.261017892968
82 659.2806934580198 52.654845585977654 143.5917755486798 195 196.24662113465746 13950.185608348156 1.6502611570027739 13895.880501605052
84 689.5676483247578 49.65748047257597 149.16430840447876 195 198.82178887705476 13935.282083440894 0.6137851918134629 13885.010817776381
41 288.7090038171841 56.44769936799712 149.27995114352177 203 205.72765051151887 14387.191096406084 4.9952970274785 14325.74810001046
54 407.0859511675444 54.97453518308391 149.02498853155086 201 203.99952371463476 14274.117582239915 2.104796479845959 14217.038250576867
101 818.7580175108212 52.74206500419598 147.01284497124 195 199.754909975436 13867.010953319535 1.0566372451020243 13813.212251070114
83 677.9433873341588 54.10109102613692 147.17868058656055 197 201.27977161269746 14009.129417664131 0.6617873662056581 13954.366539271652
66 496.1603454807545 53.56658241647018 152.28104459445345 201 205.84762701092365 14231.221784670828 2.5609729637122314 14175.094229290526
33 230.5005118557313 58.6283666753622 153.82123560090633 207 212.44960227626854 14520.402850399627 3.66883441413151 14458.10564930999
24 148.55666677820648 62.11587723726363 154.64581859694584 209 216.7616958342095 14609.60415951197 3.4429697199871043 14544.04531255458
5 23.18243922804664 59.99695204476465 156.9577891410032 221 216.9547411857679 14743.489929029352 16.923591045566774 14666.569385938894
17 108.05940369905953 58.34292045730225 159.5385773667387 213 217.8814978240409 14711.845607305488 12.19729306288258 14641.305393785175
74 608.6615021399953 53.97365932145193 156.07526750477913 203 210.04892682623108 14213.71084235259 0.6024172490386945 14159.134765781975
88 733.5039106180872 55.34486784706228 150.44116117236334 201 205.7860290194256 14091.27337625196 1.7952507945824436 14034.133257610176
76 619.2199916587028 56.77405244974286 147.5452735395768 203 204.31932598931965 14209.58629219864 4.387475900634172 14148.424763848112
67 496.1683815651985 60.30023305879423 149.36334556751234 205 209.66357862630662 14344.633179374026 2.6602228024373176 14281.67272351264
98 768.4932247249129 54.011438311875544 155.56056698798994 201 209.5720052998655 14079.24228138284 0.48829755613132875 14024.742545514691
68 511.6779412999853 60.65445181287997 153.5529778006645 205 214.2074296135445 14342.531117555662 0.9116330362015219 14280.965032706436
23 131.9445240473867 56.65649282207155 159.88593908283912 213 216.54243190491067 14726.058054069055 3.7675473434291575 14665.634013903433
72 569.1401860151865 54.77160740480444 153.40666433650821 205 208.17827174131264 14297.172884293552 1.203193539506401 14241.198083349127
21 127.86854757025101 56.41353048423519 160.03539267509996 217 216.44892315933515 14814.910165763971 3.030829302904735 14755.465805976704
102 829.9225690801098 53.726074024177784 153.05986177761102 205 206.78593580178887 14117.879316295166 1.2852552577081724 14062.867987013156
64 493.3911077840381 60.18279521757629 154.7967433671232 211 214.97953858469947 14478.214495129148 1.7076518871561461 14416.324048024268
103 848.0447810948159 56.328151889313915 154.09721259357931 207 210.42536448289317 14146.00182354725 0.0 14089.673671657793
80 636.7284126951035 57.85658820110158 159.0300998532753 211 216.88668805437692 14380.039391941273 1.3685663313366376 14320.814237408686
19 117.36954397601971 59.55762293539818 161.8608058283933 221 221.4184287637915 14904.541465867194 4.320100813620897 14840.663742118048
7 49.946670024823206 61.936695256291046 169.33548091860146 227 231.27217617489248 14973.326631958744 13.239844220292852 14898.150092482021
85 699.9128191557136 61.945335695604356 154.39660085493077 211 216.34193655053514 14334.812616315812 0.0 14272.867280620068
92 743.3386871204016 61.39536659194339 159.98644929800727 211 221.38181588995067 14304.528069068852 1.9052047316091603 14241.227497745143
55 410.3483268021311 61.41246588722286 160.61225691447586 217 222.02472280169874 14647.689171191409 1.223274924033035 14585.05343038
51 393.11820740041264 55.4259470267855 161.68107511917054 219 217.10702214595602 14693.145716665222 2.35949129670837 14635.360278341599
63 479.5831326515361 60.62337525137951 165.62125981820458 219 226.2446350695841 14621.268937982613 3.85034221713272 14556.795220513955
79 632.5758365602521 56.16366304915091 162.76679798725223 217 218.9304610364031 14478.178619095826 2.5844825215051515 14419.430473525037
48 375.43360817210714 57.16102972285255 163.50683508029695 223 220.66786480314943 14749.527759285616 4.042772970310352 14688.32395659232
27 163.45938181656587 58.39752932933153 170.86143378190872 229 229.25896311124023 14984.972761775583 3.360745458854808 14923.214486987259
71 551.8500366106797 55.13465306218539 175.27786975883822 223 230.41252282102363 14604.814685323601 1.8904637019477377 14547.78956855934
104 851.7438164296638 57.26090798376702 164.58329035586854 219 221.84419833963557 14312.21662342588 0.1523788953887788 14254.803336546587
93 748.5097620413743 53.30858334450619 167.74056676581563 221 221.04915011032182 14421.21503279907 0.3920998727294318 14367.5143495817
75 613.585113721047 61.04184845417968 168.65098537129583 227 229.69283382547553 14586.55953248871 0.26410940289429163 14525.253574631484
91 742.1878086574645 65.53123849600867 169.16653356075585 227 234.6977720567645 14474.147541923701 1.2669203000143625 14407.349383127505
95 758.2818408624468 63.477818720624946 168.68716700767138 227 232.1649857282963 14461.444324995044 0.6809493381884977 14397.28555693607
90 736.1062074490685 61.748994220941576 170.53591848710215 229 232.28491270804375 14491.70318411699 2.9391649148062697 14427.015024981085
46 335.12981074271204 59.36810972431141 170.9158860061085 239 230.28399573041997 14905.469073904562 0.8868090670670767 14845.214155113026
99 779.1151751203282 62.81770871824128 177.46897455533522 233 240.28668327357653 14469.108355437185 1.7008361375555978 14404.58981058122
36 251.19279993765883 71.09940111009568 174.26967161174815 243 245.36907272184385 15000.8114662857 4.460614522622336 14925.251450652817
77 628.1937377100882 65.07280557846698 185.40607821147708 251 250.4788837899441 14658.69213080683 2.2244775978649614 14591.39484763032
58 441.9594970412462 72.49216232140516 185.54746006523894 255 258.0396223866441 14848.320141981167 0.7382662644156426 14775.089713395164
73 570.9719646920448 72.09486774431099 198.36634189688112 261 270.4612096411921 14726.145815907239 0.4907003382572839 14653.560247824482
