# Cpu scheduler: rr
# Quantum: 0.1
pid arrival_time cpu_bursts_time io_bursts_time nbursts bursts_time tat ready_wait_time io_wait_time
6 18.076071604725918 75.35674784493396 44.58502449390662 7 119.9417723388406 544.6361903806397 125.87315945505205 343.40628308064663
8 34.24610083251612 73.27813858238 64.75178190322724 9 138.02992048560722 662.7151796520509 113.9881445171717 475.44889655248926
1 2.41672773231733 77.38003462800327 67.48596621592236 11 144.86600084392563 750.9033820722485 123.98617290470563 549.5371745395298
5 16.154143815796886 105.36240625216863 98.20549037582568 13 203.5678966279943 959.5742247043675 125.1940072596276 729.0178111925542
7 32.70523574318938 109.35808628298943 81.74543658804656 13 191.10352287103598 1007.5967980726534 121.33984221576245 776.8988695738985
26 137.36752139361894 48.78196693185068 121.47164575909264 163 170.25361269094333 12009.753253644023 4.130692180950405 11956.84059453112
41 259.36599839034216 42.090125937885226 120.30846295704978 161 162.39858889493502 11922.797392860699 5.790028126056768 11874.91723879667
9 40.49590680649963 55.477825952071356 127.38938148247453 175 182.8672074345459 12279.45562176591 33.00900155075323 12190.968794262983
95 819.5451899563524 44.07696400105654 116.72930161743002 155 160.80626561848655 11511.541827304036 1.8104495898254527 11465.654413713057
75 610.6455816868579 47.87499585654787 124.98772456430119 169 172.8627204208491 12545.180476782612 2.3833808058971044 12494.92210012007
36 239.37746131810397 46.45593500957096 126.47284607590069 175 172.92878108547163 12924.77986077308 3.4024614172498104 12874.921464346164
38 249.09274652782065 47.846241818744176 133.99467489308978 175 181.84091671183398 12928.79240568141 3.5582460515928744 12877.387917810964
63 486.97413765383027 48.0363008928893 126.3974692864356 173 174.43377017932494 12826.535291565659 0.5542184845261318 12777.944772188133
81 669.4741833905568 44.142984091208575 122.68886955870015 171 166.83185364990868 12669.455904961038 3.080113311091168 12622.23280755864
4 13.915395591944854 55.15071049632991 153.51421203504043 203 208.66492253137034 13418.704297975684 33.46258351048204 13330.091003968757
99 855.4920898967996 46.273600069295846 125.53387106885405 171 171.80747113814994 12663.08149528458 0.7942315879208763 12616.013663627258
50 343.1704696592876 50.96841029082336 134.4217376390892 181 185.39014792991253 13361.244471187072 4.236199594322102 13306.03986130181
30 165.9714238085571 50.433638458621466 140.97180948237693 187 191.40544794099839 13719.422097118551 5.979947588365405 13663.00851107145
54 400.135141113435 49.92845190823529 133.93275748608977 183 183.8612093943251 13492.815887977275 3.576540999822896 13439.310895069106
74 609.674868044912 44.70730783629473 138.5417344545852 181 183.24904229087994 13366.044844846563 1.2623000908207587 13320.075236919349
37 241.94978608090943 53.70917570634863 140.23910584916294 187 193.94828155551156 13746.013243481644 4.247180923593845 13688.056886851586
44 273.5170454805051 52.60403616535169 141.86738778304212 187 194.4714239483938 13754.805591571332 3.966475274144045 13698.235080131724
58 430.18377910325916 53.12631264265833 136.7966655844466 185 189.9229782271049 13627.55651250656 1.8322003973430583 13572.597999466447
47 312.72262775535046 50.927102885582705 137.26408211503005 187 188.19118500061273 13756.957810746368 2.0358022392496764 13703.994905621423
87 739.1899682588374 48.56257559308547 134.0015214219593 181 182.56409701504475 13352.323453832705 0.735304332742885 13303.025573906769
19 102.71441229399932 51.44779139431172 145.12392144890933 195 196.57171284322104 14056.820457232556 10.615532904185727 13994.757132933952
46 304.99861113571865 51.76161065043072 139.97680890029815 189 191.73841955072885 13877.438390294643 4.181056473410877 13821.495723170687
60 442.2708410655748 54.36427607767807 136.3796792731196 187 190.74395535079765 13752.469529434115 1.5934708779525408 13696.511782478363
11 48.09955652105355 50.7316432088057 156.60369072303587 201 207.33533393184155 14203.52064848153 22.333039675478794 14130.455965597142
35 223.8914145889674 52.518543060927975 144.51554938432486 193 197.03409244525284 14105.706462081316 4.445664843728196 14048.742254176537
20 111.21988301342051 53.78525436049768 146.90655058430903 197 200.69180494480668 14250.137809315982 11.316069163811335 14185.036485791552
10 45.92101323151503 56.348846977367266 152.5153298123111 205 208.8641767896783 14377.22040539395 19.798792307495845 14301.072766108966
51 370.504226900619 54.50480478527121 139.5091661260227 193 194.01397091129394 14099.444110965831 3.574345180584544 14041.364960999856
94 817.8510318181795 47.47894142425957 144.7129789457621 187 192.1919203700217 13663.59290508373 3.040335608050441 13613.07362805132
53 400.0298282427814 55.3967628977629 151.85448227311815 193 207.25124517088105 14089.071576061255 1.9570565074354818 14031.717756655922
16 78.55203156103252 51.05124962529759 155.11833683800054 203 206.16958646329812 14422.925135205114 18.430586273591658 14353.443299306124
25 136.05803550274953 58.28595865971492 150.81806033704177 199 209.10401899675665 14432.187718732332 3.723390734941887 14370.178369337544
93 815.9177447788618 50.443348059747095 138.5591447836309 189 189.00249284337798 13772.865279247562 2.260597158396081 13720.161334029295
86 737.0230378378657 49.458954187290956 142.04096637455507 191 191.49992056184607 13916.339217069002 2.1723479576745603 13864.70791492391
68 560.7552341201439 51.81169161571282 145.51876106110984 195 197.33045267682266 14164.91103176185 1.2732629195940035 14111.826077226417
102 863.82735306693 49.98491215727316 144.58679962420743 191 194.5717117814806 13871.683429416853 0.2358871993029652 13821.462630060158
69 572.2975121361833 55.45926182047601 142.2324463110615 195 197.6917081315375 14164.67718064778 3.102173975238543 14106.115744851922
104 874.9727251337097 53.2350555086245 137.96001078421858 191 191.19506629284308 13873.860467026507 0.1938889345425423 13820.431522583212
24 130.41393252010073 55.99334817600991 152.13599304361904 203 208.12934121962894 14627.058366092142 6.902467870460839 14564.162550045538
88 746.5623986567668 51.482042529112306 140.64341844336633 193 192.12546097247866 14020.85506948692 0.3615929167901868 13969.011434040893
76 611.2494663469696 52.041919754309276 143.7750182812921 195 195.81693803560137 14157.532077625374 1.496824993544692 14103.993332877395
98 836.6157754760974 49.03687392586894 142.4926326428863 193 191.5295065687552 13973.886242676193 0.17033229291087082 13924.67903645729
2 8.337533941556014 58.903396236806834 173.7204489963587 227 232.62384523316558 14812.228703589528 39.075990607605696 14714.249316744994
48 327.03324455484756 59.167611877818366 152.1341741940963 201 211.30178607191465 14515.136937092733 1.8090206917572687 14454.160304523017
14 69.67950212481908 56.553091787965776 156.3367087539451 211 212.88980054191086 14786.83664334008 18.76197257587117 14711.521578976115
62 479.59492768920063 54.11032084844004 150.67080305231215 199 204.78112390075222 14388.819748723146 1.5787825887780969 14333.130645285797
64 531.5087061407831 56.30605638274195 149.22136342156256 199 205.52741980430454 14355.21134837079 2.745816871372881 14296.159475116541
65 549.8713101494739 50.32307114051117 151.98032967134296 199 202.30340081185415 14352.427563161848 2.1641185531150313 14299.940373468098
0 2.41672773231733 64.90582439472948 174.3487480404763 233 239.25457243520577 14900.295585797294 47.021732263193755 14788.36802913924
101 856.9614251064303 52.046146679758486 142.20473231133437 195 194.25087899109286 14056.170068987072 1.8117357766619762 14002.31218653052
59 430.6163152291394 54.58275690654516 151.17187405010162 201 205.75463095664674 14483.982304637388 0.9177228340747661 14428.481824896646
15 77.05134805202275 64.60053912718081 154.49982871375894 211 219.10036784093975 14855.751455856118 27.58068096081456 14763.570235767982
23 130.36933820175722 56.185123606836626 150.56870197882017 207 206.7538255856568 14804.043760264805 7.995777448220707 14739.862859209625
21 115.48630693207818 52.81356493707337 153.42960706209703 209 206.24317199917039 14846.824839398767 8.251640489379923 14785.759633972195
3 12.741517627090662 59.348248218461805 171.7448091240347 227 231.09305734249654 14951.279439660535 35.45186588444323 14856.479325557502
100 856.6412856961192 52.47185363350862 151.5431324098776 197 204.01498604338622 14133.618411507447 1.4572025109144988 14079.6893553629
78 614.6866769609287 59.959786198841826 150.12281306618877 201 210.08259926503064 14400.732035303408 0.7268134264485298 14340.04543567798
33 195.18819494232397 58.028312984562376 155.38920920675443 209 213.41752219131678 14861.905422748956 4.2273313611904655 14799.649778403087
40 256.710739214592 55.92512876866635 155.2981732054625 209 211.22330197412882 14836.567167727064 3.177097897155363 14777.46494106111
96 829.2261936705094 57.54260694444263 145.26812493902662 201 202.8107318834692 14271.505869518991 2.003253384827758 14211.96000918959
13 67.54120937267636 62.977571548451486 162.79702324159734 219 225.7745947900488 15068.39713451814 20.5599288753956 14984.859634094155
27 143.78047599054275 58.313499292902705 162.3402959232065 215 220.65379521610924 15058.831034920897 3.2384088624747562 14997.279126765387
39 252.6167834325819 61.08449814096674 155.45955939363117 213 216.54405753459787 14959.408235086781 5.202129631223471 14893.121607314442
45 279.6511238990896 59.15731562500307 165.27811103580834 213 224.4354266608114 14942.827886235484 2.9923865711755298 14880.678184039167
32 178.84475362709404 60.92267925469892 157.39256119964855 215 218.31524045434747 15051.931550622501 3.8317903373461775 14987.177081030308
84 732.3793242524538 56.53896660851382 154.4804195009007 207 211.01938610941457 14514.648067286225 0.42487621901307193 14457.684224458557
89 754.1356375092709 55.830711343069495 154.04081370616456 207 209.87152504923404 14502.45123045058 0.7485952859744884 14445.871923821425
90 759.9552015880437 54.18315036295637 156.43511912377332 207 210.61826948672967 14500.199614199313 0.014731692858731549 14446.001732143364
31 173.25595270553436 58.636555382707336 163.9178663315942 217 222.55442171430155 15104.565852433274 1.7824501170016447 15044.146846933421
83 717.2408923223747 61.9831940026546 156.09232320041306 209 218.07551720306765 14579.417867367072 0.5388445274386413 14516.895828836834
49 340.4877898015611 60.17724134965011 161.78203067957475 215 221.95927202922488 14965.809313213766 3.075044245284232 14902.557027618705
43 268.8098809253725 58.752544445614916 160.92162686080326 219 219.6741713064182 15097.617638383012 2.011630659435127 15036.853463277812
56 409.8915646184614 62.29426583273661 158.79164768406682 217 221.08591351680343 14962.36291100656 5.085928242288276 14894.982716931383
34 213.8732478512583 66.99369904122838 167.49644296240453 221 234.49014200363297 15174.2831283816 3.3235911080976166 15103.965838232123
77 611.6765518071793 59.166510591221915 164.97546217543655 215 224.1419727666584 14781.42131987211 1.7723719481514308 14720.482437332592
71 579.743470077981 62.75293791614771 162.30065496779147 217 225.05359288393913 14844.982240287149 0.5443650584792294 14781.684937312364
42 260.98986962251416 57.300373989224 166.436379274327 223 223.736753263551 15182.770366188543 5.69619328719449 15119.773798912
67 558.7111706427743 61.91097006841278 164.2948176967429 219 226.20578776515566 14896.9716007528 1.3395007865092339 14833.721129897722
57 420.66040578995745 59.229833183889134 164.24606641621537 221 223.4758996001045 15036.488711910484 1.3997227169013513 14975.859156009545
22 125.53721618774628 62.90784369096296 166.90230782482948 227 229.81015151579243 15332.777264739327 6.807123834926614 15263.062297213288
28 148.86245056182312 63.63222126403767 169.50962409150526 227 233.14184535554293 15321.73733350622 3.7577040822662866 15254.34740815976
29 157.88135610165492 61.52076075034074 167.51865188650612 227 229.03941263684686 15318.218449150443 3.194631929522245 15253.503056470432
18 100.48000563269524 63.707978817349485 174.07377640935243 231 237.7817552267019 15386.78182598714 16.40016085514219 15306.673686314507
66 555.1364780159653 62.51093008728413 162.78498841347172 221 225.29591850075582 14936.054078834957 0.8409854611320497 14872.70216328639
103 864.8826932929193 60.49700877796112 158.5005531033564 217 218.9975618813175 14627.782992572395 0.6481863772444285 14566.637797417041
70 576.2898251221397 65.28141279074673 163.13351485955113 221 228.41492765029784 14917.795129532635 1.0387364972028763 14851.474980244531
61 470.6140313566958 61.26856912730891 164.9894487140918 223 226.25801784140072 15030.56130333632 2.4410994511217154 14966.85163475775
17 99.07833683078859 62.321196003613814 176.02033661651157 233 238.34153262012543 15404.85455869577 9.163987089354919 15333.369375602646
52 388.4649853447156 59.67655739649093 167.70890865829904 225 227.38546605479 15120.681781720832 3.4407511426480255 15057.564473181556
97 834.9584654546252 65.78204665950014 161.87284404593981 219 227.65489070543993 14678.122676787149 1.0209860902386936 14611.319644037249
82 686.4208917636172 59.39153057469328 162.6032705820511 223 221.99480115674436 14844.130957378326 3.2114459593473157 14781.527980844143
12 52.87053946977588 65.42101918497215 177.00913502909862 239 242.43015421407074 15479.98256352987 19.676208730077107 15394.885335614668
79 618.4204241306235 67.11301794932977 170.38376756008412 225 237.49678550941394 14921.315853226326 1.7965948774984781 14852.406240399336
91 794.3643533158313 60.88329034458313 161.97792522743902 223 222.86121557202216 14747.42654906338 1.2250904910870304 14685.31816822756
92 802.3946818188554 58.75450157405482 165.15426504582078 229 223.90876661987556 14768.984392361666 0.3789296823060795 14709.850961105167
85 735.2017016380672 60.0408433571973 170.3109558729495 231 230.3517992301468 14841.08875485479 0.2709089485323375 14780.777002548906
72 588.6011105789156 66.40959676078549 169.68074953573915 235 236.09034629652464 14993.053648816505 0.9995764399590144 14925.64447561559
73 597.1267593168304 62.75527464162276 174.60006693666523 235 237.35534157828803 14986.0173744389 3.408285182344571 14919.853814614791
80 638.2292994528277 64.44561258972263 176.6992985747926 235 241.14491116451524 14946.300618379679 2.59899090774843 14879.256014882041
55 401.0134436617931 67.4006644074907 189.92049158735935 255 257.3211559948501 15200.164322192459 4.210754862378508 15128.552902922422
