# Cpu scheduler: sjf
# Quantum: None
pid arrival_time cpu_bursts_time io_bursts_time nbursts bursts_time tat ready_wait_time io_wait_time
1 45.10907233935397 59.13626521755731 40.20654761000014 7 99.34281282755747 288.0913198109232 148.716261077784 80.23879351558195
16 128.58669815720214 49.84157613681705 34.95284515107545 7 84.7944212878925 276.3755220119928 65.25706157629898 161.2768842988768
12 109.20283339781496 68.32798032761603 47.65281443599564 7 115.98079476361167 674.0320353542849 302.9900230495196 302.71403197714926
7 91.90982529777843 100.45821007940626 113.55940971278683 15 214.01761979219307 939.827568062986 105.48958686216936 733.8797711214104
21 146.96273586329883 65.0141484863389 45.40560465433737 7 110.41975314067626 902.8947559308831 319.203031039695 518.6775764048492
9 98.02988513536377 77.01468080099465 55.27740310879564 9 132.2920839097903 1027.0109016104816 292.5293769756075 657.4668438338795
10 99.91932128607947 114.94903973509645 98.68124698724557 15 213.630286722342 1087.2174466449326 137.8792141153727 834.3891927944632
20 143.20536489274969 106.55964555925631 87.97299853367458 13 194.5326440929309 1232.0504494384136 159.95197498472498 965.5388288944324
18 129.31638279775038 109.79598292894971 88.47623417426789 13 198.2722171032176 1523.257091222154 344.4404822548698 1069.0206260383347
14 122.17645622269279 106.42575698260802 96.92711486825081 13 203.3528718508588 1953.6661714731274 503.86155594009574 1343.3788585504242
17 129.06235875579623 42.33401100244277 112.72144291629478 153 155.05545391873753 21071.844150223074 64.26357290251715 20965.246566318117
23 182.80308860841316 43.443948082584754 112.89065287882872 153 156.33460096141349 21450.773262549978 66.18354794299151 21341.145766524412
40 350.9100969269337 42.71766042923408 113.93609376611796 157 156.65375419535204 22534.776121135008 32.79207466162552 22459.266386044157
22 156.36262608335068 46.858799437441014 125.5152066550481 165 172.3740060924891 23008.95104564715 77.67609282427571 22884.416153385446
80 724.9846895342639 43.922993592163955 114.46010743888135 153 158.38310103104533 22462.150411941973 24.98234127619162 22393.245077073603
147 1438.7014035361835 36.628928379775004 106.4227406468626 147 143.05166902663757 21789.731624958855 0.2844064357238949 21752.818290143365
88 776.1374816593269 41.34531989652974 112.45991948303649 155 153.8052393795662 22769.983285109378 7.483551954877385 22721.15441325797
41 354.5430821264352 43.817644915605605 125.90218730319188 167 169.71983221879754 24031.392455468053 4.606837734202941 23982.967972818235
170 1636.4958632957346 45.46849682571477 115.40934398970947 159 160.87784081542424 23564.49210345074 0.0 23519.02360662501
95 849.1511540227888 47.06693761104789 124.95806865012972 169 172.0250062611776 24818.480653701918 32.210325453985774 24739.203390636885
145 1428.8233022421646 46.070900540779185 124.78035953245264 165 170.85126007323183 24382.517775900305 0.45494001107545046 24335.99193534845
29 261.73944184287706 48.54609582448493 134.29197558276474 181 182.83807140724969 25796.704480244603 46.98622575105264 25701.17215866907
75 651.8693093316339 53.084833898883204 134.30685806448508 175 187.39169196336832 25607.184419098983 29.08941212546904 25525.010173074636
3 64.7759369732459 52.49787200920206 141.94334831104945 195 194.4412203202515 26260.424493026305 74.725400058461 26133.201220958643
78 689.4211814843115 46.62061240118876 128.70403750761528 175 175.32464990880408 25636.69109342299 24.6150042820135 25565.45547673979
55 455.48367762332754 50.13822899685075 135.05809056149448 179 185.1963195583452 25969.30933079776 30.75365898365021 25888.41744281725
179 1743.9090307199451 45.62103337493129 124.28613575552592 167 169.9071691304572 24727.349332027025 0.3549219081319279 24681.373376743963
11 103.1150467212712 51.81423915776718 144.41509270322308 193 196.22933186099027 26482.83665250928 79.84964511830519 26351.17276823321
82 731.747223329395 48.72411761095308 130.82158124588332 177 179.5456988568364 25914.671281178285 9.01234796176277 25856.934815605564
66 559.1616015719386 50.14208930162685 134.56331165784954 179 184.7054009594764 26122.296433230706 27.890884484910316 26044.26345944417
2 63.66504440155296 59.25729225296503 149.6316621331189 199 208.88895438608392 26778.352411053045 90.50105235659471 26628.59406644348
15 126.84814885160388 53.387508321337 145.31839175661815 193 198.70590007795516 26720.79301654539 73.40037862184211 26594.00512960221
77 682.6675003342737 50.776336859549936 137.9830442232188 179 188.7593810827687 26201.026871502083 35.716534322005145 26114.534000320524
0 45.10907233935397 53.635979778624446 153.62695122339235 203 207.26293100201684 27025.243499449225 136.67962445327785 26834.927895217326
181 1794.167705789368 47.49668327349682 129.5867363991189 173 177.08341967261572 25537.234425582115 5.04500003799194 25484.692742270632
160 1529.6298114379424 47.50760085776798 132.2895625489005 175 179.79716340666852 25821.028869273003 35.12917513770617 25738.392093277533
13 110.946518477203 56.84070842632418 147.59104758731945 197 204.43175601364362 27291.97106019298 70.47715501900167 27164.653196747666
51 430.6262836071356 54.086378781941235 135.90480755885636 187 189.99118634079758 27021.02207178265 56.03719678696308 26910.898496213744
199 1985.5742765017517 48.79459143916891 133.45919368566194 173 182.25378512483087 25537.692962165736 0.4368418737453794 25488.461528852822
90 814.6063448342959 52.75480978327972 133.51587803681895 183 186.27068782009871 26713.417778350482 10.0079323661829 26650.655036201024
204 2022.76997956089 50.79518770729531 124.5202064701513 173 175.3153941774466 25541.013082403264 0.0 25490.21789469597
180 1784.576258694587 47.13473011445602 132.70519165240324 175 179.83992176685925 25815.180364535983 19.228808708371844 25748.81682571316
47 388.8506675665952 52.245845604238994 137.05805336541172 189 189.30389896965067 27215.244374958205 29.410775233385436 27133.587754120577
165 1575.8394884730758 49.808098707433444 131.46876991617114 177 181.27686862360463 26069.139862138985 0.0 26019.33176343155
144 1416.2511785964496 51.369158890822966 134.22725028303776 179 185.59640917386076 26285.787677937828 7.566387338209552 26226.852131708798
85 750.9965859973528 47.54029639623451 135.09832990855912 185 182.6386263047936 27003.931334517067 0.33313367930634286 26956.05790444153
155 1489.4340626962673 49.813271139968904 133.12365829402555 179 182.93692943399446 26311.451573448776 0.5469102056235897 26261.091392103186
19 138.7963615650777 51.09902985801331 144.80471819022227 199 195.90374804823557 27710.72076587323 65.91924916810058 27593.70248684712
166 1602.5103989091047 48.539430987600745 131.78014368121492 179 180.31957466881568 26315.346039936405 0.0 26266.80660894881
28 254.4477850673027 52.9388402199332 142.6490750237875 195 195.58791524372066 27671.01265835507 69.27398085515617 27548.79983727998
187 1890.9309715076758 48.299835045649274 131.07362233366982 177 179.37345737931906 26046.19867105943 0.0 25997.898836013777
89 801.3413453339986 52.410109252729065 139.8003926461007 187 192.21050189882976 27226.263870493898 19.847146813087875 27154.00661442808
36 315.4779113003308 54.56665861660237 148.00682299881822 195 202.57348161542058 27808.619162958123 41.29276976669547 27712.75973457483
188 1902.9099629928653 48.68030606753008 135.19624994129956 179 183.87655600882965 26278.845458549207 0.0 26230.16515248168
87 763.9207022997848 55.23769125902922 141.72000990459858 189 196.9577011636278 27484.453982392068 20.274361435565083 27408.94192969747
106 1034.4975514205694 48.218310576758704 139.577739902232 187 187.7960504789907 27219.348968384333 0.0 27171.13065780757
126 1255.809347997523 56.04262805860199 138.48526452370237 185 194.52789258230433 27006.93291348106 0.5423229785064905 26950.34796244395
72 638.3944658395754 50.69742175495513 143.08369454643162 191 193.78111630138676 27720.057921925632 39.49053197231444 27629.86996819835
79 703.6394490175412 57.03087878744432 143.15187836286066 191 200.18275715030495 27699.58980112772 35.27656111609531 27607.28236122417
63 552.3076340091127 54.66518161653235 140.76053467846344 193 195.42571629499577 27875.22606150522 53.22897281405392 27767.33190707463
65 554.4422464144923 53.22236860816118 145.93975038748707 193 199.16211899564826 27884.58327792103 28.132137384608313 27803.228771928247
53 431.53299153833217 54.23015899255439 141.2233122247434 195 195.45347121729782 28013.1941315262 35.29935938107076 27923.66461315257
92 828.8899284913798 51.79802831758498 143.5659955845093 191 195.36402390209423 27709.19502489385 0.8465875109493481 27656.550409065323
131 1284.2475583067112 54.43691653060741 142.3018593926941 187 196.7387759233015 27257.708538172363 0.0 27203.271621641747
6 89.34822086876247 57.72562610527978 155.53842269145278 211 213.2640487967326 28508.19905009324 74.85962871612068 28375.61379527184
143 1411.124085617574 52.841733479427845 133.6929754434842 187 186.53470892291202 27227.32955105821 17.321237468490153 27157.16658011029
174 1665.0256087544888 48.06687604904678 137.99817770614058 185 186.06505375518736 27001.662095997548 0.23139419702874875 26953.363825751465
127 1264.739925908297 54.81321564300392 140.2519710331363 189 195.06518667614023 27461.23658068961 0.0 27406.423365046616
162 1548.307028295993 53.37526251168139 139.33603454029677 187 192.7112970519782 27231.363803196266 0.9741575739421933 27177.014383110647
114 1100.9876774036452 48.64330173009421 141.0842926388818 191 189.72759436897599 27694.726535864185 0.4388121579606832 27645.644421976143
59 515.4879945103204 54.62622585142899 148.9421146083454 197 203.5683404597744 28294.16284465092 24.428899607381936 28215.107719192114
54 438.1487440360608 54.70094050274001 152.68619308831668 199 207.38713359105668 28415.14294413966 53.326834031460464 28307.115169605462
192 1920.517518634903 54.2090398427962 139.54542428290785 185 193.75446412570403 26953.86797723698 0.0 26899.65893739419
24 194.6739938551267 55.915308694547875 153.94967481301197 205 209.86498350755983 28692.977995382356 32.49014619908593 28604.572540488723
178 1737.1005398004318 47.38140074136446 139.70699763949628 187 187.08839838086078 27204.30939881556 0.0 27156.927998074207
205 2024.482344889537 47.60248920380592 137.70349349622035 185 185.30598270002628 26935.189163893345 0.0 26887.58667468954
142 1397.323467380331 53.922234240156406 141.08730344026299 191 195.00953768041944 27663.94203439967 0.2721799628118333 27609.74762019669
190 1909.1962709727507 53.563017719213356 141.01925791390804 187 194.5822756331214 27162.17840534657 0.4832127765100722 27108.132174850856
57 469.0498223655495 55.79935216879524 145.09149535312037 201 200.89084752191562 28666.808504737994 45.784676289686104 28565.2244762795
46 379.8311931436934 54.39366268131922 153.57229916410085 203 207.96596184542008 28817.36970133547 31.038087859576194 28731.937950794567
37 322.5147687345527 61.056446085953546 153.1161236111467 205 214.17256969710022 28924.282542715497 73.36406574994976 28789.86203087958
103 999.8088699865735 53.39850526861611 148.83068806063594 197 202.22919332925204 28324.0714037847 0.1364693806460764 28270.536429135424
43 360.6566361506003 58.07989027553069 151.42143455309022 205 209.50132482862094 28975.661327235295 48.41954249559922 28869.16189446417
44 361.10700593708776 52.54141872439587 151.07491433728197 205 203.61633306167784 28999.779147599354 64.93413769840845 28882.30359117656
133 1310.5323630467824 56.75074222120539 144.38597506522487 195 201.1367172864302 28076.502921750376 13.007894948250168 28006.74428458092
33 288.89968366679005 52.49429497446441 157.2794008904803 207 209.77369586494473 29111.753769028142 54.1715488657685 29005.087925187912
96 860.9940557766242 54.730641381961334 150.28935928723217 199 205.0200006691935 28548.030712888554 0.7876203940477353 28492.512451112543
61 544.7500575608078 56.67973101550873 156.09382233363257 203 212.7735533491413 28928.18076324564 30.658009888059382 28840.843022342062
194 1943.3587670643672 53.91131386924631 137.81321210404477 191 191.72452597329107 27544.003869550765 0.0 27490.092555681524
128 1265.3786576548762 53.24591780251673 144.57978481817673 197 197.82570262069345 28262.823241584243 0.01224917185254526 28209.56507460989
108 1047.8290719324361 57.13756458229132 148.71439363116951 199 205.85195821346082 28483.76587941775 5.156099868088404 28421.47221496737
26 222.7875680337159 61.34199986745592 161.44326812075766 211 222.7852679882136 29315.583037599536 32.41609047153503 29221.82494726055
111 1063.1306413756852 54.23809326803038 146.09608380074727 199 200.3341770687776 28496.529770932546 0.0 28442.291677664532
156 1513.0501770966966 54.88504108982911 146.3179569938894 195 201.2029980837185 28048.367360869168 0.3702522988785404 27993.112067480455
140 1381.000808348665 50.77553661797253 149.10693557470356 197 199.88247219267612 28248.05098911916 0.18088332895672465 28197.09456917224
193 1927.5279256098067 54.60678727873924 141.8321626220869 193 196.43894990082617 27731.260283359836 0.4526816777347449 27676.200814403357
8 94.68535912158697 63.26354275398764 163.3602509864909 219 226.6237937404786 29574.192545470887 68.92803585659698 29442.000966860298
149 1448.4634440818759 56.816727331082745 147.99901301714448 197 204.81574034822722 28234.440268658396 0.41110325342151555 28177.21243807389
105 1028.152973087527 51.552570217877225 147.8233695225216 201 199.3759397403988 28669.941009683833 4.006739066229329 28614.38170039972
109 1047.932140395179 56.00020043167364 145.23182189560586 201 201.23202232727948 28661.298014221156 4.402263417631502 28600.895550371853
130 1274.637238980622 56.49994815137454 148.456238169678 199 204.95618632105248 28447.239115805824 0.0 28390.73916765444
110 1054.7257609064325 56.85438784235712 150.4515612344664 201 207.30594907682354 28674.340997391035 4.733517372870892 28612.75309217581
161 1541.7972087282076 59.34234073612787 147.93061245896163 197 207.27295319508949 28205.920695116845 8.250756385333716 28138.327597995387
118 1143.8574873857808 59.85305407859615 153.2072873465771 201 213.06034142517325 28655.434749311607 27.4670435711148 28568.11465166189
64 553.5117558691271 59.15913976148177 151.97428689247005 207 211.13342665395186 29277.379075406257 32.82888394897418 29185.3910516958
101 990.0216569245524 51.53065502928789 149.191947937485 203 200.7226029667729 28857.63968450447 0.17745124001532986 28805.93157823517
84 750.4425497788156 54.001001325963095 154.29410072177097 205 208.29510204773408 29101.139267717535 0.0213612726277006 29047.116905118954
154 1472.213804588006 53.74425674091 150.4192248929826 199 204.16348163389262 28401.00243372089 0.38562393675329076 28346.872553043217
107 1035.2692803125346 54.88170486289423 153.8008996691992 203 208.68260453209342 28840.973226275062 15.188234032406399 28770.90328737978
69 612.3702486313218 54.4818945583436 157.734862409059 207 212.21675696740266 29265.85421604228 27.268064536899487 29184.104256947034
184 1813.8120613224035 55.1000255203478 149.02420543071892 197 204.1242309510667 28114.585290943975 0.4711816671863289 28059.014083756436
117 1140.605386861624 58.58371320653379 153.09064827418635 203 211.67436148072017 28799.81100451898 0.0 28741.227291312454
123 1191.918681750925 53.08821255095919 150.66328735060236 203 203.75149990156157 28775.057196692855 0.0 28721.968984141888
146 1434.099481977108 53.40979903706176 150.38938681587075 201 203.7991858529325 28557.973098384075 0.8491435309222197 28503.71415581609
176 1718.5101178432067 50.455465881521924 150.75834445937022 199 201.21381034089217 28301.879113706764 0.47529942983533147 28250.9483483954
25 206.4156447770201 63.26384691666743 153.35505310768002 217 216.61890002434745 29831.31206602283 69.41798165856278 29698.630237447604
163 1548.8199569835222 62.17911241752331 145.72577829440317 201 207.9048907119265 28514.750044516204 3.039993597535158 28449.53093850115
98 889.9904173909345 53.568610555245584 156.46593695090348 207 210.03454750614907 29193.216019544092 0.5034417796086927 29139.143967209253
185 1844.4915766779095 57.96675038038993 147.64098695707727 199 205.60773733746714 28243.450832904833 0.0 28185.48408252445
186 1845.8425740039418 56.97848347472381 143.57190034064743 199 200.55038381537122 28245.58065567714 0.0 28188.602172202416
76 675.519805330106 55.74451089704744 156.28822308195294 209 212.0327339790004 29421.386176731143 28.13548605327344 29337.50617978082
139 1377.5094797228735 52.94742111428255 152.27321012059207 203 205.22063123487465 28725.42283594605 0.46041377152278073 28672.015001060252
169 1619.9390166684668 66.28957152112474 149.58150371740768 201 215.8710752385324 28492.74950449315 0.060027031292520405 28426.39990594074
30 262.95468857668226 61.73145716537039 165.00859054230887 217 226.7400477076793 29873.261770290293 23.775616945124852 29787.754696179814
68 591.2492828824627 57.65482609685349 156.83755797375858 211 214.49238407061208 29563.290754799986 20.93665947060913 29484.699269232526
177 1720.095588154801 56.960396593858064 148.49270332123191 201 205.45309991508998 28446.145775878143 0.2745685654172121 28388.910810718873
73 642.2442243396781 56.23305937657254 159.37027275060817 211 215.60333212718072 29558.000601513486 59.394012599630855 29442.373529537286
171 1649.8714781555427 55.42142130491276 156.58531777017927 203 212.006739075092 28601.134106761903 3.7002924727567006 28542.01239298423
191 1912.7511686647679 53.51375831543647 146.57061830829 201 200.08437662372648 28344.82286643372 0.0 28291.309108118276
100 978.7075902963803 56.399032293077354 154.48766375053512 209 210.88669604361246 29287.87217325686 0.0 29231.473140963782
38 339.1321316276499 61.98131673514677 160.36135202983587 217 222.34266876498265 29931.910458418402 21.682839880243137 29848.246301803032
112 1095.6602453561468 52.34486145359333 155.99603283757938 209 208.34089429117273 29237.29945552025 25.65599891090028 29159.29859515577
97 866.1201283690239 59.61638858998185 162.87662115433736 211 222.49300974431924 29476.436671927335 0.6113261482498729 29416.20895718909
138 1352.7898359422481 59.25557225383007 153.69245790346199 207 212.94803015729204 29000.858595004942 0.0 28941.60302275112
60 535.201946104553 60.79293316274417 162.63409104384783 215 223.42702420659205 29824.785677270032 31.147559824124187 29732.845184283167
102 991.0595642407761 53.72158592705416 160.54393406472155 211 214.26551999177568 29409.19091173737 0.0 29355.46932581031
48 398.1522466217677 60.7583808776375 161.3597969333761 219 222.1181778110136 30049.56289713727 44.85194488666059 29943.952571372985
120 1147.7823481606529 58.82237687934377 156.03605226992144 211 214.85842914926522 29322.64001984637 20.158172142691 29243.659470824346
167 1612.055430121448 60.79535206526241 155.63086243253176 207 216.4262144977942 28868.51950609861 0.0 28807.724154033363
81 731.5592087831792 57.512904233530506 164.81550102800279 215 222.32840526153328 29764.896193624787 23.19019166040607 29684.19309773086
203 2017.4634688508156 54.219749179086804 147.4156734413252 205 201.63542262041204 28517.339215887485 0.20795192256787232 28462.911514785836
158 1518.4201117373336 57.95248617835621 156.55173776280492 209 214.50422394116111 29033.702054761645 0.0 28975.749568583284
34 295.63960308886755 64.1785679035251 167.85800631229858 223 232.0365742158237 30260.708903255 53.65220725860405 30142.878128092878
136 1349.1567438037796 59.440024722590714 154.3369046376884 211 213.7769293602791 29226.956337303225 0.0 29167.516312580636
137 1350.651683175845 59.26235425008303 160.50683109229772 211 219.76918534238075 29227.297326348813 0.0 29168.03497209874
58 508.515811927148 60.319552786110044 164.36460546081616 219 224.68415824692622 30076.358526185897 56.49474385894325 29959.54422954084
168 1613.0660100641533 57.40763949320032 159.62508869468766 209 217.03272818788798 28976.357408844353 1.0315922446263812 28917.918177106527
91 818.8080390109046 58.76277784030588 166.31565228588622 217 225.07843012619207 29817.952308159904 7.609467443346148 29751.580062876266
70 622.1074067207418 57.0349210702743 162.70023760443777 219 219.73515867471212 30020.038605080812 24.42148089047066 29938.582203120062
74 642.3054987140233 63.347363725224476 165.40206001119878 219 228.74942373642324 30022.75282632319 40.9324864793964 29918.472976118577
135 1341.2370127654822 58.57238098084441 157.41931094438795 213 215.99169192523237 29337.25281794972 0.11974234330227773 29278.560694625572
50 427.3429516940285 63.22526984244966 164.54003109451966 223 227.76530093696937 30257.647591345958 31.971742129912343 30162.450579373595
124 1199.2529912689404 55.73886802672233 163.72055673344147 215 219.45942476016384 29490.00902930881 24.553524976186736 29409.716636305897
189 1908.5971559378524 59.62625730063727 159.31051785162265 209 218.93677515225994 28784.90823511945 0.0 28725.28197781882
173 1663.4012768697708 53.98227740154316 153.64694396590008 211 207.62922136744322 29036.96972823441 0.0 28982.98745083288
86 753.1343566967878 65.92617993438505 171.2907404007406 219 237.21692033512562 29964.46425558846 0.5913607568572843 29897.94671489721
152 1454.7636787806346 59.97119948135871 160.46244868690715 213 220.43364816826585 29263.701029174623 0.0 29203.72982969326
198 1970.3690094456583 59.849754549796955 154.41997265371916 209 214.26972720351608 28751.378301085675 0.1344108053308446 28691.394135730545
122 1185.4610124626206 56.825633107619375 162.914808961642 217 219.74044206926135 29588.707954164824 3.658736539324309 29528.22358451788
104 1015.4105269942565 60.87530894482252 167.59775835107303 219 228.4730672958956 29786.166571087844 0.0 29725.29126214302
42 356.6694523409637 65.35820274623957 168.14605102172175 227 233.50425376796136 30457.25923009599 56.93050449982945 30334.97052284992
93 835.190893659047 64.05189502847465 161.47545798764278 221 225.52735301611744 29983.45727045403 0.22206715674815314 29919.18330826881
31 268.1603819553581 61.25176738477572 169.9602288449592 229 231.21199622973495 30551.537940448055 69.77222991967028 30420.5139431436
182 1802.7749260661828 56.74820437499795 159.97017700907693 213 216.71838138407486 29030.13395137493 1.0962728675806375 28972.28947413234
134 1322.7385706942584 55.504166640043174 164.88055614355287 217 220.38472278359603 29511.84011086941 0.9297880911722132 29455.406156138197
119 1145.4940148501298 53.18145448351122 164.78383587603128 219 217.9652903595425 29700.580639713568 20.87852644306986 29626.52065878699
121 1162.120090048439 54.6833967707101 162.6754470339643 219 217.35884380467436 29687.487011905 3.588598175264451 29629.215016959028
172 1656.1010383255573 58.69616058209779 163.22114305298365 215 221.91730363508145 29200.48061550621 0.2985148848938479 29141.48594003922
99 955.9956844179833 56.21922506366648 167.78244063557574 221 224.00166569924227 29903.296906063133 19.10466492460955 29827.97301607484
153 1456.8300920150593 61.8449380547606 162.0571657039402 217 223.90210375870086 29418.139339864338 0.0 29356.294401809566
32 269.2419422844067 66.25269437664227 170.27263936721087 231 236.52533374385314 30608.37970088317 51.55056584810944 30490.57644065842
206 2024.648715743611 60.43878964861793 156.7013488153526 213 217.1401384639705 28862.185690180304 0.10260985890681695 28801.644290672783
207 2035.8958959330241 58.764705711708785 157.20385448961164 213 215.96856020132043 28853.854719115585 0.0 28795.090013403882
94 843.4395657659237 62.37768120056783 168.9352384835771 223 231.3129196841449 30061.05858955264 25.24464592544075 29973.436262426636
67 566.911843506524 60.54493474240562 168.81580405939886 227 229.36073880180447 30354.618977218368 40.69053865045191 30253.383503825527
39 350.8915695285348 63.77546432162927 173.94528671308117 231 237.72075103471042 30572.49044864505 62.14669938208351 30446.56828494134
83 743.7565365294271 56.8573182487203 169.76390398078328 225 226.6212222295036 30182.17218674197 0.6581554781820387 30124.65671301507
196 1950.3800583534837 58.94319831605626 160.72048906884706 215 219.6636873849033 28981.271471885913 0.7309860956443117 28921.59728747421
129 1268.5732034587645 61.15991475342414 162.97664204454435 221 224.13655679796844 29671.40407795702 0.0 29610.244163203603
45 370.4954651845113 66.65811544786527 169.9882858886218 231 236.6464013364871 30571.426082362595 33.70222242160128 30471.065744493135
157 1516.4405970162932 61.6390069853644 161.08633608145914 219 222.7253430668235 29433.994400725594 0.0 29372.35539374023
159 1519.923906508402 62.9608151513022 170.11618989455874 219 233.07700504586097 29434.614519444993 0.0 29371.653704293694
113 1097.9333739238896 60.04127228380085 172.1754058110674 223 232.21667809486826 29858.272727670508 20.779719052921337 29777.451736333805
164 1564.7399910807699 62.635250105722456 164.08246795811658 219 226.71771806383902 29399.83931920362 0.0 29337.204069097905
52 430.8561275301165 58.781710071808504 174.11374499441044 231 232.89545506621897 30541.12536642745 58.94924910939022 30423.394407246247
195 1946.086310511856 64.5597998561823 160.04566570836977 217 224.6054655645521 29031.26558546521 0.0 28966.705785609032
197 1962.8791304726903 62.13724420112216 160.98646241091535 217 223.1237066120375 29022.03771672563 0.0 28959.90047252451
148 1443.0595769415258 65.46245223551642 164.46597147209025 223 229.92842370760664 29573.354238121698 0.2934206029874531 29507.598365283204
125 1249.0700412818828 59.469272655647224 171.12144879370453 225 230.59072144935175 29774.08051788612 0.8483119376594459 29713.762933292815
4 66.85021218451791 63.25352085086945 184.83099949834198 251 248.08452034921143 30966.862343873105 96.37734391618538 30807.23147910606
201 2016.5375334790924 61.260429135676844 162.60169521952403 221 223.86212435520093 29038.889256284183 0.0 28977.628827148506
209 2041.3106790813922 61.09326964437485 168.09941049344812 221 229.192680137823 29021.907329855836 0.0 28960.814060211444
183 1813.2042055226057 61.80881723798013 167.13823114959538 223 228.94704838757548 29253.280828378192 0.1800137057257416 29191.291997434473
49 422.19271370399156 67.65209243303161 182.50132933932943 237 250.15342177236107 30651.684561061826 28.971130575425946 30555.061338053387
5 75.37870125071194 69.3923723793071 187.26228364310055 251 256.65465602240766 31001.845984350544 72.20495564459134 30860.248656326636
132 1295.2935108337401 65.75648494000404 177.20709045133796 231 242.96357539134203 29815.008261475665 0.0 29749.251776535682
27 244.63519884164086 65.61014060052126 181.70839587756367 245 247.31853647808492 30871.706656612045 57.27655336084777 30748.81996265068
62 544.9878105294106 64.98977454475649 175.5432666287309 239 240.5330411734874 30576.39199288789 44.336388058392686 30467.06583028474
200 2005.4224848395452 61.48186268385241 166.87603713380767 229 228.3578998176601 29142.01227640075 0.0 29080.530413716904
71 633.4052029758482 70.19957876037779 180.0902519531329 241 250.2898307135107 30520.931336293797 34.55777812424719 30416.173979409185
141 1394.4841775626996 67.90831670013635 178.8003756986133 237 246.7086923987497 29779.915255815165 0.0 29712.006939115025
202 2017.1858147836963 62.54715067570534 178.25474454030604 233 240.8018952160114 29162.278714858738 0.2968430003340927 29099.434721182708
151 1451.143721131244 63.99955119459996 174.55969778663464 239 238.55924898123462 29740.148806274254 0.05483957570504572 29676.094415503965
116 1124.3527748507233 67.99069796159162 188.41873521362967 243 256.4094331752213 30073.589198834954 0.6880118951221448 30004.91048897825
35 296.16477872797276 70.3179695111922 188.82947972995066 253 259.1474492411428 30903.356781422244 74.71355130257882 30758.325260608475
150 1451.076670905177 62.849336907596154 177.8695468111085 241 240.71888371870466 29751.27097198162 0.0 29688.421635074024
56 466.4484847831761 67.30189644197779 188.88843611951282 251 256.1903325614906 30737.219914101428 51.13775922430625 30618.780258435145
115 1104.3736587230421 64.11494222169945 179.87082127658002 245 243.98576349827948 30102.449170620075 0.01676276139642141 30038.317465636977
175 1687.2285049790435 63.90653738699475 177.10964284508964 241 241.0161802320844 29521.399185187693 0.0 29457.49264780071
208 2040.4521918463452 62.813752213344216 175.54201576533907 239 238.35576797868328 29170.409920829683 0.036398465618503906 29107.559770150718
