# Cpu scheduler: sjf
# Quantum: None
pid arrival_time cpu_bursts_time io_bursts_time nbursts bursts_time tat ready_wait_time io_wait_time
15 56.074804845828886 41.92505818984739 31.228128255640623 5 73.15318644548802 401.4838722356226 120.55184037006774 239.00697367570746
1 2.41672773231733 77.38003462800327 67.48596621592236 11 144.86600084392563 535.1450150151135 68.13332944675386 389.6316509403564
12 47.151687246061705 66.61413440183013 60.174271081216474 9 126.7884054830466 632.0792912988977 66.74568407903365 498.7194728180339
8 34.24610083251612 73.27813858238 64.75178190322724 9 138.02992048560722 794.8024085906319 125.9035507584664 595.6207192497856
9 34.98552214240864 57.544587452383894 54.01169802682762 7 111.5562854792115 837.3528305584755 311.5006787432721 468.30756436281956
6 18.076071604725918 75.35674784493396 44.58502449390662 7 119.9417723388406 903.5974564579468 289.1838437889179 539.056864824095
5 16.154143815796886 105.36240625216863 98.20549037582568 13 203.5678966279943 928.8515632986027 98.9367854149905 724.5523716314436
7 32.70523574318938 109.35808628298943 81.74543658804656 13 191.10352287103598 1279.9465935655082 183.72654048726724 986.8619667952518
17 66.90567281315214 122.61951007051026 93.86038270319177 13 216.47989277370203 1639.8244565417622 294.4719896907807 1222.7329567804713
16 57.26634293674745 131.80270876870355 116.6675193333815 17 248.47022810208503 1968.1135488412765 189.6718432527432 1646.6389968198298
31 137.36752139361894 48.78196693185068 121.47164575909264 163 170.25361269094333 23304.479467894715 33.29059512743444 23222.40690583543
46 259.36599839034216 42.090125937885226 120.30846295704978 161 162.39858889493502 23255.090407421736 18.405949394229197 23194.594332089626
100 819.5451899563524 44.07696400105654 116.72930161743002 155 160.80626561848655 22699.349724711035 11.100560978166982 22644.172199731805
10 40.49590680649963 55.477825952071356 127.38938148247453 175 182.8672074345459 24640.347949983305 67.08497971882424 24517.785144312402
141 1195.8662969761317 46.929405022298546 122.25580504532346 163 169.185210067622 24068.832631579946 22.523154724294272 23999.38007183334
80 610.6455816868579 47.87499585654787 124.98772456430119 169 172.8627204208491 24769.16328013045 44.46872699814014 24676.81955727577
41 239.37746131810397 46.45593500957096 126.47284607590069 175 172.92878108547163 25325.68892112403 49.483957685086835 25229.74902842938
43 249.09274652782065 47.846241818744176 133.99467489308978 175 181.84091671183398 25347.991309344252 40.26879669035711 25259.876270835157
86 669.4741833905568 44.142984091208575 122.68886955870015 171 166.83185364990868 25055.38371297816 10.92853695949168 25000.312191927467
68 486.97413765383027 48.0363008928893 126.3974692864356 173 174.43377017932494 25260.03712559552 46.170471854067046 25165.830352848567
104 855.4920898967996 46.273600069295846 125.53387106885405 171 171.80747113814994 25104.21427006088 11.755413297826863 25046.185256693756
138 1167.6435978429326 46.56425862424491 126.63235403986748 171 173.19661266411237 25224.540180231164 0.0 25177.975921606914
128 1037.9849586401338 47.637402173171736 129.26244078887214 173 176.89984296204386 25451.19930703795 0.745138182083565 25402.81676668269
136 1148.4328505228443 46.45224113693404 129.7575406889784 173 176.20978182591242 25503.9039205737 0.8243870073006292 25456.62729242948
55 343.1704696592876 50.96841029082336 134.4217376390892 181 185.39014792991253 26334.687799847146 40.6110519591374 26243.108337597176
59 400.135141113435 49.92845190823529 133.93275748608977 183 183.8612093943251 26623.741104882185 25.084238820770736 26548.72841415318
168 1499.5839985197829 49.820650231753646 125.12604060176723 173 174.94669083352088 25540.495728843613 0.08262465240318306 25490.592453959463
193 1778.1859054318313 49.25263716614407 129.79798737473064 171 179.0506245408747 25275.920476751235 0.06265283805828403 25226.605186747027
79 609.674868044912 44.70730783629473 138.5417344545852 181 183.24904229087994 26455.702120618345 18.984453533974943 26392.01035924809
35 165.9714238085571 50.433638458621466 140.97180948237693 187 191.40544794099839 26963.553395950905 39.21447289707896 26873.905284595192
156 1356.377984042891 50.87870176768354 135.3283989779159 175 186.20710074559938 25811.842193236036 0.9445520783549455 25760.01893938999
92 739.1899682588374 48.56257559308547 134.0015214219593 181 182.56409701504475 26482.213866049617 0.9355394361674598 26432.71575102037
118 935.1740725468483 50.428744593103175 132.70830068391822 179 183.1370452770214 26287.785810685305 17.595219510574793 26219.76184658162
189 1742.2815845169503 47.69051066765207 127.84112148561157 173 175.53163215326362 25544.313169919595 16.1853559278984 25480.437303324037
129 1046.5431288274992 49.250082156209196 132.52152699739614 179 181.77160915360537 26288.162477394446 0.7230089905920067 26238.189386247646
63 430.18377910325916 53.12631264265833 136.7966655844466 185 189.9229782271049 26963.78663774155 24.301932472348312 26886.35839262654
42 241.94978608090943 53.70917570634863 140.23910584916294 187 193.94828155551156 27155.12834318739 77.88174466898957 27023.537422812053
49 273.5170454805051 52.60403616535169 141.86738778304212 187 194.4714239483938 27130.258482198646 32.52610025228432 27045.128345781002
52 312.72262775535046 50.927102885582705 137.26408211503005 187 188.19118500061273 27097.866065906903 13.692575343577914 27033.246387677726
116 924.1439942665921 48.05939874725823 133.47928265351888 181 181.53868140077714 26520.002199014147 0.015890708555502897 26471.92690955833
65 442.2708410655748 54.36427607767807 136.3796792731196 187 190.74395535079765 27199.788721944224 27.099852547868466 27118.324593318663
153 1321.0435681827519 47.12920691463048 136.00525327637612 179 183.1344601910066 26323.476211082274 0.35315466600491163 26275.993849501632
51 304.99861113571865 51.76161065043072 139.97680890029815 189 191.73841955072885 27369.01618151073 26.32465165335492 27290.929919206937
24 102.71441229399932 51.44779139431172 145.12392144890933 195 196.57171284322104 27817.935187076437 44.50274927370239 27721.984646408433
114 919.4727834685808 51.63655033257 134.96419765695987 185 186.60074798952985 27031.668432582883 5.753381958189493 26974.27850029212
40 223.8914145889674 52.518543060927975 144.51554938432486 193 197.03409244525284 27742.210407484796 36.24613877941951 27653.445725644462
99 817.8510318181795 47.47894142425957 144.7129789457621 187 192.1919203700217 27265.3686397355 13.838352265764911 27204.05134604548
201 1830.2721942356418 51.73993836694817 129.1702855340081 179 180.91022390095625 26314.85878789845 0.0 26263.118849531493
205 1860.150506895658 50.533776031803086 132.65046416995875 179 183.18424020176184 26308.984949247453 0.0 26258.451173215646
25 111.21988301342051 53.78525436049768 146.90655058430903 197 200.69180494480668 28084.801152680237 55.45215745804336 27975.563740861693
56 370.504226900619 54.50480478527121 139.5091661260227 193 194.01397091129394 27901.56251911339 57.995121566034015 27789.062592762082
4 13.915395591944854 55.15071049632991 153.51421203504043 203 208.66492253137034 28264.852968330033 120.10241230992592 28089.599845523786
58 400.0298282427814 55.3967628977629 151.85448227311815 193 207.25124517088105 27900.664039927204 48.7411741736999 27796.526102855743
98 815.9177447788618 50.443348059747095 138.5591447836309 189 189.00249284337798 27516.48776960919 15.956313614112332 27450.08810793533
13 48.09955652105355 50.7316432088057 156.60369072303587 201 207.33533393184155 28328.363099164682 87.81960101349546 28189.811854942363
199 1827.0003876972382 52.0278545968667 132.9878904988875 181 185.01574509575423 26562.23220634417 0.0 26510.2043517473
91 737.0230378378657 49.458954187290956 142.04096637455507 191 191.49992056184607 27740.08567785289 3.9945328955757304 27686.63219077001
30 136.05803550274953 58.28595865971492 150.81806033704177 199 209.10401899675665 28350.061585932173 52.9162179529651 28238.859409319495
130 1050.9622202339078 55.55798059661455 144.59656363068058 189 200.15454422729516 27534.552493425563 0.7148672742912368 27478.279645554656
107 863.82735306693 49.98491215727316 144.58679962420743 191 194.5717117814806 27738.752274947303 24.94087880100301 27663.826483989033
109 874.9727251337097 53.2350555086245 137.96001078421858 191 191.19506629284308 27748.86061748486 1.1201260692450887 27694.505435906995
120 941.6450041410706 50.34422422758092 142.20336676346128 191 192.54759099104217 27743.227592605548 3.360702973329012 27689.52266540464
93 746.5623986567668 51.482042529112306 140.64341844336633 193 192.12546097247866 27974.79732959534 0.8402923621692935 27922.474994704065
73 560.7552341201439 51.81169161571282 145.51876106110984 195 197.33045267682266 28182.358948914563 52.48060153814856 28078.066655760715
21 78.55203156103252 51.05124962529759 155.11833683800054 203 206.16958646329812 28673.04920445936 71.55165520037795 28550.44629963369
188 1732.6501422983847 52.003235967343464 135.92768506756568 185 187.93092103490912 27046.880272809594 29.972592519181717 26964.904444323074
74 572.2975121361833 55.45926182047601 142.2324463110615 195 197.6917081315375 28219.738231210693 30.534809117949862 28133.744160272243
81 611.2494663469696 52.041919754309276 143.7750182812921 195 195.81693803560137 28184.110034518893 18.84263544451153 28113.225479320074
11 45.92101323151503 56.348846977367266 152.5153298123111 205 208.8641767896783 28754.677743051237 64.92928637277063 28633.399609701104
103 836.6157754760974 49.03687392586894 142.4926326428863 193 191.5295065687552 27976.38592098387 0.36968094114604355 27926.979366116848
149 1289.5049848002232 49.42480040194541 141.6229277149759 189 191.0477281169213 27536.512339334306 0.0 27487.08753893236
150 1291.3229849631791 56.357584315434345 142.65411243408536 189 199.01169674951967 27536.221949448187 0.0 27479.86436513275
29 130.41393252010073 55.99334817600991 152.13599304361904 203 208.12934121962894 28813.503445806462 68.89293445515455 28688.61716317529
186 1721.4810956352692 52.836815719523905 140.25859938634258 187 193.09541510586646 27254.729779832844 0.0 27201.89296411331
187 1730.7642466438783 52.868082385167114 139.87898678282284 187 192.74706916799 27246.658005682904 0.0 27193.789923297743
167 1491.8298412811384 48.175182044684334 139.60140793387086 189 187.77658997855525 27503.359236348024 1.0837166534308835 27454.10033764991
106 856.9614251064303 52.046146679758486 142.20473231133437 195 194.25087899109286 28203.172277685255 20.95274478683666 28130.173386218656
67 479.59492768920063 54.11032084844004 150.67080305231215 199 204.78112390075222 28603.54827900805 45.21840900695025 28504.219549152658
155 1353.499180128523 53.708258931165666 141.06558500206913 191 194.77384393323482 27737.956257452595 0.7776708825815604 27683.470327638846
113 915.4731077905645 51.526273261521936 144.75840750069716 195 196.2846807622191 28176.72579396586 7.3466726123281205 28117.852848092007
53 327.03324455484756 59.167611877818366 152.1341741940963 201 211.30178607191465 28771.037406724332 35.73906970568561 28676.13072514082
69 531.5087061407831 56.30605638274195 149.22136342156256 199 205.52741980430454 28584.332744155596 18.75816433619707 28509.26852343665
140 1184.076463588002 50.59526917927485 143.17302534114572 193 193.76829452042057 27964.326771408705 0.0 27913.731502229406
70 549.8713101494739 50.32307114051117 151.98032967134296 199 202.30340081185415 28617.32273107514 64.20449936754858 28502.795160567075
127 1014.5759489811531 48.579018433072086 144.70392351816258 195 193.2829419512347 28163.64280458342 38.069689137643195 28076.994097012717
144 1238.2238602249743 50.50709547505883 141.83699017276035 193 192.34408564781916 27951.93464000968 34.57562809184378 27866.851916442774
105 856.6412856961192 52.47185363350862 151.5431324098776 197 204.01498604338622 28373.684670528724 17.076316445595467 28304.1365004496
64 430.6163152291394 54.58275690654516 151.17187405010162 201 205.75463095664674 28801.78246301732 26.764741481416365 28720.43496462936
152 1317.900882412451 54.53173279318844 143.78385739166833 193 198.31559018485677 27927.89006516212 0.8053604530543907 27872.552971915873
28 130.36933820175722 56.185123606836626 150.56870197882017 207 206.7538255856568 29186.575574217062 38.77474598068369 29091.615704629545
83 614.6866769609287 59.959786198841826 150.12281306618877 201 210.08259926503064 28823.061512733533 44.95594520370662 28718.14578133097
203 1848.328297641464 53.049123896099005 140.4729059004433 191 193.52202979654237 27593.890964375933 0.0 27540.841840479847
154 1335.1930126008256 55.185981903944324 148.59083228414394 195 203.77681418808828 28112.69171457315 0.0 28057.505732669204
26 115.48630693207818 52.81356493707337 153.42960706209703 209 206.24317199917039 29357.153422532 65.34136210570165 29238.99849548923
117 929.2227606171812 54.636069278432096 143.38641170649885 199 198.02248098493095 28550.911001320725 0.0 28496.274932042288
20 77.05134805202275 64.60053912718081 154.49982871375894 211 219.10036784093975 29425.01785057418 47.587602308026675 29312.82970913896
123 973.6421801145972 51.33816207224727 149.30079405617434 199 200.63895612842163 28542.32354415737 0.0 28490.98538208511
19 69.67950212481908 56.553091787965776 156.3367087539451 211 212.88980054191086 29466.19678975773 85.62351338086003 29324.020184588902
171 1506.8831926455816 54.16762916680012 141.95585389646106 195 196.1234830632612 28066.977799766544 0.0 28012.81017059974
101 829.2261936705094 57.54260694444263 145.26812493902662 201 202.8107318834692 28748.922224065576 5.015029521456881 28686.364587599666
200 1827.526733371622 52.824257972875834 143.70639537833566 193 196.53065335121153 27783.062607684045 0.032401952802274536 27730.205947758364
135 1084.5682580433406 52.68941815232862 145.05290097267493 199 197.74231912500352 28533.70784585593 8.123662876112348 28472.894764827488
111 894.8007724964147 53.38070108086627 148.610572295886 201 201.99127337675222 28741.851632242928 0.45304667612913363 28688.01788448593
178 1606.177133085992 50.81555916258133 146.229486227854 195 197.04504539043535 28038.89743478271 0.8131042968077509 27987.268771323314
38 195.18819494232397 58.028312984562376 155.38920920675443 209 213.41752219131678 29453.345734654788 56.138031393287804 29339.179390276935
125 994.0858484578036 53.70412208458415 147.20509418483692 201 200.90921626942105 28708.703566611195 27.67390538438667 28627.32553914221
124 976.5381264104677 57.05582543348285 148.6813413264551 201 205.73716675993794 28727.57679234761 35.07398198928263 28635.44698492484
142 1196.6616473614954 57.55321144149631 147.5579272710542 199 205.1111387125505 28508.729012458516 27.852152543764305 28423.323648473262
45 256.710739214592 55.92512876866635 155.2981732054625 209 211.22330197412882 29463.743283105665 52.40162965965027 29355.416524677355
173 1548.946857813422 52.64644217791054 149.49891077110496 197 202.1453529490155 28218.53433464791 0.9181925903656065 28164.969699879628
110 894.3510227847647 50.71932503496279 150.6054853342524 203 201.32481036921516 28899.02817507412 0.0 28848.308850039157
159 1397.6435896382688 57.23785429312931 144.61664934547412 199 201.8545036386034 28431.499298708906 0.06180602855806683 28374.199638387203
147 1286.1498886734626 56.19428021787916 147.90259425278975 201 204.09687447066895 28618.910963359467 0.0 28562.716683141574
89 732.3793242524538 56.53896660851382 154.4804195009007 207 211.01938610941457 29231.31606830192 13.976575828993077 29160.8005258644
121 942.3865730369741 55.22870043735277 157.76131030345294 205 212.99001074080573 29031.47164611145 7.038700549757436 28969.20424512435
32 143.78047599054275 58.313499292902705 162.3402959232065 215 220.65379521610924 29856.675547697007 64.32730549313166 29734.034742910982
94 754.1356375092709 55.830711343069495 154.04081370616456 207 209.87152504923404 29248.34165467774 47.92356920314501 29144.587374131523
95 759.9552015880437 54.18315036295637 156.43511912377332 207 210.61826948672967 29247.509919174725 46.45337456846801 29146.873394243303
44 252.6167834325819 61.08449814096674 155.45955939363117 213 216.54405753459787 29773.45429944765 30.33217266534089 29682.037628641345
50 279.6511238990896 59.15731562500307 165.27811103580834 213 224.4354266608114 29794.900973986714 29.141924781077023 29706.60173358064
37 178.84475362709404 60.92267925469892 157.39256119964855 215 218.31524045434747 29903.563808786505 41.17380486408459 29801.467324667716
207 1888.519876453899 52.39296824012657 147.35821463955685 199 199.7511828796834 28206.6870321882 0.0 28154.294063948062
18 67.54120937267636 62.977571548451486 162.79702324159734 219 225.7745947900488 30033.012071574343 62.06015419387572 29907.974345832037
157 1371.948312702891 60.75758986958241 152.8829366752837 203 213.64052654486608 28729.787671017657 0.0 28669.030081148085
88 717.2408923223747 61.9831940026546 156.09232320041306 209 218.07551720306765 29387.36280845059 20.491261376286957 29304.888353071645
158 1390.383565999457 57.801465110395945 154.2487918369605 203 212.05025694735636 28726.03142759645 0.0 28668.229962486064
163 1423.635619379899 59.04392336634779 152.61450113050373 203 211.65842449685152 28710.021176041886 0.0 28650.977252675533
184 1679.388745307091 56.694435234746194 147.6272866105639 201 204.32172184531015 28459.517953861672 0.0 28402.823518626927
36 173.25595270553436 58.636555382707336 163.9178663315942 217 222.55442171430155 30024.446578206964 38.734829101847254 29927.075193722416
176 1590.5759206796693 56.11349960258437 152.69522248599665 203 208.808722088581 28633.243384327572 0.0 28577.129884724993
54 340.4877898015611 60.17724134965011 161.78203067957475 215 221.95927202922488 29906.974579554113 44.91866370841228 29801.878674496038
126 1007.1009641363205 55.42444387335239 151.2687249962515 209 206.6931688696039 29256.73464662143 21.261159124120695 29180.049043623963
165 1443.106017140544 57.426557040218675 151.6925820934721 205 209.11913913369085 28825.72195667429 17.204454915161023 28751.09094471891
191 1763.979066821609 55.31269368596073 148.67126409599254 203 203.98395778195322 28523.648680084614 0.0 28468.335986398655
131 1054.7186005357223 59.15260179553062 160.9420294503399 209 220.09463124587052 29256.77786266585 0.0 29197.625260870318
3 12.741517627090662 59.348248218461805 171.7448091240347 227 231.09305734249654 30329.494390247553 65.05088369169539 30205.095258337406
2 8.337533941556014 58.903396236806834 173.7204489963587 227 232.62384523316558 30335.028161582555 77.0690876131403 30199.055677732595
180 1632.6060671281368 57.59189195388065 156.1779269559516 205 213.76981890983222 28726.892382020993 0.09931817029655576 28669.2011718968
143 1236.7563388786716 53.85983142162874 156.02831470590178 209 209.88814612753052 29151.896877530482 25.315302743763823 29072.721743365073
166 1485.137777312497 53.26415312798067 150.82036563979116 207 204.08451876777187 28906.501790304377 16.421130840903743 28836.816506335468
82 611.6765518071793 59.166510591221915 164.97546217543655 215 224.1419727666584 29789.15553329451 15.754624951856385 29714.23439775143
61 409.8915646184614 62.29426583273661 158.79164768406682 217 221.08591351680343 30004.569358531615 26.570555863619347 29915.704536835252
148 1288.3051937438852 57.98960027504352 156.49399908221852 209 214.48359935726202 29137.279285056244 0.0 29079.28968478121
132 1062.7922831440478 61.00168112229431 154.37013633753762 211 215.3718174598319 29366.0141688526 25.018734561335123 29279.99375316897
48 268.8098809253725 58.752544445614916 160.92162686080326 219 219.6741713064182 30162.6884648041 67.08129381766906 30036.85462654081
174 1549.1295441213006 55.609161968891115 149.45968013307225 207 205.06884210196336 28884.982870637938 0.14757423552896398 28829.226134433495
39 213.8732478512583 66.99369904122838 167.49644296240453 221 234.49014200363297 30256.927111337103 41.14694962159524 30148.786462674274
137 1151.71191510124 56.2727813210569 155.13347841847894 211 211.40625973953587 29321.950424228708 0.4904116184363829 29265.187231289205
185 1688.9528768400617 59.32267863036173 155.47584220438466 207 214.7985208347464 28801.44718875711 0.0 28742.124510126745
164 1431.7110642892724 59.884614529920796 161.740449223459 209 221.62506375337978 29061.5884166121 34.676889521172825 28967.026912561025
76 579.743470077981 62.75293791614771 162.30065496779147 217 225.05359288393913 29920.9899696131 42.26446752158836 29815.97256417535
175 1556.5838515389337 58.664223945165816 157.44763191451108 209 216.1118558596769 28984.355668745266 0.009051271864564114 28925.682393528237
179 1627.6714370471268 57.10480699935886 154.25640341049822 209 211.36121040985708 28936.849318034354 0.0 28879.744511034995
119 940.6118435389233 59.89487969725625 159.6549598744994 215 219.54983957175563 29625.62696041389 6.328362738839928 29559.403717977795
160 1401.673059254801 55.02324287147907 154.28895424333137 211 209.31219711481043 29170.651112692856 0.0 29115.627869821375
122 953.5813659157825 60.59072565598506 162.63026308418574 215 223.2209887401708 29620.245377582833 0.9417554305173326 29558.712896496334
0 2.41672773231733 64.90582439472948 174.3487480404763 233 239.25457243520577 30575.140632498333 91.68820918291553 30418.546598920704
72 558.7111706427743 61.91097006841278 164.2948176967429 219 226.20578776515566 30027.719396104843 53.77432500580721 29912.034101030633
62 420.66040578995745 59.229833183889134 164.24606641621537 221 223.4758996001045 30186.35558969365 13.429817713511625 30113.695938796238
47 260.98986962251416 57.300373989224 166.436379274327 223 223.736753263551 30347.08766442404 30.75619444822189 30259.031095986596
108 864.8826932929193 60.49700877796112 158.5005531033564 217 218.9975618813175 29769.424729704326 12.839991066596667 29696.087729859773
112 914.6382110453768 60.176147282696604 160.2527140889421 217 220.42886137163867 29734.26367912889 9.54282591390438 29664.544705932287
27 125.53721618774628 62.90784369096296 166.90230782482948 227 229.81015151579243 30526.671567397123 63.73107876346015 30400.032644942672
183 1677.2405163332153 59.77525202268344 159.73446316333687 211 219.5097151860203 28988.025544082353 0.0 28928.250292059674
71 555.1364780159653 62.51093008728413 162.78498841347172 221 225.29591850075582 30112.12662997267 50.4858567798982 29999.129843105486
75 576.2898251221397 65.28141279074673 163.13351485955113 221 228.41492765029784 30093.72831272714 67.03857119575241 29961.40832874067
190 1750.455272532196 57.16079491708652 153.86932018030794 211 211.03011509739449 28923.30169915695 1.6032456682005432 28864.537658571662
34 157.88135610165492 61.52076075034074 167.51865188650612 227 229.03941263684686 30522.55277384071 45.28578261355287 30415.746230476827
170 1503.102935535837 62.3046644180624 157.72215795469674 213 220.02682237275917 29179.665990068806 0.0 29117.361325650756
102 834.9584654546252 65.78204665950014 161.87284404593981 219 227.65489070543993 29851.798878868023 0.21522481156614504 29785.80160739696
172 1514.6540962872784 54.40079575178743 159.16219004354645 213 213.56298579533387 29173.25589420665 0.0 29118.855098454853
33 148.86245056182312 63.63222126403767 169.50962409150526 227 233.14184535554293 30559.777721405386 80.185989858238 30415.959510283108
66 470.6140313566958 61.26856912730891 164.9894487140918 223 226.25801784140072 30247.510859982587 18.855818725453844 30167.386472129823
162 1405.322671009311 59.99433791016019 161.99468474496578 215 221.98902265512598 29325.91371895531 0.4723304018846193 29265.44705064326
57 388.4649853447156 59.67655739649093 167.70890865829904 225 227.38546605479 30354.71590059902 47.784369614222555 30247.254973588308
194 1792.6082335733377 65.85298193257371 156.7548143185319 213 222.60779625110564 28956.56387579525 0.6967820934094107 28890.01411176926
23 100.48000563269524 63.707978817349485 174.07377640935243 231 237.7817552267019 30671.647416312 37.94070193102711 30569.998735563626
87 686.4208917636172 59.39153057469328 162.6032705820511 223 221.99480115674436 30093.60997173726 32.63699040512063 30001.581450757458
182 1676.7043046767092 60.79067089070207 164.91812129403982 215 225.70879218474192 29113.64895002914 0.0 29052.858279138443
96 794.3643533158313 60.88329034458313 161.97792522743902 223 222.86121557202216 30000.19479369906 19.87110510512275 29919.440398249346
134 1073.9917570936077 60.767737693252606 171.09213568230572 221 231.85987337555832 29734.598068366988 19.16661991794308 29654.663710755784
84 618.4204241306235 67.11301794932977 170.38376756008412 225 237.49678550941394 30191.6666661501 38.1407921931625 30086.412856007602
22 99.07833683078859 62.321196003613814 176.02033661651157 233 238.34153262012543 30716.850329158293 38.83324931163351 30615.69588384304
115 920.130966408403 61.864117325988815 163.89157654161085 223 225.75569386759966 29905.373517823828 2.149836445292408 29841.35956405256
181 1639.2563326072961 62.52269553460148 157.50822463670949 217 220.03092017131098 29194.334116150614 0.4026351742436418 29131.40878544177
206 1877.2541033943173 60.52862805908789 162.72893175522802 217 223.2575598143159 28989.274654301476 0.0 28928.746026242396
209 1915.454661731668 59.720788075479724 164.39874692599642 217 224.11953500147615 28955.795054519745 0.35894585334335716 28895.715320590916
195 1793.8630874691805 61.27979467585183 162.06701669610362 219 223.34681137195543 29093.50610004861 0.7366980180679548 29031.489607354695
14 52.87053946977588 65.42101918497215 177.00913502909862 239 242.43015421407074 30851.451273525538 63.87518678295773 30722.155067557618
97 802.3946818188554 58.75450157405482 165.15426504582078 229 223.90876661987556 30110.978921313996 19.30320521839144 30032.921214521546
208 1914.8851907776307 58.42991362174366 163.5119326357422 221 221.94184625748585 29023.52327190273 0.0 28965.093358280992
90 735.2017016380672 60.0408433571973 170.3109558729495 231 230.3517992301468 30206.913132431582 17.107246231553745 30129.765042842846
198 1822.4396009120755 61.38229654114002 164.75430582875856 223 226.13660236989864 29134.901236113157 0.0 29073.518939572
77 588.6011105789156 66.40959676078549 169.68074953573915 235 236.09034629652464 30381.459171488503 37.712780068076995 30277.33679465966
78 597.1267593168304 62.75527464162276 174.60006693666523 235 237.35534157828803 30376.363018648473 26.882013182364744 30286.7257308245
133 1071.6843929394179 66.00586994693904 170.78299715966003 231 236.78886710659907 29915.51228337304 18.46942113521891 29831.036992290872
85 638.2292994528277 64.44561258972263 176.6992985747926 235 241.14491116451524 30351.827524178025 17.000027042014608 30270.381884546292
161 1404.561067197694 56.834269924543534 162.10322570426644 229 218.93749562880998 29589.029189936988 0.0 29532.194920012455
139 1173.9760345971715 66.58736243781517 170.1065331101237 231 236.69389554793884 29821.108565840506 0.0 29754.521203402688
169 1502.6487280323042 63.072526749673955 168.03077338044005 229 231.103300130114 29495.071118543136 0.0 29431.998591793435
202 1832.5605118176532 66.84986858161928 169.94199394666427 227 236.79186252828356 29174.948234927757 0.09527858684077728 29108.003087759298
151 1297.1047703927868 57.34363916614745 171.81764715537804 233 229.1612863215254 29722.996365369654 20.73087417395527 29644.921852029547
204 1850.8326750617719 62.620690498005224 167.86050539070933 229 230.48119588871458 29170.536169657422 0.0 29107.91547915941
177 1605.8091664484305 67.15352054623446 175.6029346379404 235 242.75645518417483 29436.898147774347 0.0 29369.744627228123
145 1279.670702054767 64.56722866792063 179.66226929618455 241 244.22949796410518 29777.22625513907 0.463471123484851 29712.19555534766
146 1280.4524997737267 70.52665327667016 180.62943125035275 241 251.15608452702293 29777.280639276854 0.0 29706.753986000178
196 1797.022654782792 69.16773702886394 176.40800800170325 237 245.5757450305672 29261.61890090754 0.4820243332569589 29191.969139545417
60 401.0134436617931 67.4006644074907 189.92049158735935 255 257.3211559948501 30671.185638885778 21.18527909524505 30582.599695383036
192 1776.56101306713 69.44580353264531 177.62167006399198 245 247.06747359663729 29300.456250099352 0.0 29231.010446566703
197 1819.5024354217076 63.98254848157948 179.14632454633323 245 243.12887302791273 29258.5224772317 0.0 29194.53992875012
