# Cpu scheduler: sjf
# Quantum: None
pid arrival_time cpu_bursts_time io_bursts_time nbursts bursts_time tat ready_wait_time io_wait_time
9 44.671616705219975 70.51026176270629 57.39834156708562 9 127.9086033297919 490.93853416845013 97.62764085504057 322.80063155070326
2 8.315404156092855 65.39660054836428 37.8241019767437 7 103.22070252510797 546.6932633014793 250.21707186192708 231.07959089118788
11 61.21958235675213 74.91139564138798 72.45778178367166 11 147.36917742505966 570.1542139386266 81.5536743580147 413.6891439392239
1 2.889143296955661 42.24802214817167 32.72381406209159 5 74.97183621026326 668.1127656505263 591.0412654861926 34.82347801616206
14 80.6607295482969 88.22533157936752 88.65643466147685 13 176.88176624084437 750.8079430312815 57.6422096861004 604.9404017658136
4 21.351733006018065 73.75110812937227 55.05592566602277 9 128.80703379539503 840.9110094395281 285.66945002275224 481.4904512874035
7 40.979993104938835 111.56102036919049 104.27468485111196 15 215.8357052203025 891.3126860064064 79.14133217960756 700.6103334576082
17 86.52637676630333 80.36876419360783 61.82471994105644 9 142.1934841346643 881.832822107381 256.9157087743571 544.5483491394162
8 43.06803824565968 62.74762907638778 51.68557636655039 7 114.43320544293817 1060.915724129238 476.42245819250417 521.745636860346
5 30.079847274880937 97.7995621661156 93.06267903871452 13 190.86224120483016 1315.7939049932165 384.89194555214317 833.1023972749575
0 2.889143296955661 40.704330990037555 110.5906807890439 153 151.29501177908145 19793.003288488435 72.83199811842275 19679.46695937997
95 870.2695760557472 42.374654960108614 106.50333056133907 147 148.87798552144767 21328.39371781313 0.0 21286.019062853025
13 67.31452696099431 46.088937532547114 121.83895196036579 167 167.92788949291293 22825.859931660605 78.31416030544845 22701.456833822605
163 1657.066168438306 39.08992563739846 111.89454719135234 147 150.9844728287508 21740.183790982737 0.0 21701.093865345338
99 898.8565667315825 45.505956143251744 111.79309160602514 155 157.29904774927692 22508.933375523065 15.001818408274971 22448.42560097154
137 1344.7840603654406 42.49369775187454 116.68251484050423 155 159.17621259237876 22758.6765028597 1.2183012494858758 22714.964503858344
66 647.3705153858709 45.011793027740325 121.34286614106949 165 166.35465916880983 23836.94095689707 17.241715331543446 23774.687448537785
30 243.46710888813686 48.54684427785291 128.62307757823007 173 177.16992185608302 24487.077193652185 28.872023829379486 24409.658325544955
28 225.89209324082816 50.497398623923466 131.97428224613037 177 182.47168087005383 25009.343445666036 51.120694568700856 24907.72535247342
86 793.1926185631903 48.79956858333063 127.81747634264785 169 176.6170449259785 24498.94075935748 0.8651641344590644 24449.27602663969
186 1861.356751543735 45.582952187932364 121.19655363365507 159 166.7795058215874 23548.676166240602 0.050973017032902135 23503.04224103563
50 438.4256501586851 53.81264620693108 139.05063660235894 179 192.86328280929 25608.876520089958 26.600325922562092 25528.463547960462
49 432.6292741498005 51.72298089227954 130.20977135738107 179 181.9327522496606 25657.47022259554 42.17892542768135 25563.56831627559
105 973.3910264496443 50.35797988376437 129.8817980371628 173 180.23977792092717 25124.32875241183 2.976728584884654 25070.994043943178
39 328.73706096414753 51.9844806560344 136.69108404289523 181 188.67556469892966 25793.41732963039 47.112547733228894 25694.320301241118
141 1381.3691960809037 47.24130923102713 126.2137453443378 169 173.45505457536495 24798.784020534567 0.35109732750220246 24751.19161397604
47 414.4569302068499 51.42663722906803 134.95113542921445 181 186.37777265828248 25869.133897472955 42.78884924750878 25774.918410996375
25 188.93102705896342 54.72293994050483 137.10750508976233 187 191.83044503026713 26241.331223752713 30.62380751689676 26155.984476295314
177 1793.4085037923987 46.252559663125055 124.84100708345076 167 171.09356674657585 24654.89663476537 0.0 24608.64407510225
69 672.3299701333215 41.86244188890563 138.77767717279912 179 180.64011906170478 25781.211177577377 3.289092644021025 25736.05964304445
22 168.69453554585976 50.229105300657245 143.81070128352243 189 194.03980658417964 26451.615675023786 62.79747111594898 26338.589098607183
150 1501.7700487376312 45.7461388910781 130.41331351236462 171 176.15945240344274 25135.330045484385 0.0 25089.583906593307
23 181.62398274261233 52.882840546566584 140.8371939743787 189 193.7200345209453 26509.90846693946 45.24405046558951 26411.78157592731
120 1206.2635443529366 49.88250206512037 128.68792081887418 175 178.57042288399452 25510.267281568562 0.0 25460.384779503423
68 654.3150226436846 45.73888739195336 140.02348506790088 183 185.76237245985422 26344.702603262023 25.38961346620829 26273.57410240386
44 405.68332780515004 49.557843222700626 140.6577174719985 187 190.21556069469915 26634.227970052358 9.423047669367577 26575.247079160297
130 1284.444108130707 50.353358983666 134.7971276345354 177 185.1504866182014 25837.937348853586 0.043573917311050536 25787.54041595262
37 307.53365978376763 54.21960448372362 136.1203962562285 189 190.3400007399522 26852.26786346475 67.36744946435846 26730.680809516663
38 316.1465416946136 52.19579912898146 142.85064234992666 189 195.0464414789081 26849.879970848815 37.8023698587009 26759.88180186113
15 81.72283705809376 59.15669738930347 146.82600713649882 197 205.98270452580223 27124.802142845037 44.818737405410985 27020.826708050314
67 651.4365294802733 47.41314356305739 139.7999105216446 185 187.21305408470198 26612.565194083498 10.703765320498178 26554.44828519994
91 842.666909574009 47.95226933549489 135.12771782608596 183 183.07998716158085 26435.957579644644 0.0 26388.005310309145
92 844.8539769144727 51.495873826277226 130.77255331545277 183 182.26842714173 26435.528713998137 0.0 26384.03284017185
113 1050.4381916901157 49.566786903046946 137.02560361194458 181 186.59239051499154 26241.788229416674 0.18276139207000597 26192.03868112155
35 287.40103779077896 54.88331231340786 138.8105988774916 191 193.69391119089946 27017.78281416273 23.90360273570286 26938.995899113626
160 1643.5549127036345 46.808109324830184 133.2247110934713 175 180.03282041830147 25688.39067085287 0.0 25641.58256152805
56 542.803321337368 52.6017919935724 135.08232498400326 187 187.68411697757563 26792.026280114565 13.007591785789714 26726.416896335195
46 409.31895368407135 55.91663022077459 141.5920948331046 189 197.50872505387917 26937.708218049036 39.92576216820089 26841.865825660065
36 298.9520728466591 46.01274079751082 142.67552309880872 191 188.68826389631954 27056.128960473532 56.0789815572806 26954.037238118734
71 712.7985451763983 52.024448942307174 136.72596237638675 185 188.75041131869398 26650.339389605313 10.063526767487929 26588.251413895527
80 759.4903321551463 52.35238994366887 140.68198315317557 185 193.03437309684443 26637.07262816923 9.847668590961007 26574.8725696346
16 83.01229846726626 50.684129667609376 149.20645013804838 199 199.89057980565778 27427.895781689258 68.25007749654951 27308.961574525103
45 407.1632555556579 51.29448609210512 138.55825245582716 191 189.8527385479323 27152.16983637598 6.895589397439892 27093.979760886443
19 101.08515974953407 59.1818589790144 148.30986586804121 199 207.4917248470556 27518.893610836596 52.731436414083845 27406.980315443507
133 1304.4551574058917 57.66922195870819 136.0379546538861 181 193.70717661259425 26356.258482948688 0.6488543809277871 26297.940406609043
107 979.9854786280075 47.475217985115606 137.38705727372093 185 184.86227525883652 26695.77372972184 0.0 26648.298511736728
108 1019.7789339522627 52.619180941129876 135.37969604467088 185 187.9988769858008 26699.086107827527 0.0 26646.466926886398
18 93.38411280635961 51.71596149352987 152.11162829528942 201 203.82758978881932 27706.854198464534 59.10971156285888 27596.028525408146
3 10.403551474796794 59.642139966106036 150.14407875926776 207 209.7862187253738 27807.180570494485 67.71459911118542 27679.823831417183
96 885.6290567048319 50.59501639676971 136.34224415148148 187 186.93726054825117 26936.150771589895 0.0 26885.555755193123
76 731.2874595164577 54.92720595136339 144.08823369102356 189 199.01543964238692 27133.571128247244 22.532532720053155 27056.111389575828
82 778.4779088504933 49.73450799306665 143.69999124126406 189 193.43449923433076 27154.129063768833 28.145040840270894 27076.249514935498
122 1221.2100208109523 52.87169700759774 140.18913906593107 185 193.06083607352878 26770.83200175473 0.0 26717.960304747146
184 1855.7134169971123 52.3021284105823 131.80340582201555 179 184.10553423259785 26176.19371823556 1.4390806511737537 26122.452509173803
48 430.0741598354803 52.54089566618613 145.06032278488294 195 197.6012184510691 27646.656397278937 25.920632423538848 27568.194869189214
21 113.36809079336376 57.67059033541702 149.271724540602 203 206.942314876019 27975.441678900967 28.95681506871749 27888.81427349683
101 923.5913686043335 47.29497431052146 140.93524384892 189 188.23021815944145 27168.04602121563 12.738686924767308 27108.01235998036
154 1550.2133960343049 47.19075465989134 138.86201165247226 183 186.05276631236356 26614.341167114406 0.028739193992123546 26567.121673260513
176 1786.1598575127066 46.910270098587745 135.73360321611506 181 182.64387331470283 26394.300436563473 0.0 26347.390166464873
89 829.8664338511975 50.789835389834735 142.345125188955 191 193.13496057878973 27375.52242662393 3.1062779581171753 27321.626313275985
104 966.3366428231118 49.13761625280783 143.94626097996118 191 193.083877232769 27351.127782590895 2.3793107920174634 27299.61085554606
6 39.827971277497305 57.249623127011134 154.1662019235103 209 211.41582505052145 28335.250486457655 79.05678529807767 28198.944078032557
205 2063.0710965397648 49.66883405190241 135.7129655562887 181 185.38179960819113 26346.668033601127 0.0 26296.999199549235
33 284.71610614835964 58.24239197589662 147.72326226272725 201 205.9656542386239 28171.06646918083 28.189828401787736 28084.634248803144
55 531.7644046167711 51.13757554483826 141.5701047034199 197 192.70768024825816 27932.15205038311 16.74304023557511 27864.271434602684
83 784.0689883994205 51.84915357196831 145.90056871997638 195 197.7497222919447 27788.968472875255 9.599670842981027 27727.51964846031
204 2061.0226541237034 50.55535385792713 138.37379569848957 183 188.92914955641672 26560.23379443166 0.2832909893154465 26509.39514958443
159 1615.951198443938 50.74885208741403 136.91842106090945 187 187.6672731483235 27037.149554998123 0.19698605417534054 26986.203716856548
125 1237.7790486751478 48.22326010377061 143.97585365091183 191 192.1991137546824 27418.34403230898 0.0 27370.120772205195
34 284.9833706644537 56.43165463634243 152.52011726729324 203 208.95177190363566 28375.256634043784 32.371498215588076 28286.453481191846
31 272.992917731277 54.928494285849425 150.41570525722162 203 205.34419954307108 28394.223303349165 36.6275730814333 28302.66723598189
103 937.7450989460827 48.724655175278166 144.94709765280032 195 193.67175282807847 27783.794289204085 0.8933228781872913 27734.17631115061
131 1294.629617757959 49.72847746013559 140.3551102579233 191 190.08358771805894 27429.345891687077 0.44035841535810505 27379.177055811575
151 1513.2338488129787 54.68889982148626 138.87079678459207 189 193.55969660607838 27236.51129089512 0.10026924870498988 27181.722121824936
29 234.7262203414223 57.84959666123436 158.41351583947605 205 216.26311250071046 28541.44695473199 62.39958370723161 28421.19777436351
200 2027.6464499039373 50.92328416418716 133.6272888481697 185 184.55057301235684 26764.51267880544 0.0 26713.589394641236
178 1795.39525733541 54.262021196954514 138.79741123025488 187 193.05943242720943 27014.21322531691 0.0 26959.951204119963
156 1585.9949784633957 51.085754077187744 143.06066959004986 189 194.1464236672376 27233.455323267557 0.0 27182.369569190363
70 685.994704523661 51.3260970751027 152.15460986910063 199 203.4807069442033 28153.59019430856 7.267221142485255 28094.996876090976
114 1051.1186291726506 49.831006022023935 146.91522289480872 195 196.7462289168327 27792.16497294992 0.0628052585293517 27742.27116166938
94 859.4017690347537 54.33987180470655 144.269103121178 197 198.60897492588458 27997.846308562777 7.59935550382545 27935.907081254245
170 1713.3698992792451 49.580703652427864 138.84319617440883 189 188.4238998268367 27214.440182386665 0.0 27164.85947873421
197 1975.818065246228 56.69364130487762 142.1112320276443 187 198.80487333252194 26962.251815353 0.0 26905.55817404812
62 617.566299823756 52.55844365202973 150.0902799169514 201 202.64872356898115 28332.137083312275 43.019335986098326 28236.55930367415
61 609.4724446018831 56.236082168586535 145.72975663412694 201 201.96583880271348 28346.62461497995 38.084320562671564 28252.304212248684
52 468.58645899553903 57.67647096815287 151.11957411676735 203 208.79604508492022 28536.68908426302 41.792337698831716 28437.220275596035
42 367.51205924398823 61.6136124838192 151.46736064675943 205 213.08097313057863 28642.70324229686 36.71332342310001 28544.376306389957
207 2079.8167927050545 52.9528674319704 140.64234692301096 187 193.59521435498135 26933.100873269832 0.6312397410242738 26879.51676609685
32 274.5816170740856 48.89799383792323 154.87348265687132 207 203.7714764947945 28753.454816223773 46.077573109669686 28658.479249276184
98 897.5380799360971 49.094207743844024 146.4915512533602 199 195.58575899720427 28152.9272816336 15.048207759529987 28088.78486613022
75 730.0336448273902 56.08829944952112 148.50111173807497 201 204.5894111875961 28340.38477947627 18.533619512910263 28265.762860513838
171 1739.9825952016529 56.320804902610945 141.90264478191932 191 198.22344968453027 27382.480685507067 0.4855506563826566 27325.674329948073
136 1333.1702244208968 53.487036661484936 145.45604722724056 195 198.94308388872548 27790.544592428672 0.33636321536459945 27736.72119255181
60 602.8903666464016 56.42510477200184 150.26389706570055 203 206.6890018377024 28532.80872753453 36.29513565277057 28440.088487109762
199 2010.1906930513621 56.506761388359756 138.91840155301466 189 195.42516294137442 27128.183677054716 0.0 27071.676915666354
43 385.0271192171228 52.70298661159036 148.44223312694513 207 201.14521973853545 28824.81426499814 24.62776627757154 28747.48351210899
189 1884.1071804292037 58.199584265304196 141.57841932352358 191 199.7780035888278 27334.502645163207 0.0 27276.303060897895
118 1164.6785118635887 56.756960416376586 154.63181025227016 199 211.38877066864669 28119.847436490618 0.0 28063.090476074245
119 1200.5279553982964 54.762586330534404 151.35551302031476 199 206.11809935084918 28109.231854453734 0.0 28054.4692681232
139 1374.029211216047 52.42853717935303 151.02317805410186 197 203.45171523345488 27942.567815881503 0.34611245537689683 27889.793166246774
144 1433.7984129378153 56.337329029588204 142.3885793966681 197 198.7259084262563 27930.61751703845 0.0 27874.280188008874
26 214.32666568297748 60.42707052323211 161.84014482501428 213 222.2672153482464 29175.626858870208 47.129437086254285 29068.070351260718
79 758.9733785299611 58.920130560424504 153.68174264061042 205 212.60187320103495 28671.551934611485 20.270250016196428 28592.361554034873
59 592.9416214574076 60.17794349744541 156.38392488423796 207 216.56186838168338 28839.833680495154 32.80903214527905 28746.846704852433
138 1344.8715498882661 58.28543757537866 148.86383724221935 199 207.14927481759804 28095.5804601456 1.3535581700889452 28035.941464400126
116 1126.1781927125435 51.11709031074994 154.4326984109797 203 205.54978872172964 28432.089041772815 0.022094839892133677 28380.949856622174
173 1753.177757368709 55.99612981922663 146.26060779692764 197 202.25673761615428 27835.498527790598 0.0 27779.502397971377
175 1777.7135435639332 56.60447400248641 149.94226008136437 197 206.54673408385077 27823.507661897336 0.5105165787390433 27766.3926713161
203 2058.1023511499516 52.5666443217142 144.03668213643383 195 196.60332645814805 27559.500952582646 0.0 27506.93430826095
180 1815.182145645238 58.16389165028745 146.23730017866333 197 204.40119182895077 27809.129236499404 0.0 27750.965344849104
123 1228.6052795932062 55.215958122762416 148.35840500814106 203 203.57436313090346 28402.056592106663 0.0 28346.840633983888
124 1231.9876845286078 57.30913715753281 156.22942160069977 203 213.53855875823257 28405.91778246978 0.0 28348.608645312248
165 1676.1900196657743 60.08690011430525 147.89445075676394 199 207.9813508710692 28003.76093201484 0.22976880803753374 27943.444263092497
20 106.20903467398796 58.0702834335307 159.88352254288114 221 217.95380597641181 29604.430143145197 59.5039064626267 29486.855953249018
51 458.40151591903094 60.4618572400842 159.36409042417566 213 219.82594766425984 29274.994871530467 23.336885960870745 29191.19612832953
110 1028.7045790153632 58.36547443983941 156.19238024298693 207 214.55785468282633 28719.00955192403 0.7562628658208723 28659.887814618378
10 58.877812317214094 65.2580051379083 166.61129637900564 225 231.86930151691394 29717.66894507908 53.01927862092171 29599.391661320253
126 1249.8894691906112 56.67400122632519 153.74010146566567 205 210.41410269199085 28533.169875295487 0.14750595485747908 28476.348368114286
72 723.1222239901865 55.32085556261575 156.8998896144418 211 212.22074517705755 29080.781075316358 4.203437736236651 29021.256782017506
191 1897.8363791756663 54.574011435095144 145.79080258205846 199 200.3648140171536 27908.96095194919 0.0 27854.3869405141
192 1899.512220660804 61.14789166749238 150.42027176462773 199 211.56816343212012 27909.451619523188 0.0 27848.3037278557
169 1710.7565382707483 53.04108381904208 147.11012480672954 201 200.1512086257716 28128.39053210169 0.0 28075.34944828264
12 63.48371462100002 64.62486935984099 165.75210582215354 225 230.3769751819945 29780.369959805263 77.15888466131801 29638.586205784115
106 976.9749003341827 56.15753508497596 151.60150894061994 209 207.7590440255959 28869.793956606853 0.3641033957520676 28813.27231812612
24 188.70666009961027 61.742230132000095 164.71228214300763 221 226.45451227500774 29669.859079568683 17.786354444886967 29590.330494991795
85 791.7429456338377 57.992197090368045 161.77314191605342 211 219.76533900642147 29070.592269892673 0.9112432790801677 29011.68882952323
142 1384.6452072331126 54.7914219727359 151.16972185185446 205 205.96114382459035 28495.457950487624 0.5835565732954819 28440.0829719416
57 545.9367059786055 58.32708368449639 158.9364285677943 215 217.2635122522907 29376.799960619246 41.845930123967264 29276.626946810768
164 1671.4347149319442 53.17941760286561 150.23801585129536 203 203.4174334541609 28253.28973447959 0.5971885341612051 28199.513128342554
153 1544.693821968385 59.00099780361965 149.78267143959576 205 208.7836692432154 28423.26215795663 1.1294333033381463 28363.131726849668
155 1559.7733567136743 54.795873481487625 154.7578312893375 205 209.5537047708251 28414.36420762055 0.0 28359.568334139054
65 643.7793549588813 61.47437739813936 160.97057184062652 215 222.4449492387659 29339.289504465632 19.186887065386145 29258.628240002112
157 1604.3578063028237 50.532591672509206 154.39058796263112 205 204.92317963514031 28394.065878689908 0.0 28343.533287017402
148 1483.544914223474 60.18435320482298 154.6932918606862 207 214.8776450655092 28561.02739736939 0.025253217797853722 28500.817790946774
40 342.2545492767646 58.61219851842396 167.67140681679822 221 226.28360533522223 29724.637784822477 45.16256555956335 29620.8630207445
88 811.4356517029825 64.79150595686221 162.45345490471638 215 227.24496086157862 29268.87764840161 0.1942286149710526 29203.891913829775
158 1608.9621766543576 60.70061196784734 152.75400820723476 207 213.45462017508208 28490.253246890567 0.3411668324897619 28429.211468090234
162 1655.964679791838 58.902847500029075 156.1390144004222 207 215.0418619004513 28465.677039811846 0.0 28406.774192311816
146 1453.4761942285431 57.963103058218 154.74811639529915 209 212.71121945351712 28672.004511383857 0.0 28614.041408325636
58 558.5245467485692 60.26903680599827 162.15308410754702 219 222.4221209135453 29571.3213789711 28.688619411174614 29482.363722753922
102 932.0294422476279 56.93686135432723 157.50864331268153 215 214.44550466700875 29201.843605081944 1.0994779591032966 29143.80726576852
166 1683.9137927195147 53.13370394984916 154.26095917855497 207 207.39466312840412 28456.42731311496 0.7993671614938194 28402.49424200361
167 1698.1687995398281 56.60493481596225 151.08680166300783 207 207.69173647897003 28447.94625941926 0.003695435517329315 28391.337629167778
54 483.9560686925854 62.12396888748329 164.61697558005466 221 226.74094446753793 29709.240149413134 31.25296098683725 29615.863219538824
128 1259.4747271100323 57.6523510430809 154.9985880557303 213 212.6509390988112 28954.314869704504 0.23496652071708013 28896.427552140707
27 219.8357420244128 67.64960325345179 166.3641532814408 227 234.0137565348926 29998.896879731594 53.47545755621513 29877.77181892193
193 1907.7489655410734 60.797867607469016 153.39012522457364 207 214.18799283204265 28315.364055860475 0.0 28254.566188253008
63 629.5021577555575 61.926672577564275 161.70865837766718 221 223.63533095523144 29629.32115293218 6.961129266971625 29560.433351087646
53 472.467885708372 61.20178180519359 165.16910825476373 223 226.3708900599573 29796.834345861913 35.33418763968615 29700.29837641704
111 1033.7168927578255 56.90996933847494 156.87788135009953 217 213.78785068857445 29239.23674036298 0.0 29182.326771024487
206 2066.5149147640213 54.290262188198575 148.9443744805489 207 203.23463666874753 28207.304532652346 0.3793336909197933 28152.63493677322
185 1856.4620432387792 58.36709206365176 155.85762286821688 209 214.22471493186865 28432.668464257895 0.10304922225282098 28374.198322971977
187 1871.426189594065 54.48320302157383 155.6734713124139 209 210.15667433398778 28423.174822897054 0.0 28368.691619875495
188 1877.0556824162627 57.20211851329603 157.10562799066358 209 214.3077465039596 28418.742542290714 0.0 28361.540423777406
73 724.3937071005341 57.62317947693096 166.49611298268002 221 224.11929245961102 29581.21070488878 20.77503212337399 29502.812493288486
195 1936.0416900494538 62.81443276107325 155.1059688303584 209 217.92040159143164 28376.47743204493 0.0 28313.66299928385
149 1495.9048484906807 58.14148243370725 155.87434122899694 213 214.0158236627042 28825.134367501894 0.1122356040887098 28766.880649464092
77 750.6965241414888 62.794588387980596 164.76617773382287 221 227.56076612180348 29576.028749650402 23.486518049176425 29489.747643213246
135 1320.4528143033915 57.54926476372386 157.4144902044506 215 214.96375496817447 29008.870638492495 0.5920721540373961 28950.72930157474
90 841.9579979573004 67.89509635678664 164.92854385392326 221 232.82364021070987 29510.613852445505 0.7520113895225222 29441.966744699203
93 848.2382812504038 61.02491261966293 161.87592460323884 221 222.90083722290183 29507.57951022053 0.1381039797959147 29446.416493621065
181 1839.8355791402184 56.39095017615219 154.9796538450432 211 211.3706040211954 28517.08622853823 0.04737285300484473 28460.64790550907
127 1251.0124622971464 63.284278372128774 165.60994654395367 217 228.89422491608244 29115.027999904552 0.19690728348200537 29051.546814248948
168 1702.2371479857977 58.87592299602044 155.80747819041167 213 214.68340118643215 28679.924204659983 0.0 28621.048281663956
81 766.4855112197966 60.39468719762054 171.31996730442168 223 231.71465450204226 29618.142421377463 1.1411227856140158 29556.606611394214
201 2037.201406280715 57.01412175250311 160.08549413832662 211 217.09961589082974 28365.143458125673 0.0 28308.129336373157
179 1797.5585239885415 60.51629305533826 158.97973887263387 213 219.49603192797213 28610.598835024302 0.288735067076459 28549.7938069019
182 1842.506096163063 60.43582341840896 157.6896588592743 213 218.1254822776833 28572.499983164067 0.13909940058260872 28511.92506034508
183 1848.719093932917 57.834251239067164 158.1718013300924 213 216.00605256915958 28567.842007155832 0.11345503120764988 28509.894300885546
147 1474.062321386195 55.24842284521023 162.0740739159009 217 217.3224967611111 28954.38075214344 0.0 28899.132329298234
109 1026.3818387910683 58.52043459353661 166.244714572403 223 224.76514916593965 29428.455843285465 0.0 29369.93540869192
115 1095.6529071184657 62.27979930970511 162.5489540799575 223 224.8287533896626 29375.40235281511 9.784875041247233 29303.337678464155
152 1518.2493754961943 60.64916179686578 160.00153957384197 219 220.65070137070774 28968.327430936584 0.0 28907.678269139724
172 1746.2379239541156 56.986502617094594 161.03683348394472 217 218.02333610103932 28743.904948959957 0.0 28686.918446342857
84 784.7454998836442 63.65987656676838 168.89183540859435 227 232.55171197536274 29707.48684217482 15.248255745426832 29628.578709862628
174 1774.7979188292604 66.6003099813107 163.9231474992309 217 230.5234574805416 28720.877224392967 0.0 28654.27691441166
121 1212.7565516151374 66.48233785002608 170.11717860585497 223 236.59951645588106 29287.65787364922 0.0 29221.175535799204
208 2099.7134130193085 57.30665160424875 163.83163963236774 215 221.13829123661648 28405.383654545687 0.0 28348.077002941438
194 1931.0095444706249 58.769568759122556 166.19208266645734 217 224.96165142557987 28587.154402299617 0.0 28528.384833540487
87 800.8175160988327 59.98734676057971 166.99980200106006 229 226.98714876163982 29731.11443942918 0.06296089963348095 29671.064131768966
140 1380.1547327969881 60.097598937361916 160.60472970338458 223 220.7023286407465 29153.79971765733 0.0 29093.702118719986
143 1406.4419236993401 61.6103353812004 167.27041302394582 223 228.88074840514622 29132.70866160793 0.0 29071.09832622674
100 921.9250046582998 61.08737463471672 172.27209166692364 229 233.3594663016404 29628.407305347882 12.425551084963217 29554.894379628196
117 1126.8976176524914 60.273578668456565 171.35755445395395 227 231.63113312241052 29426.596115977285 0.0 29366.322537308824
78 752.096535503078 63.277215753108045 169.17729335349912 231 232.4545091066072 29804.18214153512 19.574184449184372 29721.330741332837
202 2052.7312020919007 54.57492860202711 157.763245029367 219 212.3381736313941 28511.559086681096 0.016184749936655862 28456.967973329156
97 894.1719650961982 63.20916532427567 169.6293032742508 231 232.83846859852648 29677.75569799124 17.780815614363974 29596.765717052604
112 1040.6190133531184 60.73893049108845 168.40080487734372 231 229.13973536843218 29547.387626958185 0.1613016839366992 29486.487394783173
161 1650.4391110689305 63.63057607583999 171.73838036204384 225 235.36895643788384 28941.68662992832 0.0 28878.056053852488
41 354.0179084606187 65.32818021996714 187.6804921739812 241 253.00867239394836 30250.0721715647 43.722499048678344 30141.021492296044
145 1435.2923163470791 63.692164406751694 171.79004560139012 229 235.4822100081418 29173.00466733614 0.0 29109.312502929384
196 1952.2743071984853 61.65476562473193 169.03818127055735 225 230.69294689528925 28664.028169947363 0.0 28602.373404322632
198 1984.2209441285759 64.15685562250953 168.70206666074068 225 232.8589222832502 28635.722526623453 0.2650076920922402 28571.30066330885
129 1278.974580985997 61.48468778844635 178.39772431574394 233 239.88241210419034 29345.952705888834 0.20034449933223186 29284.267673601058
132 1298.0005596514284 61.06650031940377 174.53995386467213 233 235.60645418407586 29329.72899033966 0.8796483540950248 29267.78284166617
64 634.4571983759616 70.28942596094387 183.40939984390752 245 253.69882580485137 30013.450269474964 0.9580554153224057 29942.2027880987
190 1894.159735696326 64.38988968682341 173.0813971126401 233 237.4712867994635 28756.41667857385 0.0 28692.026788887022
74 724.4246802443212 66.94477142827643 179.4133103038798 245 246.35808173215622 29928.081588341425 23.754312670783293 29837.382504242367
134 1305.3525852696598 68.925648133267 185.4400722704624 243 254.3657204037294 29354.469500404917 0.2977103351088317 29285.246141936546
209 2117.638388755191 68.38008894003804 181.17860164172006 245 249.55869058175813 28552.389430870877 0.0 28484.009341930847
