# Cpu scheduler: sjf
# Quantum: None
pid arrival_time cpu_bursts_time io_bursts_time nbursts bursts_time tat ready_wait_time io_wait_time
1 1.2222929281267798 69.36095118140952 40.90054055953392 7 110.26149174094343 349.37879419514405 140.92673821236951 139.09110480136502
18 92.66441942549604 19.244177513143665 0.0 1 19.244177513143665 343.19394099286177 323.9497634797181 0
10 47.25738645087493 58.93304813247156 50.6450345358697 7 109.57808266834127 490.85195975279305 244.31873129322295 187.60018032709857
17 92.40136704414589 90.56055286346887 63.19950939979641 11 153.76006226326527 548.8048486283169 44.1006328578443 414.1436629070038
2 4.158236428643878 70.85274381791966 43.10978762136447 7 113.96253143928412 768.090880184053 433.3784159567027 263.8597204094307
11 60.72288660187087 86.09143505436833 81.99102764248298 11 168.0824626968513 737.7206836187639 182.75593475491047 468.873313809485
6 13.615889920512295 88.8079671311809 55.248089437565305 9 144.05605656874621 871.7207075797519 329.27748927633877 453.6352511722321
3 10.05978158425036 74.73102075788637 66.13494621790161 9 140.86596697578796 1005.4048197142153 557.0382890325429 373.6355099237859
15 79.35960249330003 123.29533513812973 92.08777865768157 15 215.38311379581134 1263.323885870785 228.75115752939598 911.2773932032592
4 12.05545079696429 132.82947382137178 129.6086682243347 17 262.4381420457065 2684.5803100432945 696.8217264869548 1854.9291097349678
155 1418.500561320055 38.91438909053957 105.45250759124649 141 144.36689668178605 21049.83934182041 0.38865269443090256 21010.536300035445
30 192.05358015041455 48.67833994305502 113.68615888389456 161 162.3644988269496 22746.9301529566 34.82055462807199 22663.431258385473
25 146.24167382961608 48.65407873465126 125.64756229546944 165 174.3016410301207 23160.003691806043 41.165849288811074 23070.18376378259
27 149.62103045254358 46.24973249077372 125.63240332652958 169 171.88213581730332 23899.22190691508 84.86685403533289 23768.105320388982
74 538.4350038499964 40.6156263335813 125.5657724348186 163 166.1813987683999 23706.552195976656 3.488558837534015 23662.44801080554
192 1753.884167123834 41.85880977370747 113.87052347783128 151 155.72933325153878 22605.08110988927 0.0 22563.22230011555
76 567.8858997801663 43.89785604519855 123.87661546550875 163 167.77447151070731 23821.5974592233 54.16365752463594 23723.535945653468
7 32.14099402533594 48.429861385649644 136.2783290357194 179 184.70819042136904 24575.96536894352 48.72658475359969 24478.808922804277
93 781.7179661801222 47.159092411343394 122.20825482434064 163 169.367347235684 23959.66068406758 0.31771719526955167 23912.183874460974
177 1639.5740435913651 43.65602199527258 119.40872619595591 155 163.0647481912285 23174.60342104117 0.0 23130.947399045897
50 395.62601009712716 49.99050058575872 127.08249061729825 173 177.07299120305697 25083.688407468107 65.9543330770478 24967.743573805303
86 698.899935061 46.100190497779224 122.58873757967184 169 168.68892807745107 24785.668514736048 17.29541705969882 24722.272907178565
209 1895.6932596830513 45.041902500639466 121.81939058570643 159 166.86129308634594 23769.08186864257 0.0 23724.039966141936
83 667.1314673443019 43.49867490287123 124.36790921037878 171 167.86658411325 25001.226418199793 11.405092559423679 24946.322650737504
99 888.877702272649 50.40120027797732 130.34873409926203 169 180.74993437723936 24882.692085687522 0.6051858926839486 24831.68569951686
28 162.22715817374473 51.12947778161935 133.2722821837626 181 184.40175996538193 25615.16643443196 64.23515992454935 25499.8017967258
23 130.5499436092528 52.85300508836721 133.76591626929445 185 186.61892135766163 26010.59356604885 81.91587189458502 25875.824689065903
58 451.7030289372779 51.51128896414475 137.22481930305125 177 188.73610826719596 25698.382867289267 55.13739463684328 25591.734183688277
107 978.0199014637394 45.542130401232846 128.2082012130738 171 173.75033161430665 25206.704744707524 0.0 25161.162614306304
5 13.01757962523411 52.909510351057286 141.9492257850174 193 194.8587361360747 26328.185464954604 66.01110656068128 26209.264848042865
161 1489.3156989207844 48.327579283745635 128.5866018404042 167 176.91418112414982 24853.094761351527 0.0 24804.767182067797
198 1822.4546128587162 43.4791256676395 119.7478820276451 165 163.2270076952846 24600.329478617376 0.0 24556.850352949736
40 254.40670546974908 50.9463246239508 136.26512662610918 183 187.21145125005995 26184.3708933097 57.387891536921444 26076.036677148826
49 384.8314631096936 47.3225798965867 132.71567325730305 181 180.03825315388974 26107.834593297972 18.113017150825385 26042.39899625056
94 817.7109039162492 50.065071354515396 129.51141320902354 175 179.57648456353894 25675.410984485206 0.0 25625.345913130706
116 1025.3360975359017 46.14293145472125 136.5801470726747 173 182.72307852739596 25522.71820391889 0.38757204941362033 25476.18770041477
96 852.6283000005943 46.11541491416822 132.07215937766136 175 178.18757429182958 25713.250485595836 0.0 25667.135070681663
16 91.88544660082502 53.56625770132332 143.7408957129907 191 197.30715341431397 26723.268610278974 66.99993100873257 26602.702421568916
123 1121.6958217282356 51.072059542132 125.48494954046929 175 176.55700908260133 25789.968225849385 0.22244546406886911 25738.673720843184
65 480.21664024176835 50.38243666319813 136.5333082344013 183 186.91574489759938 26509.091164371737 24.1982058714853 26434.51052183705
68 494.5612488956057 52.58849668159728 136.91590376204155 183 189.5044004436388 26505.915641655098 19.655578073389847 26433.671566900106
182 1676.601109524098 48.71274499108736 125.32017299278965 171 174.032917983877 25395.150569491674 0.0 25346.437824500586
33 228.04935692177986 56.24749674235998 140.1063244754104 189 196.3538212177704 26889.440690629042 59.06534562230192 26774.12784826438
36 235.4245631573251 53.47247593296233 143.58649239971743 189 197.0589683326798 26916.52444047901 91.13373838263578 26771.918226163416
195 1788.3996720638988 45.232843715840644 134.24777014341194 171 179.48061385925257 25380.869573388845 0.0 25335.636729673013
43 271.1522902345816 52.9729777070102 140.49170262138108 189 193.4646803283913 26934.19556542867 56.38723526337492 26824.835352458285
63 474.02916169746925 45.57723208276064 140.80685507616823 185 186.38408715892888 26771.946474695316 39.96400281602081 26686.40523979654
176 1630.0706523026024 49.375343119370456 130.89867319694912 173 180.27401631631955 25642.31935639389 0.09794050946288735 25592.846072765056
70 514.1661365958576 50.00442707130359 142.55791279066005 185 192.56233986196364 26796.673440525847 46.74958571187926 26699.919427742676
72 528.220739141734 53.832761508514366 133.11725390973362 185 186.95001541824797 26794.858379846435 35.30621427296023 26705.719404064956
119 1052.9027747184289 48.479691539752764 136.69144541875818 181 185.17113695851094 26551.325461589637 0.0 26502.84577004987
89 715.2873714008801 48.15055989618093 144.4547312444239 185 192.60529114060486 26920.25079376952 72.22008668799788 26799.88014718534
143 1346.147804676419 49.47610672715123 130.60166115320496 179 180.0777678803562 26337.35978397257 0.19480546247291386 26287.68887178294
44 276.4653366179637 54.578872750564514 145.58342268420927 193 200.1622954347738 27441.681717041538 52.600045127274484 27334.502799163703
79 660.101413865924 46.410787088446384 140.8538541239452 187 187.2646412123916 27110.234091251146 32.09094289804045 27031.732361264654
19 97.01524345620591 55.142441302394985 151.59798391492797 199 206.74042521732295 27698.19813876138 60.464823877454094 27582.59087358152
0 1.2222929281267798 58.540232743583566 158.56540903686852 207 217.10564178045206 27856.724380631644 73.15083125449286 27725.03331663356
9 46.06509955105882 57.21772191061608 152.80935041999103 203 210.02707233060715 27879.197182993892 102.60264368808197 27719.376817395194
207 1892.4906942032108 50.95433547878396 130.2289831614808 177 181.1833186402648 26106.138392738216 0.18261703548159858 26055.00144022395
208 1894.9421865651686 50.308503637860326 128.5057469925028 177 178.81425063036312 26107.3973112923 0.17425018149378957 26056.914557472952
14 72.83348663973696 54.284033483395596 156.0443619973166 203 210.3283954807122 28009.960316139342 54.404317325640434 27901.2719653303
20 103.34244199885372 56.48832711671453 155.70916058230011 201 212.1974876990147 27982.770963964664 60.039076483176146 27866.243560364765
136 1280.7725897730795 55.41634399200939 137.26463960186751 183 192.6809835938769 26816.293785939855 0.5226171471058478 26760.354824800732
168 1544.0015754095684 47.26213650473167 132.45238474138483 181 179.71452124611648 26588.376457442722 0.0 26541.114320937995
170 1573.52064451365 49.719841727896636 137.35225132417142 181 187.07209305206808 26590.243254343924 0.7447452264675576 26539.77866738956
106 969.8134780985961 50.75953228913816 138.24361538535715 187 189.00314767449532 27208.31185040952 0.857378034458975 27156.694940085905
32 210.62020875773118 52.46459483550131 148.17100439800763 199 200.6355992335089 27980.641773968775 41.5112448250577 27886.66593430822
66 490.63034947362775 53.83565521769577 146.6920907486813 193 200.52774596637707 27705.024798430895 30.213984265867566 27620.97515894733
151 1393.1052483984872 50.297231289085104 139.00682709037014 183 189.30405837945528 26821.91373826358 0.0 26771.61650697449
154 1416.0625523613546 51.85074033969454 133.87134947714236 183 185.72208981683693 26821.19418331731 0.0 26769.343442977628
35 234.66702967295646 55.178615465811134 150.32014154650255 199 205.4987570123137 28032.01860947921 36.809103434432615 27940.03089057897
75 555.8199637376326 50.42285703488542 145.03124780058778 193 195.45410483547323 27776.767933248964 93.87896972887017 27632.466106485208
22 120.8698162463058 55.19619363332404 151.46780255841574 203 206.66399619173978 28262.733778246984 59.31256922203603 28148.22501539162
78 643.5337912319058 55.363342504647115 141.97134412419217 193 197.33468662883928 27762.663480174164 4.218678844917804 27703.081458824592
146 1382.6500341658154 46.95279083630172 140.70283407474176 185 187.65562491104347 27027.992294157895 0.0 26981.03950332159
186 1696.9403413872124 47.84556119387763 135.43385155250414 183 183.2794127463818 26794.91489622958 0.13898316429708757 26746.930351871404
140 1321.7469887783432 54.99391056085713 137.05354430440858 187 192.0474548652657 27234.645366926605 0.47102321218903853 27179.18043315356
62 468.89247361052725 56.29167112657255 144.71263781636483 197 201.0043089429374 28117.61021931038 18.31024420166409 28043.008303982133
126 1165.160459606424 54.449502434106414 139.28054770482672 189 193.7300501389331 27439.52247036463 1.2882704688142894 27383.784697461713
53 411.5095596556217 54.34980563045087 153.19042610578086 199 207.5402317362317 28250.23949655172 22.41629536643933 28173.473395554818
91 750.3153863482248 54.94884523570396 145.14630108311368 195 200.09514631881763 28015.185438079836 25.10928090949085 27935.12731193464
142 1342.024027857885 56.379287950143784 140.6973466294501 189 197.07663457959387 27433.36793148827 5.927769941903534 27371.060873596223
199 1829.7135735855552 50.49682932954263 137.35904329674239 185 187.85587262628502 26953.604905995995 0.0 26903.108076666464
174 1613.5201916290857 56.013103256318104 138.44255303084046 187 194.45565628715858 27199.414610931904 0.1539746717221533 27143.24753300387
109 989.3319428144384 52.39408459535565 144.74871795260924 193 197.1428025479649 27838.39698949518 0.8106248359467827 27785.19228006389
110 994.0195666339017 53.17642735477657 147.29873865475167 193 200.47516600952824 27835.439594260104 0.0 27782.26316690534
51 401.4512106694593 55.899259668557576 147.18288245115207 201 203.08214211970966 28462.696609287937 30.585129847967494 28376.21221977141
121 1076.1114365377625 53.96474229372488 147.85464110998234 193 201.81938340370723 27838.526157588778 0.0 27784.56141529504
197 1814.044229283897 54.66751277902672 136.5650134609187 187 191.23252623994546 27149.403333366936 0.0 27094.735820587903
175 1621.7317486211782 55.20990803524038 143.57016600765343 189 198.78007404289372 27387.563479960507 0.007537837927884539 27332.34603408734
183 1680.769705387774 54.81777501350681 140.87010347403526 189 195.68787848754215 27373.304222965897 0.0 27318.486447952382
26 147.00972498246242 52.56685677239217 158.83363554450398 209 211.40049231689613 28909.988646731355 60.22986519344937 28797.191924765506
97 861.0988327120252 54.693716274315676 144.0637944853078 197 198.7575107596235 28216.62744161763 0.0 28161.93372534332
166 1527.4063639028589 52.07207535465166 142.08468195329652 191 194.15675730794817 27595.628628432598 18.40796005390507 27525.148593024034
111 998.2173977648936 55.23003635813073 147.43445671140995 197 202.66449306954067 28198.970859907553 0.3873863182534478 28143.35343723116
24 131.32352654043896 62.55150510326139 158.8854823550675 211 221.4369874583289 29085.15531130399 90.13126809096883 28932.47253810976
31 205.29259253294381 56.28389364281089 155.23625873144232 209 211.5201523742532 29039.523167647105 70.61365234184075 28912.62562166245
159 1462.2661851526143 52.44420695490914 150.34935914128116 193 202.79356609619032 27794.944323801916 0.21626620204210667 27742.283850644955
137 1300.6783335259552 55.52584074674707 145.7371357686578 195 201.2629765154049 28005.355231705136 17.44307918905838 27932.38631176933
41 264.9066847909961 59.78846085917993 159.8984909306572 209 219.6869517898371 29058.288984371116 39.540667009698836 28958.95985650224
42 266.6389285590151 55.770945307308715 153.31819545164853 209 209.08914075895729 29062.927051608876 57.64527655453122 28949.510829747036
205 1890.6164633248331 52.2826379125702 142.75848725979452 191 195.04112517236473 27474.364986530883 0.11660140412845976 27421.9657472142
156 1418.5268353685112 52.3095670005475 150.34937118032644 195 202.65893818087392 27966.34733793805 0.4991274589644945 27913.53864347854
160 1465.748817152649 55.5872751496461 146.65866175148327 195 202.24593690112937 27960.13933939564 0.6302600036078729 27903.921804242385
189 1713.9962353139802 55.365167909790905 147.01066110543343 193 202.37582901522433 27718.789366289362 0.10800919307757795 27663.3161891865
122 1120.9300933465129 56.08842988745708 151.86733295861538 199 207.95576284607245 28348.525814001372 1.3813169694335556 28291.05606714448
55 435.31606459801645 59.029104855669246 156.55615473610365 207 215.5852595917729 29035.76250920989 58.41667145870508 28918.316732895506
171 1582.6587398898153 58.255924277658494 149.55239508759834 195 207.80831936525686 27917.96320708703 0.10974348920944976 27859.597539320173
157 1419.9458226818915 51.47885976505033 144.4961205424485 197 195.97498030749887 28132.822706526626 0.6385387973534762 28080.705307964217
81 665.1135372082936 61.098545376691824 153.06890596085745 205 214.16745133754927 28911.654036301366 13.937609867727929 28836.617881056955
47 320.8722424057294 59.568410600227246 155.29823075921536 211 214.86664135944258 29256.621895724893 18.80815972603523 29178.24532539864
134 1251.3071027024398 50.69656075671018 153.5517966286888 199 204.248357385399 28338.199272210564 0.0 28287.50271145385
162 1505.2713306504988 52.45322503583782 148.4006977869031 197 200.8539228227409 28094.52112048488 0.0 28042.067895449043
38 243.55858806349278 61.845764064698045 159.22797791380924 213 221.07374197850726 29372.155302739127 98.65240782415546 29211.657130850275
90 728.0155543191561 57.02490187322108 148.0574520335287 205 205.08235390674977 28892.329186140698 23.552697736614164 28811.75158653086
77 585.0892922958317 59.84283203890894 156.11685352612275 207 215.9596855650317 29050.72241235631 37.895111332932174 28952.984468984465
172 1586.6515169713202 50.53272185939218 144.43687691141756 197 194.96959877080974 28064.442965571743 0.0 28013.91024371235
202 1846.8021864874916 54.387217914871506 148.29898392571712 195 202.68620184058864 27804.966381426853 0.580533715540696 27749.99862979643
173 1600.5152286970037 48.132916592341836 151.15907047342674 197 199.29198706576855 28062.326146608262 0.0 28014.193230015917
67 491.6976894895481 53.50882774681547 161.7389276578099 209 215.24775540462537 29182.95612187821 22.846211306858095 29106.601082824538
82 666.0361055290937 55.71319477772883 158.43177783825587 207 214.14497261598473 29020.730099851888 11.939348023636171 28953.07755705051
153 1415.7554040021685 55.57348168612601 152.5439948310737 199 208.11747651719975 28276.38515320622 0.07117260178642937 28220.74049891831
135 1280.581000594118 53.49173613668189 146.44557142870303 201 199.9373075653849 28460.586950178833 0.0 28407.095214042136
102 933.8122951816944 56.92980532071917 154.21660715906893 205 211.14641247978813 28822.37110574337 17.765427494160804 28747.675872928496
8 43.14206082670481 62.817706923839005 170.32575398068823 223 233.14346090452722 29718.322636401506 78.94970646122323 29576.555223016443
144 1370.0952968461652 58.9749160051457 152.41337908506122 201 211.38829509020695 28422.52044979977 0.0 28363.54553379462
149 1389.7749027383209 54.02671788569975 151.15211843444965 201 205.17883632014937 28416.346947605274 0.5487609892466025 28361.771468730316
115 1007.121175369465 54.193022943922855 151.57629940924195 205 205.7693223531648 28810.146734310627 9.791833958992584 28746.161877407725
21 116.9961932634699 62.53236133638699 166.86542643985044 221 229.39778777623746 29776.503883608933 68.67715915038112 29645.294363122157
92 758.663126024567 53.06410953361029 159.26474002028158 209 212.32884955389187 29141.775766633396 19.91702085555994 29068.79463624423
125 1159.6143404300021 52.559791336637375 152.93398195556924 205 205.4937732922066 28754.626283899273 0.0 28702.06649256263
147 1384.0267221510705 58.788054387434926 149.91188801919174 203 208.69994240662663 28541.60999450213 0.0 28482.82194011469
131 1210.0031657188813 55.60333524820808 153.40479719854068 205 209.0081324467488 28741.117187986936 0.0 28685.513852738728
46 305.6965786102055 58.4142511015861 160.450559814142 217 218.8648109157281 29649.046291922747 38.73484354490097 29551.897197276267
54 424.65675526423934 57.018499068299775 160.63705443990526 215 217.65555350820506 29546.12587799997 13.517678649113634 29475.589700282566
132 1244.5642407902228 60.411756045397205 148.1084955155291 205 208.52025156092628 28731.08291041436 0.0 28670.671154368974
98 884.8810043927805 55.642604548811036 155.14721901506556 209 210.7898235638766 29093.694172575833 0.4555931074836508 29037.595974919554
59 461.04916886573557 60.63548503693899 156.71816476134882 215 217.3536497982878 29553.674401299755 46.482770799207515 29446.556145463604
196 1805.7884305832506 58.2680313628212 150.91605379313418 201 209.18408515595542 28213.04509376185 0.0 28154.77706239903
12 63.649352217355656 61.12145912501436 168.83316506074573 225 229.9546241857601 29959.916216439837 102.0865813799714 29796.70817593485
105 963.8763539318558 60.42206524652319 153.54012453446217 209 213.96218978098534 29064.67849942041 1.4872623148957018 29002.769171858992
114 1006.3356679377072 61.530923854180365 160.08726539373143 209 221.6181892479118 29059.90100585443 12.89961951950795 28985.47046248073
52 408.371129960719 56.096208275174234 161.40932556778714 217 217.50553384296137 29659.640990352404 24.179849477846062 29579.36493259938
158 1430.8367857979488 53.7642602111609 157.39434614507414 205 211.15860635623503 28640.181573604947 0.12232040174330905 28586.29499299204
120 1071.0109465466476 60.76530899999236 155.20499600564654 209 215.9703050056389 29025.87601913313 0.32000970747935753 28964.79070042566
164 1511.8718462293812 60.05893864561695 153.06723227245863 205 213.1261709180756 28591.15426965233 0.0 28531.095331006698
13 71.14322543965154 63.63608664373134 172.61788523253924 227 236.2539718762706 30040.93553932241 77.56044312577471 29899.739009552915
178 1653.85815621672 60.05257713820496 151.1043849833472 205 211.15696212155214 28508.640634604733 0.35630364853750507 28448.231753817967
184 1686.3267029262004 54.17306980985252 150.04861429370268 205 204.22168410355522 28486.294208160532 0.0 28432.121138350678
56 439.2111502817833 65.16852182188283 163.72632796776603 219 228.89484978964882 29770.075636021164 71.16945332374479 29633.737660875537
103 961.0360947373875 59.38139314274832 159.01794057536205 213 218.3993337181104 29254.7616248706 5.648548786526135 29189.73168294133
104 963.4398174277147 61.274188775306335 159.8458484246173 213 221.12003719992362 29256.394352705476 1.0855518432471172 29194.034612086918
45 276.6904429369203 63.764482626136626 163.40527674435234 223 227.16975937048892 29951.25417125962 43.55232689224596 29843.937361741242
130 1205.5777495191908 60.42785353598937 155.71267101181084 211 216.14052454780023 29051.26823787535 0.2510724672063134 28990.58931187214
117 1037.3514375257885 61.8250202856829 158.85244162535687 213 220.67746191103979 29231.241439671845 0.0 29169.41641938616
85 695.1305136721409 60.76518590414147 155.53087585740738 217 216.29606176154886 29585.00246164244 19.628626394211665 29504.608649344085
101 913.8125415106142 58.69146454651049 159.79839277398108 215 218.48985732049155 29383.4829830698 61.8613044274158 29262.930214095864
57 442.1984275836541 62.712965943946585 167.32013743262132 221 230.03310337656796 29858.743055335526 65.23431753993441 29730.79577185165
60 462.4598893618249 59.9937757413683 168.47550987185753 221 228.46928561322582 29848.362774885267 31.171093055580798 29757.19790608832
48 378.49626490162007 60.787998831607055 169.01204617955221 223 229.80004501115923 29951.254103669275 30.444683907265812 29860.021420930385
129 1202.2166650735624 52.5173820085185 156.38918739895155 213 208.90656940747004 29136.355789443558 0.03932660733789817 29083.799080827706
80 660.460771753225 55.8308744804335 156.79768323247362 219 212.62855771290708 29679.564096267142 21.318899694186825 29602.414322092514
180 1661.9158405053688 58.93850936059474 154.90279306500202 209 213.84130242559678 28681.403775273087 0.4887528761585145 28621.976513036334
181 1670.4867842377407 55.823399386350715 161.6566270503107 209 217.4800264366614 28673.343667014495 0.0 28617.520267628144
163 1509.9185922348126 59.5299924413486 158.66825470715855 211 218.19824714850716 28859.060240740342 0.0 28799.530248298997
138 1304.836238968289 53.57573599123004 154.66018104282082 213 208.23591703405083 29071.0678390954 61.4347239068004 28956.057379197366
148 1389.3688116451635 57.02792432499716 160.9820686666072 213 218.0099929916044 29012.745741660296 0.0 28955.71781733528
152 1408.6151598323447 63.71481143009336 159.34461950563414 213 223.0594309357275 29001.421444649164 0.0 28937.706633219062
71 520.9795425584367 64.86351623042337 171.24213685446998 223 236.10565308489333 29891.187557502093 33.00810922743119 29793.31593204425
179 1658.6503436104142 56.6770773903456 155.24116797961221 211 211.91824536995784 28755.39174354933 0.0 28698.714666158994
87 700.3497079303587 66.40057769838145 164.88132774182586 221 231.2819054402073 29730.03513609524 4.225335494341266 29659.40922290252
191 1750.6590856016794 56.3411805672539 155.7933982058357 211 212.13457877308957 28687.86090084993 0.0 28631.51972028268
69 497.2419684348211 58.76537393374429 163.48905471647586 225 222.25442865022018 29977.36454783592 49.07940894185066 29869.519764960325
34 234.63522651406248 67.72141372602216 172.39603251785678 231 240.11744624387893 30258.04363358254 43.41969270788664 30146.90252714864
113 1005.9231717854714 62.5818705967884 165.44158683756123 221 228.0234574343497 29525.20943401517 9.73569927084975 29452.89186414752
139 1312.2212507591794 60.06429267591939 165.62991806210857 219 225.69421073802798 29242.733909609764 29.087809006813586 29153.581807927007
64 479.9097442645542 66.44397706466455 175.87119970933654 229 242.3151767740011 30089.580551139898 34.62469123801611 29988.511882837214
188 1701.3068459386566 57.29307545328934 161.06154901969433 217 218.3546244729837 28891.80336988735 0.2982369029127767 28834.212057531156
37 243.37315973039304 69.89653884469367 180.2012870784874 235 250.09782592318103 30352.09111691735 36.43557534148678 30245.759002731178
141 1334.2385953681821 60.974230184664584 164.56901704875966 221 225.54324723342432 29272.99562671208 9.014939569725357 29203.00645695769
39 249.5083214984587 66.54520727724669 177.82215285292034 237 244.36736013016707 30403.474285232674 63.19492582811819 30273.73415212731
169 1559.6651488508846 59.177062012242146 168.48176365973188 221 227.65882567197406 29097.116082804598 0.0 29037.93902079234
201 1843.26417076659 63.354413640294155 163.81391029026068 219 227.16832393055483 28818.46037470062 0.0 28755.105961060337
29 191.13194756752623 63.054467478747256 179.6163001359503 239 242.67076761469758 30487.994714097404 79.21720909532573 30345.723037523345
200 1840.4607578586692 58.03483763125203 166.6092279393324 221 224.64406557058442 28862.159950702375 0.0 28804.12511307114
84 673.7634219991436 59.36786327470387 171.46024718528884 233 230.8281104599927 30043.541144684987 1.5555408527093277 29982.61774055757
88 706.4737614078033 66.47462626583697 171.13101003153767 233 237.60563629737462 30022.48118893151 1.0480578474832782 29954.95850481818
127 1175.402054289115 60.676798267036716 169.38560499726862 229 230.06240326430532 29572.044982677748 0.010713054956795531 29511.357471355765
128 1178.4453258547794 62.88327939553217 172.46305648575498 229 235.34633588128713 29571.9971659076 0.3194712799027002 29508.79441523216
112 1002.7903490757496 62.40244088958221 175.59302254187924 231 237.99546343146147 29752.00060026735 0.0 29689.598159377772
118 1038.1537408247532 67.2080760472966 169.40592379697406 231 236.61399984427064 29719.734009410728 0.0479949516875422 29652.477938411743
187 1698.9376752962671 63.12058545468919 166.55442304320428 225 229.67500849789346 29063.41400577128 0.031711730172673924 29000.2617085864
108 984.0525046753235 63.37458439861221 174.0430449813578 233 237.41762937996998 29798.644640561128 0.0 29735.27005616252
193 1753.946751691814 67.01189102888449 167.39564428246385 227 234.40753531134834 29041.59498427598 0.3444733499661652 28974.23861989713
194 1772.1021026191213 66.92556197679967 169.08834389820342 227 236.0139058750031 29024.994787582687 28.845700681614062 28929.22352492427
203 1852.3854912218947 68.96216675362074 168.60783077662006 227 237.5699975302408 28952.043133896856 0.0 28883.08096714323
206 1890.8141405361187 63.19547256132764 168.15951385757998 227 231.3549864189076 28919.806702321723 0.3109710269034167 28856.30025873349
95 845.9104588506822 64.43011777977738 177.17561918167317 237 241.6057369614506 29966.402550774023 0.9145832134269085 29901.057849780806
133 1248.0332802284436 65.57801180484893 177.677542711297 233 243.25555451614593 29568.821710680833 0.0 29503.24369887598
190 1736.2982050098653 58.85197777727696 167.48956202598944 229 226.34153980326641 29082.860357598536 0.29209853136626407 29023.71628128989
100 898.5652911377183 63.243971046011644 175.52436204019145 237 238.76833308620306 29922.4110916824 0.0 29859.16712063639
165 1518.2989749843568 65.69602183298075 174.67281436159203 231 240.3688361945728 29303.03590494477 36.53190118745738 29200.807981924325
150 1391.6350812328142 62.0822031528573 174.46935467445564 233 236.55155782731293 29439.47184835704 0.2677401806706712 29377.121905023516
61 464.40929112017005 66.84404639433863 185.7464199387928 249 252.59046633313147 30393.957082908448 46.956535459842144 30280.15650105426
185 1691.3863978743575 65.56431953103849 176.68260482364 237 242.24692435467844 29173.35486351515 0.44056152321331865 29107.349982460903
145 1379.1242468671317 63.9601913122218 180.37481893050136 241 244.33501024272317 29493.38500319126 0.0 29429.424811879046
73 536.617680477931 68.41662888616521 183.88759040311436 251 252.30421928927956 30336.931124762243 7.6843797944051175 30260.830116081677
124 1150.886403673237 67.47870818075107 187.46720054087146 245 254.94590872162246 29726.74424337597 3.531991413139167 29655.733543782095
167 1542.5238889941236 68.18016383776225 184.26990865869965 243 252.4500724964619 29338.481359140627 0.0 29270.301195302884
204 1855.3878463609765 73.04338135810224 198.0756413037189 265 271.11902266182113 29049.4813043405 0.0 28976.437922982397
