# Cpu scheduler: sjf
# Quantum: None
pid arrival_time cpu_bursts_time io_bursts_time nbursts bursts_time tat ready_wait_time io_wait_time
100 22.336203019706954 63.72261031307674 43.03366637575025 7 106.75627668882699 212.2542298770603 59.979080464461944 88.55253909952158
104 80.2328081185628 55.180453121796916 52.378949184747746 7 107.55940230654467 265.62781170851287 45.04952049448053 165.39783809223545
102 57.33691183135709 116.63121454170067 104.3043627971139 15 220.93557733881457 751.6859399349928 106.46199399086757 528.5927314024245
101 29.635070133227387 135.53428206388122 106.11278601514444 15 241.64706807902567 823.9024525349876 134.79484152768043 553.5733289434261
103 78.98813319941712 145.11638962683492 132.82564643409492 19 277.9420360609298 1137.9776886733848 76.33403928037421 916.5272597661757
7 101.83163345906308 51.22420133730431 120.97599268992994 165 172.20019402723426 11888.079264611555 82.726991540842 11754.12807173341
25 249.15201450400448 45.16230586530832 122.65952397999075 165 167.82182984529908 12055.590778987855 60.657703525452035 11949.770769597097
11 125.0169440549833 48.19610022804784 126.97406588690178 169 175.1701661149496 12280.42041945302 80.58100716275601 12151.64331206221
36 404.1469192597005 44.93818060101422 115.94519998096185 163 160.88338058197607 12055.667842829027 69.77961643626463 11940.950045791751
73 739.7839239073331 45.18581146403264 119.39738800592653 159 164.58319946995914 11869.354222522239 23.707164200374564 11800.46124685783
32 370.3960332625944 45.85674082756079 123.51077199945104 167 169.36751282701184 12316.745538479076 23.624869467542908 12247.263928183975
5 49.01692093989807 48.33810712087509 133.508746949432 181 181.84685407030707 12878.332857371315 50.64918863763488 12779.345561612803
8 115.80612318104562 50.21900672109003 137.19835913126008 179 187.4173658523501 12940.14787344531 58.96235414251119 12830.966512581708
6 76.27779907747271 49.80583776561236 132.58510641418098 181 182.39094417979337 13027.910453188435 100.88993336100663 12877.214682061813
49 579.6365769108294 49.24723471045333 125.21272600112547 169 174.45996071157884 12576.83454327904 33.66116041745056 12493.926148151133
13 151.9219555422584 56.09815964388563 134.18361592314955 179 190.28177556703517 13033.194971048453 79.95083450769295 12897.14597689688
50 585.672910318199 48.44834573410876 128.75600253746762 171 177.2043482715764 12701.72517982252 45.64216966252104 12607.634664425887
0 22.336203019706954 53.32240633516092 138.79239785224172 191 192.11480418740263 13302.739628000643 53.510324466405564 13195.906897199076
94 915.9660056397444 45.5421705133012 126.94465307062418 167 172.4868235839254 12412.37558307953 0.0 12366.833412566222
40 432.5778098076844 46.327501735783976 130.36667596179223 177 176.6941776975762 13040.567078851298 0.6835896243670732 12993.555987491145
41 461.07212290044873 46.9431294056195 132.21551356816462 177 179.15864297378408 13065.439938041958 16.120818918343105 13002.375989717997
85 823.9357881662401 44.450673470323736 127.94777073754598 171 172.39844420786972 12704.115149324953 0.0 12659.664475854635
64 693.633036620462 53.534118552967826 129.40332522147142 173 182.93744377443923 12848.08710405466 18.85402921852642 12775.698956283171
18 186.7949672789643 50.69679434649511 133.59483631886638 185 184.2916306653615 13439.72996415295 69.63493036938331 13319.398239437072
58 661.3586858833803 44.902403112105816 126.55986838143589 175 171.4622714935417 12976.929629912756 16.187757253015207 12915.839469547633
14 153.86291307506266 55.60906493234568 142.36704202696174 187 197.97610695930746 13520.692884967179 78.05058315081064 13387.033236884025
2 35.10051771117574 54.938362878375 142.80282500949897 195 197.741187887874 13676.044816509262 59.627168532588094 13561.4792850983
38 413.4055865471166 51.14341676918526 143.33258864253378 183 194.47600541171906 13390.731498763855 35.89589461242957 13303.692187382248
97 932.6421815942871 53.56554781111754 130.90846845952296 175 184.47401627064048 12912.277041369134 0.0 12858.711493558012
42 468.51542683642396 52.4036967007655 140.01112573928827 183 192.4148224400538 13417.944250498214 16.718106122585823 13348.822447674864
34 389.34576402440143 55.21243116109034 135.87142675500536 185 191.08385791609572 13510.652044356184 61.44083184293146 13393.998781352162
17 172.89875219078357 53.367066892538205 142.68586189658095 191 196.05292878911916 13777.76897073883 32.76527382471647 13691.636630021574
99 937.3283326984446 47.443760517655136 132.73642062783617 177 180.18018114549128 13027.559508177788 0.0 12980.11574766012
78 778.7850766679024 49.60079948559353 132.68590114877276 179 182.2867006343663 13195.400519375376 0.0 13145.799719889783
33 376.0810127529427 53.83763320361127 140.24163506825454 187 194.07926827186583 13616.411722548557 34.8594443890284 13527.714644955922
30 352.562733915934 48.967088127028774 141.64386222483938 189 190.6109503518681 13702.604858191768 0.7394471050627658 13652.898322959678
93 913.1588897736906 49.11474701053674 134.28649692336182 179 183.40124393389857 13143.404618131397 0.0 13094.289871120862
86 829.1932375748846 48.02143693788788 136.7380902849426 181 184.7595272228304 13285.07095956164 0.0 13237.04952262375
71 736.9668710832784 50.72581883551883 136.8094955811287 183 187.53531441664757 13423.189245003265 21.737630139557723 13350.725796028191
74 744.2044217492946 48.66871765623605 137.4428463246226 183 186.11156398085868 13417.840979058772 1.9161414056965214 13367.256119996842
54 640.8234774945171 51.383680834625295 138.49557745038814 185 189.87925828501346 13540.216884064237 0.19954957720108268 13488.633653652412
59 662.6459520097892 49.93058586372859 137.20470093283447 185 187.13528679656304 13549.316283773069 23.655107387878957 13475.730590521458
45 492.58033466433716 50.84352047446423 142.48094597488773 189 193.32446644935195 13735.565301117145 19.772717899359577 13664.949062743326
28 314.00123493784577 52.31708257251266 149.40362477763966 193 201.72070735015234 13944.197204450324 19.354702162973012 13872.525419714832
22 211.8508351892572 55.34930151872478 147.62396826584023 195 202.97326978456505 14063.806479241364 44.32984231905559 13964.127335403595
43 469.27191647743877 54.47689179677438 144.20203211488834 191 198.6789239116627 13838.734176190846 17.120886398177277 13767.136397995897
10 118.67453551447596 52.02253018701143 149.85997403824172 201 201.88250422525317 14237.718729140159 48.218024699590785 14137.47817425355
76 764.5308673053365 48.42304169005784 138.61698672105194 187 187.0400284111098 13604.181692324375 0.0 13555.75865063431
56 653.2504096013835 54.06034036391199 142.4334272387912 191 196.4937676027032 13812.926634212296 0.0 13758.866293848381
4 41.82179104629539 54.86903011397093 160.2203555980333 209 215.08938571200423 14457.787336972919 93.07627603827028 14309.842030820677
48 539.1524313241297 50.39467361208371 143.8760012230413 195 194.27067483512502 14007.591901493657 0.412824703048841 13956.784403178524
20 192.5787581512944 54.14330550154014 155.38263390019935 203 209.52593940173946 14363.304173511042 56.40107666425703 14252.759791345248
72 738.9427150675241 54.57533056217667 151.0344232822893 193 205.60975384446598 13858.343397010234 34.232917757880614 13769.535148690173
31 353.4527494204061 53.94504608326763 149.99645189962834 201 203.94149798289595 14260.61363318257 1.3212201834249981 14205.347366915883
80 782.4664437731553 53.62438224192112 146.69570339496755 193 200.32008563688865 13849.873183779926 0.0 13796.248801538006
55 641.4427364843118 52.54077025726113 145.98713713335272 197 198.52790739061385 14055.826454072561 0.5472219541534287 14002.73846186114
98 935.6213041916913 56.676486258174045 143.684550861749 193 200.36103711992308 13764.623345948048 0.0 13707.946859689873
82 799.6477749583214 50.05273769817855 145.07167033665274 197 195.12440803483128 13987.432785421785 11.055429679473264 13926.324618044133
66 703.7866964991028 52.7534322210444 146.56972282326836 199 199.32315504431273 14115.089642348294 13.566126246698559 14048.770083880554
3 41.271176311035745 60.097712052915455 164.74602437569584 217 224.8437364286113 14791.105895118822 94.2939173628294 14636.71426570308
77 771.9646330298132 54.38622275199904 151.42432955232883 199 205.81055230432787 14075.225010413878 0.051609400479037504 14020.787178261397
62 677.8749963979353 57.30376273054006 143.78973187804687 201 201.09349460858695 14190.32815933262 3.4322221129715444 14129.592174489106
23 228.20312012267289 64.25231238458545 161.12518516455404 211 225.3774975491395 14646.883023897995 43.63712168972191 14538.993589823696
69 720.3717783053513 54.28931489252208 148.255365381642 201 202.54468027416408 14171.04159549037 0.0 14116.75228059784
15 155.27160973662467 56.13627574665059 158.82832040912447 213 214.96459615577504 14748.33673798645 57.177575279391135 14635.02288696041
47 526.6203798572083 58.703376195201415 152.50911326923043 205 211.21248946443183 14386.686434646352 0.7131058296229185 14327.269952621524
96 919.5854091582272 53.40513141336321 146.9781607171043 201 200.38329213046745 14049.014835604468 0.0 13995.609704191102
81 791.9089012687548 57.296511247009256 154.5129917366114 203 211.8095029836207 14187.9503514934 0.0 14130.653840246387
12 129.2180897846485 60.6822671830553 166.63078222795264 217 227.31304941100797 14851.886326024714 68.3847574880532 14722.81930135361
26 262.6061982283876 56.83079312205179 160.37594446644013 213 217.20673758849193 14729.246768848992 45.40768497264452 14627.008290754296
46 511.3615623072865 57.997407844459836 158.13292651663073 213 216.1303343610906 14605.64431930425 19.88327271037076 14527.763638749424
9 118.47840335250393 63.00249895536198 168.8480222637291 223 231.85052121909112 15010.948224894237 42.68052318840664 14905.265202750468
29 328.7408730961134 58.80683517376154 163.67464087854435 217 222.48147605230588 14804.040128877223 12.472739353577367 14732.760554349881
67 708.0215618210129 61.31345704927094 161.1893727407824 211 222.50282979005334 14446.551737801277 3.050813918528661 14382.187466833477
44 486.48860901289856 58.338937829042834 159.18298231334697 215 217.52192014238983 14670.040139791208 33.661481463361724 14578.039720498806
65 694.9705697550568 60.385740787611134 153.67065624714084 211 214.056397034752 14462.502322525683 30.952357141176776 14371.164224596898
39 419.00544990379507 56.69936302801535 161.8616651733828 217 218.56102820139813 14752.248687699996 30.919967501085296 14664.629357170892
16 172.71803397283864 60.398110979855545 170.34623688624225 223 230.74434786609783 15000.593552649045 42.13806622905557 14898.05737544014
83 809.9687149990377 59.24122164651918 156.01390506523546 211 215.25512671175468 14376.58424542368 0.08386528744210864 14317.259158489715
37 406.7489675895768 60.051582238746526 164.56804050715468 219 224.61962274590115 14807.408321683495 61.232586813274054 14686.124152631477
53 629.3026836451437 60.14382220875936 157.17572255089183 215 217.3195447596512 14589.751514827281 0.34481765712746437 14529.262874961398
60 665.5084286329246 61.43003412744156 163.01899633275653 215 224.44903046019806 14563.932477574597 13.350485036876535 14489.151958410273
87 829.2685820290155 58.2575455046906 160.99976000666587 213 219.25730551135646 14406.790689254689 0.27490004721676087 14348.258243702783
24 228.66945809804255 66.52121566654974 173.08843902411817 225 239.60965469066792 15009.966978413211 45.044286420811005 14898.401476325853
75 756.6175175813515 61.347345725111076 163.23198340694756 215 224.5793291320587 14502.36391153773 0.6987116241446074 14440.317854188472
35 403.78359473755904 64.30470383195869 168.2516352419546 221 232.55633907391325 14856.49467451481 31.615791815599835 14760.574178867255
27 271.5728491710973 58.20069618743646 174.12937489419923 227 232.3300710816357 15026.929292876415 49.70739619162168 14919.021200497362
1 24.7610426026046 67.01277220511281 184.64714566399113 239 251.65991786910394 15297.840535780806 96.8846936133348 15133.943069962359
84 812.1492191687985 57.36680910793963 159.48519859009392 219 216.8520076980335 14512.729596057252 0.6027437605952173 14454.760043188724
70 721.6179829183426 60.01572570125738 159.14042136163783 221 219.15614706289526 14616.36307203552 0.0 14556.347346334262
91 885.6603337027241 60.18074014558377 164.68202320102796 219 224.86276334661173 14455.01403906318 39.11047000472183 14355.722828912882
61 670.4506861228202 61.88428032841163 169.33424922704302 223 231.21852955545467 14677.991390429763 10.230797562141333 14605.876312539212
89 853.1155266346151 60.18045770118251 160.8921712512956 221 221.07262895247808 14503.194769760736 6.510300183133381 14436.504011876415
52 616.3729565439879 63.52463188064389 170.5710637994813 225 234.09569568012517 14745.641647633993 35.68935630979797 14646.427659443554
88 846.9769849535235 61.12015775184135 164.15134433133176 223 225.2715020831731 14527.749500115158 14.73888795027733 14451.890454413035
68 716.8772530234037 63.42373698151335 167.57783003276634 229 231.00156701427966 14688.989699329 0.3059522107696466 14625.26001013671
19 187.67741485210732 67.18986439890506 175.15687044171486 241 242.3467348406199 15224.1699401274 63.778089678801024 15093.201986049695
51 605.589785688368 64.53194514601022 171.63006717153658 233 236.16201231754678 14808.41401502593 3.420425537275719 14740.461644342642
90 857.2759945373214 58.20287483665437 174.65574854397818 231 232.85862338063254 14571.963863807143 0.5065091942373101 14513.254479776242
92 885.7149413614083 66.08198237617829 168.0087067050617 231 234.09068908124001 14546.063418397129 32.81378460483518 14447.167651416114
79 780.2250886937969 63.164521130062155 170.695130983789 233 233.85965211385115 14657.087640196858 0.0 14593.923119066803
57 656.1738791649916 68.83604040730299 177.4045874935628 239 246.24062790086583 14793.611498376005 0.0 14724.775457968706
21 211.06391311949508 67.73346964956804 185.79306018984468 249 253.52652983941272 15240.80963791537 72.52534435570269 15100.550823910107
95 917.3498907716113 66.9122992821512 177.35825178411875 237 244.27055106626995 14536.074986281514 0.2715457143351614 14468.891141285028
63 692.1680692556906 65.3178788749842 176.77181762212857 245 242.08969649711275 14765.611369595448 21.81432320763747 14678.479167512825
