# Cpu scheduler: sjf
# Quantum: None
pid arrival_time cpu_bursts_time io_bursts_time nbursts bursts_time tat ready_wait_time io_wait_time
5 51.179204856162634 56.392826176249486 44.43170762843904 7 100.82453380468854 300.3787575648498 139.08282575941428 104.9031056291861
1 25.146531026727125 65.89684692368121 39.669406165823844 7 105.56625308950505 346.96479614766116 158.6351469351713 122.43280228880866
3 43.26696554446711 85.50313714528858 59.96433080988918 11 145.46746795517777 343.9849878741153 58.38631110666838 200.09553962215833
7 64.25011909614493 85.17563079788562 81.66281437268182 11 166.83844517056744 428.59621268070623 97.71657074415445 245.70401113866617
8 73.14349408102426 106.62921443984018 89.63278334531658 13 196.26199778515672 529.8545037886819 121.30342388320315 301.92186546563846
38 461.72757563639584 46.26655017585791 113.76843865855842 157 160.0349888344163 11256.823748685214 2.663683677921142 11207.893514831434
16 182.46712234172205 43.66622741644613 126.96723172633985 165 170.63345914278597 11549.37431019438 43.19996345383669 11462.508119324095
2 40.038296740185714 48.474182964034426 129.68479864266448 181 178.1589816066989 12188.118292597941 61.667355771588994 12077.976753862318
32 414.1421196436465 42.5795236317796 122.14222329891965 165 164.72174693069923 11821.273153166758 23.851748242088547 11754.841881292894
35 445.2499988021657 43.07774687304866 123.69490388630705 167 166.7726507593557 12009.881956276176 29.57211900217027 11937.232090400961
37 459.77344057740277 48.357454158111324 124.19826668746528 167 172.55572084557662 12037.656923505303 7.072202703721246 11982.227266643471
98 1068.668461829265 40.30286148826344 113.56908224922708 157 153.87194373749048 11669.55227923088 0.0 11629.249417742623
22 274.0545181603213 48.56876465601049 131.70248552088245 179 180.27125017689292 12626.460395819113 23.694748175167433 12554.196882987939
14 149.4438978036564 53.15864296395773 134.47911033128304 183 187.63775329524077 12781.696780818002 43.194754851057525 12685.343383002984
23 284.8915242428011 47.71020306002915 131.74143356919853 179 179.45163662922766 12672.127141855784 33.40499518830359 12591.01194360746
68 780.7524013317842 46.20996192763418 124.94637950026346 167 171.15634142789764 12292.401007697308 0.23637526338097814 12245.954670506288
33 414.77961736696403 45.40799508000386 131.77381995683615 177 177.18181503684 12705.743724885173 29.513081384517363 12630.822648420655
4 45.66511811637412 52.851520013732106 143.1141427908799 195 195.965662804612 13311.03418914196 74.22158185918833 13183.961087269034
61 658.5732141439049 42.69043525263094 136.27586723654645 175 178.96630248917745 12752.55685777697 0.1332052838696427 12709.73321724047
20 248.600720641809 51.49932700955677 144.6209149068185 189 196.12024191637525 13302.958633009206 56.465279517346914 13194.994026482298
88 949.0091353735386 53.160116991506115 127.19709221491824 171 180.35720920642433 12607.020236591477 0.0 12553.860119599976
46 550.6207056092978 45.28340219464964 131.87667106642797 181 177.16007326107763 13069.191811919096 0.3196069258441412 13023.588802798598
94 1020.3768360982411 51.73098618391365 132.14304414437 171 183.87403032828368 12614.31978443278 0.0 12562.588798248866
15 174.46926527828464 55.07846379690317 145.19955979142068 193 200.27802358832383 13477.646068058528 52.68874074580026 13369.878863515825
34 425.46443096812436 52.99327112244858 133.80524321138284 185 186.7985143338314 13233.24742357894 6.220780079682754 13174.033372376802
41 511.18341264076054 51.4306730917129 136.45896729445974 183 187.88964038617263 13160.012054470266 0.0 13108.581381378555
10 99.78914102062559 54.87254471650137 142.19181376134122 197 197.0643584778426 13589.109580878056 65.12705898567019 13469.10997717588
42 535.2259858342447 46.74161854578855 139.41272239891475 183 186.1543409447033 13162.861836438233 0.6396978269310694 13115.480520065516
19 236.2189905759256 53.205275560100176 145.18408736105204 193 198.3893629211522 13534.24759051753 20.906755049411856 13460.135559908014
52 598.4339609642867 42.79452380804538 138.2840838222389 185 181.07860763028427 13315.872266766697 5.485781915214261 13267.591961043438
17 193.63250561100963 55.79312120563566 147.43040742867683 197 203.22352863431246 13729.400227049475 49.669231433116295 13623.937874410718
62 675.5545912575482 48.905507470197215 134.08670392869954 183 182.99221139889673 13259.433512997939 0.14946011085919508 13210.378545416881
0 25.146531026727125 54.538340153324725 157.6203817256561 209 212.15872187898086 13948.795443264105 76.83980494725418 13817.417298163531
6 51.60582245076041 55.78973539761888 150.75417605437278 205 206.54391145199168 13954.29656929492 67.74108428193182 13830.765749615366
12 140.72678851314078 53.885638524964094 150.30617020845844 201 204.19180873342253 13874.80524092812 32.70102292536674 13788.218579477783
39 502.38579862525404 50.583141620693155 137.95087823267934 189 188.53401985337246 13514.494316898483 0.0 13463.91117527779
55 616.7392181976719 52.945468251090695 142.77731262733195 187 195.7227808784226 13456.856938619054 0.07189757606738567 13403.839572791901
25 315.2878369994369 53.1462923661841 143.79854957280094 195 196.94484193898504 13759.89341143001 40.987094992993775 13665.760024070833
81 877.9304922084531 51.602170933727294 133.52603874451702 181 185.12820967824433 13206.270194956936 0.14832863017261388 13154.519695393037
29 392.3169533439494 55.22861963748872 147.27909702077727 195 202.50771665826596 13756.286812639473 48.41909288017638 13652.639100121803
26 347.3459270403084 52.82311334293571 142.11594728437817 197 194.93906062731384 13809.632601104004 24.146175771130174 13732.663311989932
80 860.3765334860503 48.383517528719786 133.286034968497 183 181.66955249721678 13309.48126123995 0.0 13261.097743711227
18 208.32370717499288 55.54022700647145 151.87374381482962 201 207.41397082130106 13962.905783503355 29.920012839126684 13877.44554365776
104 1130.965345134173 48.840441408808864 132.02167080744726 179 180.86211221625615 13057.598765230043 0.0 13008.758323821232
85 909.0145873992738 51.90530036802614 133.87910557601458 183 185.7844059440407 13306.359515773976 0.0 13254.454215405942
21 259.30188951283543 55.04293784653279 148.0422127708827 201 203.08515061741548 14002.047965842723 24.067088303747823 13922.937939692443
9 83.52872945376637 56.29873275975072 162.44540823911495 211 218.7441409988657 14267.712518592236 43.37369920056844 14168.040086631914
24 302.66068522585124 56.34449311722758 152.28772092698685 203 208.63221404421444 14078.771803933965 10.252734657575502 14012.174576159161
47 555.6548564163106 56.17755749881618 146.49813192599962 195 202.67568942481583 13829.508271128901 0.9006953163809612 13772.430018313711
84 907.17753233032 48.320444388723466 139.9972647724228 187 188.3177091611463 13484.377149273747 0.0 13436.05670488502
30 400.6908885465275 53.87380061488156 150.99221530078094 201 204.8660159156625 14038.291956895455 15.71652200528257 13968.701634275289
31 413.94875005686134 59.552867831526996 147.8310687329535 201 207.38393656448054 14038.873872383881 21.822504322679322 13957.498500229665
40 508.430111628664 53.433773148732676 151.76451972373332 201 205.19829287246597 14062.391085993391 0.0 14008.95731284466
77 836.9886762737445 51.666823068270354 143.9834447657381 193 195.6502678340085 13747.152814200084 0.2584590989114304 13695.227532032904
44 545.9701356713797 59.474534872256875 149.64049736869254 201 209.11503224094943 14068.850208445125 0.06400940863727556 14009.311664164226
83 905.066670388988 54.45560315781994 145.15954877355188 193 199.6151519313718 13727.716948803713 0.5542756076267779 13672.70707003826
59 645.7164546610326 58.0291549021756 148.0906999858917 199 206.11985488806732 13997.470181234685 0.18084078448566743 13939.260185548028
86 924.5331216542563 55.83900854090871 143.2117237091487 193 199.05073225005742 13720.237758669982 0.10611028453070048 13664.292639844547
76 823.9852779335808 53.95747790062337 143.39285464354148 195 197.35033254416487 13826.534156926713 0.0 13772.576679026091
63 688.4853567615446 52.420955878991656 149.22095760810132 199 201.64191348709295 13996.205154536125 0.4010385213638301 13943.383160135763
27 353.0577269974003 55.38169114066694 155.96912929235174 209 211.35082043301867 14340.207307271867 17.027975421119265 14267.797640710083
45 549.9128904107373 52.96423927548474 148.7574392298013 203 201.72167850528606 14144.194388423546 0.1979753342047843 14091.032173813848
79 849.537190591748 56.49151775022899 148.88397154366504 197 205.37548929389402 13887.830764145328 0.5457242062052501 13830.793522188895
67 776.4453281396542 50.837401534139346 152.4808793909141 199 203.31828092505347 13977.86897688181 0.0 13927.031575347672
28 361.4964985701841 56.196375194398385 155.20336457858483 211 211.3997397729832 14412.331852975425 16.29207121625609 14339.843406564776
74 808.0468934072528 53.02252747607767 152.86415275135036 199 205.88668022742806 13967.683916940432 0.0 13914.66138946436
11 136.08717842615775 63.59257690474434 168.34815251757257 219 231.9407294223169 14654.028572343852 59.051268484418046 14531.384726954688
70 799.1166471032686 57.80499957727324 148.92584147262392 201 206.73084104989712 14025.679092046843 0.0 13967.874092469572
89 951.0744903222959 53.43132486299015 146.42928524553437 199 199.8606101085245 13896.382560441089 0.0 13842.9512355781
99 1080.3344085686588 57.68798510494367 151.2936088849179 197 208.9815939898616 13770.758468116514 0.17947418664380166 13712.891008824921
66 771.3723328622816 55.52640205920633 152.76702482466808 203 208.29342688387442 14091.006793418448 0.0 14035.480391359248
43 543.0473854305785 60.72937530352592 156.39438137416076 209 217.12375667768666 14325.271017527584 0.673725721463029 14263.86791650259
82 894.2145542527691 56.74572459720512 149.8219462133769 201 206.567670810582 13981.3063334359 0.0 13924.560608838696
93 1013.3016690093965 50.517013658673015 146.70892218265635 199 197.22593584132937 13865.372647602135 0.2688231849481326 13814.586810758514
73 802.3883076834175 60.66894749816173 152.5568323007956 203 213.22577979895735 14082.398541833109 0.811520637854187 14020.91807369709
13 141.0943719193759 62.147264273384195 170.14672948875616 223 232.29399376214042 14771.077684216056 58.97222298528439 14649.958196957385
72 802.2299664802757 52.73110466066251 156.23834172724992 205 208.96944638791246 14126.462098953541 0.0 14073.730994292884
65 723.5161005877344 53.040301776353886 160.52356247401335 207 213.5638642503672 14207.907801846948 0.0 14154.867500070592
49 573.6544900965308 63.543282347877685 160.41451422302345 211 223.95779657090114 14364.899242100217 0.0 14301.355959752336
64 707.887455548326 58.182221207445835 158.7656076743395 209 216.9478288817853 14262.404856527179 0.0 14204.22263531973
57 632.4082739642718 56.24570122747216 159.99194748035487 211 216.23764870782705 14338.743818487786 0.07469001229526384 14282.423427248013
48 566.6176512354627 59.95311758230657 157.40885861458645 213 217.36197619689304 14410.533469123264 0.5240241526427099 14350.05632738831
54 612.1174674547283 55.55383407460784 160.9859702494113 213 216.53980432401914 14386.580014319992 0.0 14331.026180245382
36 453.9981187646498 61.60043781392849 161.08039923396575 219 222.68083704789422 14572.000410867895 17.473644109091595 14492.926328944874
69 791.3582268638245 55.146354360805454 155.9985999426655 211 211.14495430347094 14249.593799523462 0.0 14194.447445162656
91 981.5860354265183 57.5276182517317 155.3029062646405 209 212.8305245163722 14083.830444196432 0.0 14026.3028259447
53 605.4267588905354 61.03556338080912 164.47880158189864 219 225.51436496270776 14481.485797677318 1.1044490981834088 14419.345785198317
50 574.6511853614971 60.2331384929611 160.66023307243492 221 220.89337156539602 14531.202488966544 0.0 14470.969350473582
75 808.8177859691592 59.750065390419934 159.1994692789921 217 218.949534669412 14321.359534349953 0.0 14261.609468959532
100 1090.8385842706894 55.39990722958349 158.7925014902019 213 214.1924087197854 14052.175806685365 0.09778672546804046 13996.678112730322
58 636.4405974514943 57.87584715621304 163.19910453367416 223 221.07495168988717 14518.540785047484 1.2270899493197476 14459.437847941948
51 595.8866010888134 63.190007028371454 164.79602671943326 225 227.9860337478047 14563.667862496566 7.111396780892733 14493.36645868731
97 1064.1844996072277 55.59033215046509 161.4577980123607 215 217.04813016282577 14098.370597812835 0.0 14042.780265662379
102 1096.4770763531758 60.811507464613115 163.9004979817288 217 224.7120054463419 14091.206015630498 0.33261301821085 14030.061895147674
56 628.6061289357079 66.33818134608337 176.7466217953266 229 243.08480314140996 14579.97251083915 0.0 14513.634329493063
92 984.018969579528 61.596752992897024 173.8394057519533 223 235.43615874485027 14240.620625688887 0.7183438133750997 14178.305528882614
96 1062.7874454774012 60.51062546284791 164.38410932631518 223 224.89473478916307 14168.034339931875 0.0 14107.52371446902
90 963.5773634634194 59.43895157108063 168.53159243051334 225 227.97054400159396 14271.783469663551 0.04046591931103194 14212.304052173158
95 1052.214453232215 62.66270894667176 171.08485919486694 227 233.7475681415387 14199.469862252201 0.1207811796250553 14136.6863721259
71 800.5938198071822 60.82718312565485 176.7679088541744 235 237.5950919798293 14466.81511392044 0.0 14405.98793079479
60 652.0660478457097 63.095585209868446 184.85475237566268 239 247.95033758553112 14616.823226855186 0.0 14553.72764164532
103 1112.1384771965736 65.23019738121427 172.92586927585782 231 238.15606665707207 14163.301733678092 0.19082563195433977 14097.880710664927
87 946.1621735986608 65.14203381825929 173.49862818085987 235 238.6406619991191 14331.454824631506 0.0 14266.31279081325
101 1096.2444575370566 65.33539687769722 174.30675727022822 237 239.6421541479254 14189.468467714405 0.0 14124.13307083671
78 841.5649261023115 63.04625007660044 186.8426018992172 247 249.8888519758176 14449.861024928045 0.0 14386.814774851451
