# Cpu scheduler: sjf
# Quantum: None
pid arrival_time cpu_bursts_time io_bursts_time nbursts bursts_time tat ready_wait_time io_wait_time
3 13.804107136075075 30.049307957521002 18.352033058845983 3 48.401341016366985 95.8913567843763 45.503314822694364 20.33873400416094
4 26.504845414391504 67.32509183613573 63.306976648328664 9 130.6320684844644 352.2687473696916 72.35309125236546 212.5905642811904
12 86.10598622209619 64.6130242453204 37.55919770676341 7 102.17222195208382 458.97147855614463 162.83283200157484 231.52562230924943
14 94.3366047662533 84.73072961015052 56.27930573231848 9 141.010035342469 653.0114983802733 238.31998779103543 329.9607809790874
11 68.47528346086948 83.24314052213741 61.96215401415084 11 145.20529453628825 694.6546465705555 169.59598617738035 441.8155198710378
1 9.685682329428147 87.95662454796523 75.58384556228265 11 163.5404701102479 768.552328272262 252.94718594836553 427.6485177759313
10 68.17390370147568 91.91117398584204 66.42486895757041 11 158.33604294341245 817.1798043568198 240.5333280412623 484.7353023297153
9 59.58306043073587 123.1734266131457 100.23883362640044 15 223.41226023954613 1040.7870864707468 227.93929029168333 689.6743695659177
8 58.38984092877536 95.85146392825085 68.31118262959625 11 164.16264655784715 1233.50323655725 461.08773865022755 676.5640339787715
5 27.489415213672725 99.84486893844027 73.64739372831309 11 173.49226266675333 1304.876770522387 607.1943033173045 597.8375982666425
31 304.45124541075745 35.4554870491324 105.66788377221471 139 141.12337082134712 19053.599838936992 40.333076407550664 18977.8112754803
20 193.37837802561566 42.270868620992815 120.43693763457004 159 162.70780625556284 21740.78351740368 46.39695847854048 21652.115690304156
19 176.91494316995767 47.848198493952125 119.68263939874731 161 167.53083789269945 22041.04362547676 103.38126532192621 21889.81416166088
36 348.94272562510884 42.37704150995838 117.31079487724068 161 159.68783638719907 22508.09459604655 36.18531957424011 22429.532234962353
7 55.586121043222946 48.159923989520514 131.86206978972243 173 180.02199377924296 23103.825607845756 77.78966453202267 22977.876019324216
76 816.7581710453438 39.50058886071658 119.0178479023698 159 158.5184367630864 22775.014386719035 34.614670806203776 22700.899127052115
30 301.269428253938 44.38423537694519 125.99416513645781 169 170.378400513403 23442.188116082878 29.133103325842853 23368.67077738009
113 1238.2584603984099 43.368229323066465 119.82139160942411 157 163.18962093249058 22854.844286595137 0.0 22811.476057272066
35 332.95755162709446 47.97122443756369 128.48989438352498 171 176.46111882108866 23826.11818375802 59.8987824515782 23718.248176868878
13 92.46073288426511 51.810198545114645 137.267124968737 183 189.0773235138516 24720.357156738533 70.47322082714918 24598.07373736627
72 771.7391261852327 50.77601498355422 122.03062627340415 169 172.8066412569584 24166.425145958663 8.128564193472698 24107.520566781648
18 160.9372732597625 49.24851116597045 134.70441951577385 181 183.95293068174433 24874.491502331093 96.61791182616304 24728.62507933896
39 364.1186404072071 51.11657698567497 137.60050898344304 181 188.71708596911805 25313.7928895012 32.36348177110841 25230.31283074442
102 1114.1467977664577 52.14355197922708 123.98583412358047 171 176.12938610280753 24747.279088373907 0.23597579204215435 24694.899560602633
172 1852.3169672869474 41.46175141582922 127.31018830839224 163 168.77193972422145 24017.716012024757 0.0 23976.254260608926
135 1519.3186442292024 43.786579712107205 124.78085065209599 167 168.56743036420318 24438.96694074128 0.025609029627503332 24395.15475199955
67 709.4626947108712 48.3037182857395 132.42610263961905 177 180.72982092535855 25291.165306450304 29.376651050773944 25213.48493711379
2 11.994048744716274 52.10101185247668 151.7119939708371 197 203.8130058233138 26171.178928055877 111.92987538463869 26007.148040818774
198 2117.751132449952 41.86028063346246 121.57754511967106 163 163.43782575313352 24073.379182928868 0.5660878763733308 24030.95281441903
64 673.6452513632022 46.27854528133212 128.99911907304622 179 175.27766435437832 25536.823575888924 84.82791149252068 25405.71711911508
0 9.685682329428147 47.50952353137025 151.2438379569919 201 198.7533614883622 26319.54628684599 97.48599169320431 26174.550771621416
6 27.512275116490166 55.654146036708035 152.46977518326852 197 208.12392121997652 26321.550650130055 102.35455642524084 26163.541947668105
43 413.94548001675344 49.35074991877096 137.57124456212236 185 186.92199448089332 25951.74027706161 52.642951477055874 25849.746575665777
92 999.3764142047015 49.01774263209093 130.1974512476275 177 179.2151938797184 25468.94720735542 15.224793594587027 25404.704671128737
203 2181.2125628793583 48.32984106720263 121.77146162197766 165 170.1013026891803 24343.907035203923 0.3130140906919223 24295.264180046033
49 480.9970025610142 52.251134691385744 140.17537365597116 185 192.4265083473569 26059.385497323878 2.3377188657714214 26004.796643766706
42 411.67970880840596 51.061791850218135 137.8183085904822 187 188.88010044070032 26238.3228165415 53.63018264371004 26133.630842047565
119 1295.5682637569632 44.571723799462234 127.62441455501556 175 172.1961383544778 25411.942288953083 1.7238833941769371 25365.64668175943
44 428.7853846774476 49.67141806784619 137.34299437496284 187 187.0144124428091 26282.368254485365 68.00632386233241 26164.690512555186
21 193.7136484866045 49.996021132993185 140.55199425186092 193 190.54801538485412 26622.49387324808 43.95569674722819 26528.542155367864
69 728.7709276641949 49.604332394839005 132.11077254170706 183 181.71510493654603 26094.637331124984 1.5343565535737298 26043.498642176583
71 768.7740086430473 49.37234027826333 134.71962754953293 183 184.09196782779622 26106.497947662203 12.751347511929907 26044.374259872
148 1603.8171527953032 51.68920383757219 128.71651835901034 173 180.40572219658253 25291.153571978517 0.03660080610802652 25239.42776733483
201 2146.223397924239 43.261803862427165 127.10419994218091 169 170.3660038046081 24875.88174855885 0.0 24832.619944696424
90 990.19083528347 51.43257685272461 131.37988436468194 181 182.81246121740656 26041.354106230436 22.866766588148835 25967.05476278955
137 1531.8377718038157 51.406050812505484 128.02418114493605 175 179.43023195744155 25516.122100476907 0.0 25464.716049664406
87 948.8983722026661 49.71794943636677 137.40323877905448 183 187.12118821542126 26193.47829706494 14.291021278004791 26129.46932635056
164 1818.5416392046793 50.3218046145596 127.47706575225493 173 177.79887036681453 25339.65855523725 0.0 25289.336750622686
142 1557.5374536734594 53.61022631411952 132.22348841054918 177 185.8337147246687 25769.05547633086 0.0 25715.44525001673
180 1976.4870976704217 48.874198988588105 134.1828763703303 173 183.05707535891838 25354.225981515334 0.0 25305.351782526745
182 2003.2649663635432 43.507710182411955 129.10534346783564 173 172.61305365024756 25366.23433706097 0.0 25322.726626878557
38 359.913268146239 55.70268382260957 143.76017262697547 195 199.46285644958505 27168.917496570604 25.564894480958856 27087.64991826704
40 374.31174063718987 55.754760898168406 148.68561767591638 195 204.4403785740848 27179.314911258036 25.314506728402932 27098.245643631475
145 1564.968261037213 43.612511145935436 129.6694239925077 179 173.2819351384431 26014.71493557289 0.11984186857807799 25970.982582558376
41 393.1461194182628 52.59357271328042 142.38299618477978 195 194.97656889806024 27196.973150929556 26.469018830199502 27117.910559386073
51 508.1314501407368 54.55520931585138 145.49174543826956 193 200.04695475412095 27131.894039620616 63.64457360945255 27013.694256695304
53 519.6329412204559 50.20534084141136 147.77638468576015 193 197.98172552717153 27129.984680096262 44.84468854232807 27034.934650712516
99 1088.197619372665 52.15733263631883 135.67871940414486 185 187.83605204046367 26580.247198085115 17.92523224083243 26510.16463320796
202 2148.427793501339 49.93152478623047 130.28206326038915 175 180.2135880466196 25605.83038556326 0.04401302038195354 25555.854847756655
55 574.6943962176712 52.93386287128488 140.14913086282525 193 193.0829937341101 27183.312897978267 27.96811255622481 27102.410922550753
95 1056.3595399776402 52.850178466193285 140.67635900062277 187 193.52653746681605 26773.1127578275 0.3473010727834662 26719.915278288518
147 1583.7897506803242 52.13954152512487 132.21596574828885 181 184.35550727341376 26264.847054406422 0.0 26212.707512881298
23 201.14776646511362 56.09711117853239 146.859331390539 203 202.95644256907138 27772.62447031518 46.75093741218981 27669.776421724462
68 724.3652531911656 53.53847714240006 142.84698777238492 193 196.38546491478502 27270.655838101527 1.5004277998916677 27215.61693315924
93 1021.585287420932 53.15312260639141 143.96332267684298 189 197.1164452832344 26974.784612418644 0.19978948478524217 26921.431700327455
81 880.4311245566773 53.41408649638126 143.62208168547772 191 197.0361681818589 27118.754457553045 9.416828151447135 27055.92354290523
86 933.553208833871 51.89462856770769 137.39530430029302 191 189.28993286800073 27158.407439069753 23.96603200934294 27082.54677849271
75 811.557282605705 55.938317690102664 145.52926079908204 193 201.4675784891847 27342.57496941116 45.9114032818253 27240.72524843923
24 203.71757272004615 54.023023612152244 151.49514695084915 205 205.51817056300143 27963.8447953403 33.752390633695086 27876.069381094443
91 998.0449684401473 54.106492840831244 145.9988911137383 191 200.10538395456956 27206.94145338122 15.828147837634106 27137.006812702755
22 194.2765303225776 54.99382728334013 154.09730740744376 205 209.09113469078392 28016.929917952155 41.94511642683665 27919.99097424198
82 903.1193343045683 48.31033227612645 145.17826647198171 193 193.48859874810813 27352.79406024862 1.2654968586273299 27303.21823111387
60 622.7996587351652 55.65875330783819 146.74656152771408 197 202.4053148355523 27644.499793750347 11.852642544900277 27576.988397897603
96 1063.3354557697696 54.171932903852536 140.04284950009603 191 194.21478240394856 27218.237277293927 0.0 27164.065344390077
183 2022.595272228065 47.51212266599784 132.2849884877438 181 179.79711115374164 26267.67412875234 0.0 26220.16200608634
167 1829.1601494154274 50.48564540799319 140.81837351258073 183 191.30401892057392 26493.418502277436 0.0 26442.932856869433
47 449.50796818847436 54.9080215872225 148.48386100665817 201 203.39188259388072 27926.657558541046 79.74716838059169 27792.00236857323
17 143.64994315976952 61.263712474237145 156.81210032557584 209 218.075812799813 28318.204799347815 54.73989122906781 28202.20119564451
100 1092.861171775368 54.21868699242004 148.6172132491683 193 202.83590024158832 27417.916213543926 10.240837790329124 27353.456688761187
101 1107.0088190288259 55.16466480818602 141.4263621618619 193 196.5910269700479 27429.240378322393 0.7977465216579276 27373.27796699255
62 657.0228442444196 57.62492916799034 149.5167813042225 199 207.14171047221288 27890.750492328723 45.470343922580696 27787.65521923814
138 1536.7841914177884 53.326853331404536 138.2503889861413 189 191.57724231754582 27087.553834600836 0.0 27034.226981269432
139 1541.1595771525579 52.18409938056819 139.7688217621384 189 191.9529211427066 27093.66598986982 0.0 27041.481890489256
59 607.4637968140299 57.4420314915402 150.2503703031981 201 207.69240179473832 28045.689869781087 7.295973249930967 27980.951865039617
128 1403.7688866135557 52.951363458073516 142.796941884801 191 195.74830534287446 27273.333596221153 0.6365543474919377 27219.74567841558
52 518.6334885714647 54.63156020239598 155.1613410435763 203 209.79290124597225 28190.70434052069 39.06837295392438 28097.004407364355
32 316.97743043148597 58.66212501224946 149.18361051830078 207 207.84573553055031 28412.176606609468 52.9290652414756 28300.585416355752
88 960.4479764341656 56.01320929587845 150.4689944474908 197 206.48220374336924 27792.958844147044 34.85544028439165 27702.090194566787
121 1336.3792049896792 55.130400870882106 143.73405406281188 193 198.864454933694 27441.304102932765 0.35157514871434614 27385.822126913175
65 684.9426229190803 58.63318021337733 150.9919282687852 201 209.62510848216255 28098.094456788658 46.172768028331234 27993.288508546953
46 447.47981363812363 54.5591125371877 156.2480567123944 205 210.8071692495821 28344.644542676564 57.61586053423093 28232.469569605146
134 1508.8319204074357 56.70324909763981 140.4042195473572 191 197.10746864499703 27287.58385339068 0.3855153699098537 27230.495088923133
108 1185.6179998903854 52.01276042921467 146.78431212210214 195 198.7970725513168 27623.61757926004 0.27006437969453145 27571.334754451138
178 1957.0227849351093 52.449653879398305 138.72755687693368 187 191.177210756332 26870.959995892692 0.21168860295188097 26818.298653410355
158 1747.1695918754842 55.237928150724386 143.72014487490955 189 198.958073025634 27086.70690439315 0.4850468963845742 27030.983929346035
143 1558.788233253421 51.626722252316114 143.5284331135963 191 195.15515536591246 27278.978141723477 0.0 27227.351419471168
26 231.27617277789102 60.65677196668277 160.32315314717738 211 220.97992511386013 28685.607960895664 99.62841467201488 28525.32277425698
120 1308.5197897649966 54.54108168576681 145.950267387486 195 200.49134907325282 27632.83582841357 0.0 27578.294746727803
78 845.8594005079866 54.82287276739432 142.4255757278007 201 197.24844849519502 28130.493612844162 26.742119199858053 28048.928620876908
83 918.3894743143455 55.63004029304358 149.72674260476936 201 205.35678289781293 28127.47570918343 0.7464788313942563 28071.09919005899
34 327.16105993553066 51.171297590162126 154.92499235990178 211 206.09628995006395 28735.02963801931 46.66111989411684 28637.197220535036
129 1443.4717181611895 53.080866499440425 142.55519133977953 195 195.63605783921994 27629.237196136037 0.38414720758009935 27575.772182429013
74 798.028292523479 58.93842994389194 149.61100420692244 203 208.54943415081436 28284.07913490308 16.418244650496604 28208.722460308694
197 2117.1935418718167 50.50459454527783 138.8645170152452 189 189.36911156052304 27005.910662845945 0.6608935876424766 26954.745174713018
122 1337.7238490513942 56.465834814862134 147.40871051714814 197 203.8745453320103 27798.23793110254 0.14340902335106875 27741.628687264318
174 1895.3842183621534 52.71085525858696 137.87973658740512 191 190.59059184599204 27241.631743041504 0.0 27188.92088778291
79 869.5741977780453 55.962671824632935 154.53182696391 203 210.49449878854296 28297.581292415074 21.480013240014387 28220.138607350425
70 730.7223801340334 51.08963009133523 153.88538049546264 205 204.97501058679785 28448.492557353467 16.971217389471803 28380.431709872653
159 1762.4742440198413 51.253056898688165 144.2392994940726 193 195.49235639276074 27424.601106568083 0.0 27373.348049669392
85 929.3009361216727 54.06791785824506 150.88246349756992 203 204.95038135581495 28286.356716061833 0.3016176130229269 28231.98718059056
163 1812.040653181436 52.675086426617355 141.66088259260636 193 194.33596901922374 27410.097926669754 0.0 27357.422840243147
188 2054.1707841616503 49.742456126723646 141.0677300993106 191 190.81018622603426 27181.91380885733 0.0 27132.171352730613
29 252.70418811917202 60.588693704864426 163.28554410127484 215 223.87423780613926 29025.680350832106 88.8244365212905 28876.267220605954
194 2110.3093139653697 54.96353260296465 144.22168028103619 191 199.18521288400083 27170.620920995865 0.0 27115.6573883929
58 600.5332202945161 57.792266443325495 155.30165117418153 209 213.09391761750703 28736.491667365914 19.510182787959366 28659.189218134627
25 206.1958132092149 58.799232609721756 160.45271184438775 217 219.2519444541095 29140.40741480969 46.837695419743426 29034.77048678023
16 110.13305486983897 61.177970838913375 165.34698991791396 221 226.5249607568273 29242.638916669315 69.35721126699089 29112.10373456341
130 1447.13925072607 58.77158723552547 145.6048343980651 199 204.37642163359052 27948.028915625455 0.0 27889.257328389933
33 319.6624631424413 55.06784391641091 157.88414141361753 215 212.95198533002844 29076.694465418655 70.0159700286573 28951.610651473584
124 1355.4726879490888 57.81558126299501 150.66338479849483 201 208.47896606148984 28099.020149738455 0.0 28041.204568475456
204 2190.878947329824 53.6113139877252 144.56656910369773 193 198.17788309142293 27277.970401833427 0.0 27224.35908784571
166 1822.7008120090445 57.16210815790321 150.25369429536346 197 207.41580245326665 27699.520957364493 0.3323047735291311 27642.02654443305
50 481.54199858398914 60.030854332627534 155.062137793031 215 215.09299212565853 29131.56581798487 9.986084338426224 29061.548879313803
205 2225.364035800693 55.54566719879657 145.76864571732162 195 201.31431291611818 27392.632492568962 0.0 27337.08682537016
97 1065.6390234046848 53.56841698631547 158.297455889828 207 211.86587287614344 28576.5244114452 0.0 28522.955994458876
190 2057.845845694581 52.70308021221425 147.3142339205682 197 200.01731413278247 27608.84664870082 0.0 27556.143568488613
63 657.053728434475 59.76727825497239 160.07284698086562 213 219.840125235838 29035.842398508987 34.75711533785898 28941.31800491616
153 1669.780102178998 58.15095948418051 153.45206891740844 201 211.60302840158897 28039.142311429398 0.574178282315188 27980.417173662892
110 1195.9042549605726 55.67035338636167 153.89565380860626 207 209.56600719496794 28549.40701326564 0.0 28493.73665987928
125 1390.2399566852691 58.492128660286 152.71895593065707 205 211.21108459094302 28360.98482050296 0.0 28302.492691842675
112 1237.4577399003854 55.23402631920219 153.29103042093524 207 208.52505674013742 28534.715924389937 0.0 28479.481898070742
187 2048.6466673450195 56.655229208049256 144.11185187834042 199 200.76708108638965 27740.765890013492 0.47867032043905056 27683.63199048501
118 1256.197529210514 55.22158693777989 157.90064116424386 207 213.12222810202377 28538.707404708126 0.18894412070699218 28483.296873649644
171 1849.7430796943547 56.47570580610608 148.51443566102117 201 204.99014146712724 27956.173892283 0.0 27899.698186476893
193 2109.2355334814233 56.95307940951528 152.86881588436486 199 209.82189529388012 27713.479280594198 0.2572585835951031 27656.26894260108
45 438.3663373795603 57.195394451276805 163.26400117510443 219 220.45939562638125 29399.414454958667 92.09545821724805 29250.12360229015
61 627.1281683649889 62.114391959494874 161.59121880163588 217 223.70561076113074 29261.26710305546 9.074982841202655 29190.077728254764
73 789.1593860922346 59.942783359178776 164.98627507605653 215 224.92905843523528 29109.538336933463 25.819107363275407 29023.776446210995
103 1116.0711266499104 61.47532428450933 155.75665803420736 211 217.2319823187167 28804.12810900908 22.74465543200904 28719.90812929257
89 965.9379545391967 59.84691991537262 159.3894319741296 213 219.2363518895022 28957.424324368032 24.264449888159447 28873.3129545645
133 1479.1071446049757 61.02422146393664 151.80040789738064 207 212.82462936131722 28454.287146117334 0.0 28393.26292465339
107 1169.6221563147355 58.10613798052203 160.22779183556787 211 218.3339298160899 28780.685537420883 1.388086749909462 28721.191312690462
156 1710.0880730533945 60.12459707349153 153.45334388854246 205 213.577940962034 28248.778665336176 0.3735523790164734 28188.28051588366
66 709.1292643345714 59.20715617780334 162.00725133848854 217 221.2144075162919 29260.664496967336 27.162109284199232 29174.29523150533
162 1807.4536109077017 59.110883945551414 151.47308916293142 205 210.5839731084828 28194.150985399407 0.0 28135.04010145385
105 1124.5453869802252 66.02849703023371 160.39402193516352 213 226.42251896539724 28897.460202282644 13.032112823628722 28818.39959242877
27 243.04144407920754 61.04131895834904 169.21125764947797 227 230.252576607827 29800.525483871632 83.80498227461825 29655.67918263864
37 355.01709411587103 66.42303963797431 164.68208731234964 225 231.10512695032395 29708.003267796557 38.543091061256916 29603.03713709733
144 1564.2486790260864 59.9838370927299 157.29138160301403 209 217.27521869574392 28509.722588612713 0.0 28449.73875151998
126 1393.588528082309 58.41058203485915 159.89360087147287 211 218.30418290633202 28682.33218433845 0.0 28623.9216023036
206 2235.976859571794 59.54081948373705 150.33360751205726 203 209.87442699579432 27840.885046537296 0.0 27781.344227053556
146 1582.540167305061 56.83370363993617 159.31804830599071 209 216.1517519459269 28507.415450792803 0.7681747908657144 28449.813572361996
117 1255.6589862319229 56.11849041482486 156.08316754337343 213 212.2016579581983 28847.94100209959 0.6122118141247483 28791.210299870636
169 1836.5570782069346 57.37273796462628 154.50047002347296 207 211.87320798809927 28273.525894008657 0.5199342961595903 28215.633221747856
54 548.6537708323189 62.55340834252996 164.1759368375557 223 226.72934518008566 29579.66103576438 66.1636345030596 29450.943992918787
106 1164.7185773063331 61.67367792029656 160.07495402032308 215 221.74863194061965 28972.768585554826 5.7896682139412405 28905.305239420577
177 1946.7267950968258 56.73791889124675 154.70886493020322 207 211.44678382144997 28211.07040764464 0.0 28154.332488753393
161 1779.3258738234204 58.342632736697595 154.63435249772903 209 212.97698523442662 28393.81838524353 0.11501557271913043 28335.3607369341
114 1242.4322583274538 59.940377492790915 161.05874739294194 215 220.99912488573284 28937.428247501484 0.0 28877.487870008703
165 1821.789676071929 54.97757050228704 155.87914108074813 209 210.85671158303515 28365.433332836146 0.0 28310.455762333866
189 2057.0840272131054 57.80648478853337 159.59007931567092 207 217.3965641042043 28133.26561718344 0.0 28075.459132394903
154 1682.236801198145 55.04953489449186 155.78326422600756 211 210.83279912049937 28538.56849759057 0.7448691299953225 28482.7740935661
56 577.5767267556138 63.205998242292964 165.82400148867978 225 229.02999973097278 29650.78355392671 20.418328708309218 29567.15922697612
116 1250.3948729011042 56.873685717733856 160.84542748047184 217 217.71911319820572 29014.60967931153 0.7755092547968161 28956.960484338997
173 1862.3130463851548 59.02837590045759 153.0121908636778 211 212.0405667641354 28418.225089351035 0.0 28359.19671345058
192 2105.5167098923653 56.479536795475184 151.81688180232743 209 208.29641859780264 28179.53578252364 0.0 28123.056245728156
111 1197.7250676110402 59.592930690650576 162.46649664269734 219 222.05942733334788 29115.442946487055 0.0 29055.850015796415
84 920.9843923882108 56.682977682373675 171.20330135827973 223 227.88627904065345 29410.16322961441 0.0 29353.480251932044
150 1631.4511665748055 55.09372682445419 159.69264731002573 215 214.7863741344799 28709.778802915116 0.0 28654.685076090664
196 2117.0945492255846 51.73356648411714 155.18619865979505 211 206.91976514391223 28241.86204131503 2.7142663000759057 28187.414208530852
140 1544.9122306200043 57.93545179493198 164.32072017098236 217 222.25617196591432 28832.180168396313 0.0 28774.244716601377
208 2247.7125718576026 58.906499255668365 149.62007176430825 211 208.5265710199766 28139.459870586394 0.4254897710861769 28080.12788155964
160 1778.5498366328889 60.2898478770208 160.19075704311854 215 220.48060492013937 28610.800348965833 0.0 28550.510501088807
98 1066.8345302468954 64.89122052884757 163.9248452235593 223 228.81606575240687 29324.38694699027 0.05291971248789196 29259.44280674893
191 2092.8546720337845 62.91909371862247 151.7811386394169 213 214.7002323580394 28315.646217162324 0.2799324061038533 28252.447191037598
132 1471.2434417215993 62.05121535422194 161.77164875995055 219 223.82286411417243 28938.99354210162 0.38640687738302404 28876.555919870014
48 468.8339740184553 66.05425671988213 174.93956483177487 233 240.99382155165702 29956.36935231181 31.07458886452605 29859.240506727394
207 2236.4724568766037 59.686573947307224 162.7449414978422 213 222.43151544514944 28202.87027880087 0.6180075049937841 28142.565697348553
170 1841.7341974950841 56.04297980232471 169.18395893241325 217 225.22693873473796 28614.434697883276 0.0 28558.39171808096
131 1463.301099229161 64.4436882320462 161.2845122756662 221 225.72820050771247 28997.303465674653 0.4013313185248535 28932.45844612408
77 818.72871124211 62.05592292889358 175.7331040652496 229 237.78902699414317 29643.319531068988 36.92933558026459 29544.334272559823
157 1723.527295489341 62.4547481380928 159.7391761623889 219 222.1939243004817 28756.92455578418 0.789943734010194 28693.679863912068
127 1400.9513203099225 61.42041313420983 157.26727848611503 223 218.68769162032484 29088.770571015422 0.0 29027.350157881225
200 2125.696300471441 61.18605453834139 161.8113879214996 217 222.997442459841 28388.233862196423 0.0 28327.047807658073
123 1342.9081352349074 62.78784122209123 169.30697698083657 225 232.0948182029278 29174.289307905725 0.06833300330640668 29111.433133680326
80 871.9674068822882 69.36015564026542 175.3613637314621 231 244.72151937172754 29647.42038377227 14.71860492208134 29563.34162320991
176 1943.6569924901146 59.8043986032113 161.41029625714717 219 221.2146948603585 28579.38722053932 0.0 28519.582821936106
179 1965.5426564999823 64.58961228414292 161.5407429578529 219 226.13035524199577 28562.798731400373 0.6292672698414208 28497.57985184638
195 2110.79909277934 58.845717959590175 162.83305722296882 219 221.67877518255904 28435.9181625318 0.0906098763416594 28376.98183469587
186 2032.641308218937 57.10876318680786 165.9465693312552 221 223.05533251806304 28536.294479902845 0.3397633799479536 28478.845953336084
168 1831.3137694760792 61.90162249918761 165.4919168488746 223 227.39353934806223 28743.229527595693 0.0 28681.327905096517
15 108.88234151455563 66.83233114674883 186.1841661537572 251 253.01649730050605 30485.71144851431 47.68239335049155 30371.196724017085
181 1997.1384346994362 62.23205989484853 165.42412134255375 223 227.65618123740228 28599.289358103033 0.3386178728874256 28536.718680335292
115 1250.2480011196717 61.095077744772794 168.057118706815 231 229.15219645158777 29352.102097841234 0.0 29291.00702009646
155 1682.5342100677908 68.02859007726613 166.08699693835445 227 234.11558701562058 28931.38738836093 0.5992017528374163 28862.759596530817
149 1620.3886830228898 62.15347214443082 169.74023849572075 229 231.8937106401516 29006.279555990368 0.18243223331364788 28943.94365161262
109 1187.22305151362 62.280233603141774 176.4577793947536 235 238.73801299789534 29453.35892177731 0.0 29391.078688174173
175 1910.541344373259 63.355076431489046 173.82008950394135 229 237.17516593543039 28747.15703133095 0.7874311005596155 28683.014523798887
136 1524.917275860962 62.378393689084476 171.18185340744702 233 233.5602470965315 29133.86311476546 0.22962193975467926 29071.255099136622
94 1025.5834115214857 65.33712428479488 179.5511181310956 239 244.8882424158905 29634.873759031303 0.0 29569.536634746502
199 2118.8877219299684 64.03739865595328 169.91112104038515 229 233.94851969633845 28556.327048143165 0.0754172097394985 28492.214232277463
151 1634.9531609202777 62.28604948055891 175.90561679821192 235 238.19166627877087 29048.48387678568 0.47004253701857124 28985.72778476812
185 2027.246659634205 61.885102150932 176.09665470799388 233 237.98175685892596 28669.03852986951 0.0 28607.153427718582
57 586.9313303481615 66.79633540435718 188.60095598383626 251 255.3972913881934 30113.929441496777 27.150152677350547 30019.98295341508
28 244.8905631396929 75.92315223853679 193.09406192512984 259 269.01721416366667 30467.476107344133 89.33540708439577 30302.217548021203
141 1554.1553052868712 67.4979059295162 179.016550336575 241 246.5144562660912 29159.858224346535 0.4098974866728895 29091.950420930327
209 2252.087648652585 66.33422471132457 174.60688863841656 235 240.9411133497411 28462.86215623957 0.4100264050525766 28396.117905123207
152 1635.3407768285056 69.26932993214406 183.8203079327176 245 253.0896378648617 29090.90992264539 0.489685795298783 29021.150906917952
184 2024.1572514250636 67.29584313505809 183.53968380433628 245 250.83552693939436 28708.869371374236 0.0 28641.573528239172
104 1120.6501550448002 68.72200193202269 199.96313217610987 261 268.68513410813256 29620.153452739884 13.914229116638808 29537.51722169123
