# Cpu scheduler: sjf
# Quantum: None
pid arrival_time cpu_bursts_time io_bursts_time nbursts bursts_time tat ready_wait_time io_wait_time
3 19.84842408764844 55.84591025422138 48.79295220647164 7 104.63886246069302 204.44933783654176 46.16326567045223 102.44016191186813
8 41.24436837881512 54.69694272235018 42.368046897964476 7 97.06498962031466 322.98306280285595 92.89759195014432 175.38852813036146
1 7.283555523323209 90.32316788134386 79.40140454171195 11 169.7245724230558 389.1163870579526 54.02957854541404 244.76364063119468
2 10.775506327816437 81.81526021925718 56.34443848452058 9 138.1596987037778 587.8025557255107 216.14266201740992 289.84463348884356
4 22.600473536134693 128.82303962066118 124.8993618443765 17 253.7224014650377 689.5605292397549 64.27244034397434 496.4650492751194
21 174.08329548685927 44.81543735978735 119.84075053970845 169 164.6561878994958 12029.254482383472 52.27709554635928 11932.161949477322
6 38.260707262249554 45.159491585071166 130.44911584637393 179 175.60860743144508 12431.522760001939 92.85087389040753 12293.512394526462
9 42.583861077905254 48.91226837864767 140.13947813255655 181 189.05174651120427 12502.545494382579 47.775737734969844 12405.857488268963
38 412.3257494849669 50.042348136206165 128.80020854832958 169 178.84255668453574 12154.67853637763 0.0 12104.636188241426
11 73.8631018068489 49.72499189143497 134.13782279425777 181 183.86281468569268 12595.688990472807 32.21367583662801 12513.750322744738
0 7.283555523323209 50.348380043126745 136.87756879477945 187 187.2259488379062 12694.143034274617 53.95710594176158 12589.837548289726
60 770.1500394789564 43.67555643021165 128.45282887789838 163 172.12838530811007 11972.602522389348 0.2584295907250862 11928.668536368416
14 94.24240708900633 53.23260374385548 136.84395732387654 181 190.07656106773197 12731.720795116036 45.29745289132512 12633.190738480853
30 270.7827043697347 50.16155296288211 133.6685762494851 177 183.83012921236724 12631.319365433623 50.83347513754131 12530.3243373332
40 452.5282604364434 50.842154726293145 133.1622482175806 175 184.0044029438738 12596.213650089087 27.3493104633053 12518.022184899493
42 506.3884048591848 47.27993683910333 134.58670207549218 175 181.8666389145955 12639.244466405624 18.874803442490588 12573.089726124028
98 1085.4790988598056 42.470025071527715 118.50948185048733 163 160.97950692201505 12096.327612642406 0.21948993455453092 12053.638097636325
24 184.5709654849961 48.95281124731435 137.03253903665623 183 185.98535028397055 13004.822554529508 37.03244700987929 12918.837296272317
47 613.5967114017573 48.17700199197842 129.19263503253023 175 177.36963702450865 12673.09022102861 0.0 12624.91321903663
22 175.34682446125947 51.12534725674459 136.4984406359144 185 187.62378789265898 13151.388152936242 67.68658336746671 13032.576222312035
41 494.76768483113204 48.85764108030575 138.38841009574463 179 187.24605117605043 12903.93292538253 0.0 12855.075284302224
31 278.0226554899896 48.72418208000509 134.48988257053662 185 183.21406465054167 13191.210511344922 17.000215980795303 13125.486113284122
27 230.77519436731453 54.39102966396538 139.71114832716216 187 194.10217799112758 13281.166786279122 13.363799851372107 13213.411956763784
35 346.36472203364156 47.29164963325268 131.11429347514047 185 178.40594310839316 13207.902146770011 35.23265075893494 13125.377846377824
61 772.0088129685249 47.24208324539581 135.01069473522085 177 182.25277798061666 12898.949222787445 0.020142419499165953 12851.686997122555
72 870.9019398615592 47.91874203698646 130.13360145658578 175 178.05234349357224 12818.779656960567 0.0 12770.860914923582
12 88.60927433810046 49.9344298891947 147.05151051289914 195 196.9859404020939 13612.75600829387 55.76918581768395 13507.052392586993
75 892.3830887781662 49.74942448723705 132.10941723583576 175 181.85884172307286 12826.560861074602 0.0 12776.81143658737
44 547.111471358981 51.46834099026655 140.69088283400856 183 192.1592238242751 13175.249577983586 0.0 13123.781236993316
10 44.17615349287458 54.48752341133066 148.68206111242 199 203.16958452375064 13707.929485961558 39.118415475725975 13614.323547074497
18 160.3351460238789 54.497111309425094 141.93389940143078 193 196.43101071085587 13614.489028979291 68.01017185429001 13491.981745815576
58 756.5788508885981 51.90557828990668 133.82754511849274 181 185.73312340839936 13124.62667282757 0.33039912385061143 13072.39069541381
99 1088.371492652814 47.817948454843055 129.19877853027248 175 177.01672698511553 12831.961314058373 0.720966234603793 12783.422399368927
76 900.6220199886269 54.57403451322846 136.93824464592532 179 191.51227915915376 13055.340658896057 0.0 13000.766624382833
17 111.64209023516216 53.57728680190999 147.75326426088196 199 201.33055106279195 13850.167083737797 33.46278217718876 13763.127014758695
26 226.4709802381095 53.52758486944651 146.01804710669745 197 199.54563197614397 13880.885020436759 69.36065455435852 13757.996781012953
5 35.34109947729079 54.679332036581116 149.59855626026942 205 204.27788829685056 14103.963691168794 75.1324407340782 13974.151918398127
51 655.0523785629849 48.39563005531486 139.27603714669368 189 187.67166720200856 13522.272923500477 0.0 13473.877293445166
103 1165.7622567613862 51.54444088773943 127.94420859161161 179 179.48864947935104 13030.30547191024 0.11677742163033145 12978.644253600869
67 831.7678707768412 52.85803258098226 133.76207363748156 185 186.62010621846383 13365.631923299326 0.053760031206024905 13312.720130687141
95 1059.319598564458 51.14743057186214 136.40082819260948 181 187.5482587644716 13159.053148090195 0.0 13107.90571751834
55 719.7107928165824 55.52758615006479 146.56639793569929 189 202.09398408576402 13533.07133183829 0.8586407724654919 13476.685104915767
49 649.7624836919065 49.75464791827325 141.01548379936602 191 190.77013171763932 13617.867703837066 0.0 13568.113055918797
16 110.27062554414263 56.03732215369523 158.58465769258146 205 214.62197984627667 14192.377302174904 80.95281766649833 14055.387162354707
57 745.3265925820775 53.09567897534004 139.55096586867305 191 192.6466448440131 13634.412464493313 0.0 13581.316785517973
54 693.3943856572225 53.54800698005099 147.18152344669272 193 200.72953042674374 13712.40859553817 0.47757342542627157 13658.383015132693
84 973.7168698142923 50.063989406357265 138.01458477113798 187 188.07857417749523 13453.341897153605 0.0 13403.277907747242
43 541.6707160419095 56.51223768227406 146.13599492800833 199 202.6482326102824 13985.028580984184 0.4367538573777665 13928.079589444533
87 996.8411400951609 53.904675779288965 140.9760247378363 189 194.88070051712526 13538.57946715017 0.0 13484.674791370877
93 1028.08916502814 57.379270379950036 143.93977182685617 189 201.31904220680622 13529.345390514281 0.0 13471.966120134324
78 923.5924296249609 48.66529552908072 140.96506686897953 191 189.63036239806024 13640.336305207371 0.6299399927606828 13591.041069685529
20 167.96139600549822 54.2810605904259 158.25678401028694 209 212.53784460071284 14402.072096472275 53.95470712553643 14293.836328756308
52 679.5006398716114 53.196165908887586 146.0008620365083 197 199.19702794539592 13895.68599933188 0.13038216520874357 13842.359451257786
7 40.937573132246484 56.540911496877065 154.60533947145407 215 211.14625096833117 14553.613657940074 94.10487865228046 14402.967867790914
29 267.3095821617813 53.987659064535535 155.92096597870528 209 209.90862504324085 14407.372801174773 42.30532653864907 14311.079815571593
73 874.1993487204351 56.32107779311764 144.9386796166134 195 201.25975740973104 13803.642962675269 0.0 13747.321884882153
39 443.1377175302133 58.50018584405576 149.30233469684578 205 207.80252054090147 14242.94244587995 23.588419635484456 14160.853840400416
36 374.3923681658645 55.17372291203175 159.60443773252624 207 214.77816064455803 14315.72984823217 2.633286909173421 14257.922838410977
86 992.8120545260945 52.48856964163525 148.5638135131425 193 201.05238315477774 13700.388190676731 0.0 13647.899621035098
102 1153.354624476398 51.78604419348501 142.9949209795045 191 194.7809651729895 13561.66746894758 0.0 13509.881424754089
81 955.0208630115882 57.421887539411685 153.03500732928396 195 210.45689486869563 13783.83375084664 0.3333384672604325 13726.078524839975
97 1079.5230683352409 54.062734416068416 143.3796348900159 193 197.4423693060843 13667.110531159256 0.0 13613.047796743187
63 797.4242296624369 51.33330867392352 149.98370047763206 199 201.31700915155562 13962.38540327356 0.0 13911.052094599636
89 1012.8318371629344 53.90084207525187 149.96947024820065 195 203.8703123234525 13761.109241387758 0.0 13707.208399312516
34 317.04771948627643 61.21271758555135 162.82973835104048 211 224.04245593659186 14475.255739331746 44.22702575534129 14369.81599599085
68 838.0575034648615 60.5871894678802 149.04920360720058 199 209.63639307508078 13956.465255839626 0.0 13895.878066371752
100 1089.6765058785882 54.68690318107244 143.6093800747402 195 198.29628325581263 13727.577752699053 0.39981713664337803 13672.49103238134
37 376.07372121861533 57.65170968998698 156.23829881652225 211 213.89000850650922 14452.98956215565 2.5135957933217696 14392.82425667235
45 569.7337144257272 52.78024411091205 153.2347821802114 207 206.01502629112346 14283.484981855443 0.0 14230.704737744529
19 160.37125302604048 59.905365612394085 158.9290624393664 217 218.83442805176045 14695.871134505755 63.8135519830937 14572.152216910263
71 868.2764539930297 56.87004679386811 145.90594534357137 201 202.77599213743952 14006.04676229801 0.0 13949.176715504145
32 290.0428256751534 56.76315224865641 163.1330057600964 215 219.89615800875285 14602.152272140036 21.732563709257192 14523.65655618212
46 596.116377922739 53.076844437628196 157.67613081739856 209 210.75297525502677 14312.640328955715 3.1481723259312275 14256.415312192154
80 950.1940202274019 55.99990140191082 148.5791403005271 201 204.57904170243796 13964.593093121657 0.0 13908.59319171975
23 184.13471671328534 60.16691573762785 159.9452500349 219 220.11216577252787 14748.205603626571 66.22159800404194 14621.8170898849
64 800.4943951260442 56.513651878778255 150.8710786111416 205 207.38473048991992 14134.53525943232 0.6216106722299628 14077.399996881306
101 1095.9360256060947 56.874367080672585 149.54831773687812 201 206.4226848175507 13878.906584006629 0.0 13822.032216925963
62 787.9606132182656 57.59650506661657 157.68240009212053 207 215.2789051587371 14188.26694110457 0.41483995282089836 14130.255596085126
25 193.54286707786213 58.78660426343045 167.1811847536667 221 225.96778901709718 14790.310385945326 30.00552715630755 14701.51825452559
65 809.2053585867924 55.40393189206702 159.2938097235633 209 214.69774161563032 14216.707406169582 0.18222585482180875 14161.121248422693
79 942.1458110602168 57.85170355631292 152.6223799947886 207 210.47408355110147 14101.514933825416 0.0 14043.6632302691
53 691.447519950819 59.52324265777953 159.71841757682606 213 219.2416602346056 14354.758079443402 1.1879150740744535 14294.046921711542
48 633.3634166723393 61.92049621358535 161.78719767001462 215 223.70769388359997 14414.200934002818 2.444724865624835 14349.835712923606
69 860.588618294875 57.57605047513943 157.34740305239697 209 214.9234535275364 14189.18706688005 0.0 14131.611016404902
92 1023.0620555279261 60.9193804031984 157.78674841552814 207 218.70612881872654 14052.30979566125 0.0 13991.390415258058
83 961.677572614506 58.53298982982778 156.46671143376585 209 214.9997012635937 14126.855701524184 0.0 14068.32271169436
85 977.6052647534204 52.602820173024426 153.80222157901215 209 206.4050417520366 14111.65318516476 0.0 14059.050364991741
82 959.9790781285776 56.67153372153695 157.5358909405258 211 214.20742466206278 14155.436707123225 0.0 14098.765173401687
74 882.6320050974905 54.24908805822433 159.8888925485788 213 214.13798060680315 14235.840716219323 0.0 14181.5916281611
91 1021.6538600060202 57.203964834951954 155.5491210252847 211 212.7530858602366 14110.848319015518 0.5751090482810923 14053.069245132287
59 769.5570663526354 56.447200281732094 158.24370223288287 217 214.69090251461495 14369.248120374523 0.0 14312.800920092797
70 863.1555404488129 56.762852167474705 156.14017509100825 215 212.90302725848295 14276.493583719004 0.4325991635084847 14219.298132388021
96 1076.5010959076628 52.95626071964251 157.56275166659913 211 210.51901238624168 14064.65648433732 0.0 14011.700223617681
104 1166.6999332932855 57.3513331702411 158.49369327800494 211 215.84502644824602 13991.396685854292 0.1238317686852497 13933.92152091536
66 818.3476668332481 62.50945792524413 163.01087352787246 219 225.52033145311663 14347.688177133947 0.0 14285.178719208709
94 1028.3549798555985 58.84547524233186 162.57601294365705 215 221.4214881859889 14147.315515873765 0.6414392197902998 14087.828601411642
28 254.46472672917363 60.470232453586306 175.04108058494387 233 235.5113130385302 14922.42453558228 41.02082533675397 14820.933477791938
13 93.90653614089929 66.6458068878097 178.09614387608295 239 244.7419507638926 15095.61833500357 44.74873479572824 14984.223793320038
33 292.5669762519086 66.79999349860044 175.10351246241697 235 241.90350596101737 14908.17623513479 19.56834712566001 14821.807894510532
88 1000.4407000213181 63.41416728578334 162.8168140311281 223 226.2309813169115 14211.39172628495 0.0 14147.97755899917
50 652.0208348879197 62.21938428406537 178.41975360172188 235 240.63913788578725 14575.29677617546 0.0 14513.077391891391
56 724.1584302637551 64.72949791795529 173.44191882932017 239 238.1714167472755 14519.753622492763 0.0 14455.024124574806
77 910.9469861794129 63.901523473148735 178.87545274380864 237 242.7769762169574 14338.524431393693 0.0 14274.622907920537
90 1018.9117087730417 62.13708090716195 179.09701223743707 239 241.23409314459906 14238.542279423862 0.32989431846692696 14176.07530419823
15 104.8416778566133 71.92318470682119 199.1521007541828 267 271.075285461004 15160.158765637496 25.845883256516785 15062.38969767416
