# Cpu scheduler: sjf
# Quantum: None
pid arrival_time cpu_bursts_time io_bursts_time nbursts bursts_time tat ready_wait_time io_wait_time
4 20.00477584783702 97.30102354395555 79.39903908234018 11 176.70006262629573 443.08844180487426 63.995051562337366 281.7923666985814
1 4.857641678517938 128.63677126044678 105.3926293007786 15 234.02940056122537 780.0141384216824 124.94705216819105 526.4303149930446
6 22.645867707710583 104.54329008649064 61.301271542055744 11 165.84456162854636 956.3889077953464 272.0712044390828 579.774413269773
5 20.28005521699769 145.14749735056705 144.7986312696832 19 289.94612862025025 995.4430733072033 61.64233547972158 788.6532404769147
2 15.49043236912267 150.36731279081525 114.35084642965997 19 264.7181592204752 1037.2602840943803 86.76558397678711 800.1273873267777
43 415.5584621088781 40.25724011716715 120.009615024304 159 160.26685514147118 11839.15500918482 46.405670384711016 11752.492098682946
11 77.17178436816053 41.9721574913083 132.3472529407814 173 174.3194104320897 12453.844768461904 82.21220453911518 12329.66040643148
41 373.3317507063751 46.33229401163927 126.4342317965189 165 172.76652580815818 12296.412998075679 51.040464455297865 12199.04023960874
60 561.8023479193298 47.02199895629974 119.1101705467126 163 166.13216950301234 12151.837338587866 9.791138088465345 12095.024201543103
59 551.7694699516512 45.5133731084753 123.05368252387065 163 168.56705563234596 12167.681475397756 22.277928579939044 12099.890173709337
34 334.32321317958264 47.41162207244829 125.57856242512702 169 172.9901844975753 12524.00825446124 38.89377228075824 12437.702860108035
25 213.2178755715573 48.930205691499026 126.53873114401402 173 175.46893683551306 12747.427607370573 51.82661093945211 12646.670790739627
72 652.6493636379048 49.934130009413735 124.1907636209097 167 174.12489363032344 12469.360034594065 43.39154948523969 12376.034355099413
103 1101.9265737521644 47.764234941627016 123.89189202344663 163 171.65612696507364 12121.476168247671 0.0 12073.711933306051
18 149.06809323378673 46.40754095258697 137.71840205469044 181 184.12594300727739 13215.511258891529 54.06417908316021 13115.039538855783
32 315.2131226098639 48.77019949377684 130.54792932675275 177 179.3181288205296 13097.399717365368 60.10652128933674 12988.522996582255
64 580.49319275374 49.492541777005684 130.4395216641985 173 179.9320634412042 12860.074208610731 9.370719461135423 12801.210947372585
26 224.256976653635 49.166076784459406 136.983310519297 183 186.14938730375644 13439.824839259876 61.77335737787871 13328.885405097535
8 41.986912173016734 52.3067533958957 148.096340242541 191 200.40309363843673 13665.062381499903 81.62799875571673 13531.127629348295
39 368.2170567056024 53.18839272159058 136.5715347913548 181 189.75992751294538 13359.848974760298 1.8839408466601526 13304.776641192044
61 563.0698125291987 49.10353335117486 136.01409781929013 177 185.11763117046496 13170.820311490996 36.46484752619517 13085.251930613622
13 102.44160327115834 48.66855312643326 138.27982078386492 189 186.94837391029822 13649.518280330183 37.26621283917723 13563.583514364576
15 130.1208039774106 48.38369908993679 141.02498742651292 189 189.4086865164497 13735.146554444578 50.19858666224749 13636.564268692386
76 711.7737617935782 49.855848384541744 128.0885340530925 179 177.94438243763423 13248.065287640862 31.29165331216757 13166.917785944148
12 100.04817069140299 53.77958135281535 140.91383467175226 193 194.69341602456757 13896.656653210684 46.64788453611813 13796.22918732175
65 603.6758421607353 52.692651436302185 136.86555978414125 181 189.55821122044347 13407.111274585724 0.0 13354.418623149424
23 207.19090322473815 51.45462226947584 145.97530499693076 191 197.42992726640662 13937.230382573589 45.15154091353156 13840.624219390575
49 470.6236679961588 49.98966282310644 137.01865799814058 187 187.00832082124703 13762.402029065957 0.6207375519924199 13711.79162869085
33 330.65957914886764 53.259379600583564 144.23688121328397 191 197.4962608138676 13970.591508133279 47.27340058417673 13870.058727948515
47 453.0292891441805 54.713503305232976 142.51349244620852 191 197.22699575144148 13999.500040240742 17.154916758964646 13927.631620176546
54 524.2687334963916 54.93325817720208 141.84696189230104 191 196.78022006950312 13991.642810999037 44.020454777259715 13892.689098044571
35 339.3555979566497 53.57365557261505 141.19132753659972 195 194.76498310921482 14200.754768203169 18.734630989692846 14128.446481640867
22 196.7630699747669 55.772324728294805 147.84303891513835 199 203.61536364343314 14361.324482778158 64.36348754709346 14241.188670502761
90 891.9057173494352 53.555791062036135 140.42024214567326 187 193.97603320770935 13676.739668642145 0.0 13623.18387758011
100 1067.8142910493325 51.7884179085933 138.76568709739672 185 190.55410500599 13502.491161198195 0.0 13450.702743289601
68 629.414077852693 47.579300801474105 137.86271417941023 191 185.44201498088432 13970.88518559002 23.90476129716808 13899.401123491378
58 546.1436509097399 53.34621195964794 139.31673872646695 193 192.6629506861149 14098.104641171023 33.88877277402764 14010.869656437346
0 4.857641678517938 64.10851712220044 153.69141783504136 213 217.7999349572418 14679.495411944825 56.34509495935227 14559.04179986326
24 211.38415191722825 56.99534382546949 151.29242952795826 201 208.28777335342778 14487.163749438141 40.293225540694465 14389.875180071973
69 639.0578752114632 52.811456936487104 144.60783460223848 193 197.4192915387256 14069.436212460017 13.381367260530737 14003.243388262998
97 1021.7015846747311 50.62769629964622 137.02852413419185 189 187.6562204338381 13726.788625507916 0.37801325873431324 13675.782915949529
78 727.2452862227946 51.45515949060608 142.86920580089622 193 194.32436529150232 14047.143456510186 4.0271141906083585 13991.661182828979
27 235.05371032605282 56.210564638304554 153.19236710539585 203 209.4029317437004 14594.704188424104 54.3752452812501 14484.118378504541
21 186.3184625732414 55.67362279109425 154.38665027996666 205 210.06027307106092 14674.209068923235 52.52335559427874 14566.012090537863
45 434.17005820429046 55.46715222541719 149.14759689589377 199 204.61474912131092 14431.05941616651 30.46263694989034 14345.129626991198
38 357.01470453498723 58.502251562949745 152.2668323786745 201 210.76908394162427 14511.509023727267 51.45200246673113 14401.554769697588
16 142.2112362524677 59.416386128649606 156.96044452660436 207 216.37683065525394 14739.367707993972 34.76835526959391 14645.182966595727
56 542.1393064206892 58.524240068708814 149.34225747008205 199 207.86649753879087 14393.012634303628 36.42679720905949 14298.06159702586
74 702.1469967609194 56.675350023500314 145.57167473845638 197 202.2470247619567 14237.736397571762 1.7072972353165596 14179.353750312946
83 800.1833539745338 57.63926874428434 147.23932933132704 197 204.87859807561136 14198.326226035315 0.0 14140.686957291027
3 18.088129149661484 55.68043569481844 164.25748410303194 217 219.93791979785038 15025.543387025382 87.43628371399159 14882.426667616573
102 1085.5444441262978 58.34298378833906 146.3447847096 195 204.687768497939 13964.602247244522 0.0 13906.259263456179
96 975.3637459011552 54.465608207162724 149.87766333050342 197 204.3432715376661 14105.207181687432 4.059353635521575 14046.682219844752
10 49.47757161268667 57.35515476680138 161.25293610895542 217 218.60809087575677 15053.709692721308 101.90501777607204 14894.449520178434
17 143.09918224815857 59.15558954334672 158.33412557910106 213 217.4897151224478 14975.546047442065 65.38775297052968 14851.002704928185
7 24.11166834674374 57.58545249800322 167.1085843205482 219 224.6940368185514 15100.229692788258 78.2896142623934 14964.354626027864
79 764.774962761195 57.053439769261 151.44290488990234 201 208.49634465916336 14375.101562131209 0.0 14318.048122361944
20 181.26177872204715 56.7664623004139 159.49941773729063 213 216.26588003770456 14996.04193119454 66.13286218304563 14873.142606711082
28 275.7013519290549 60.78935038433499 158.14473838787487 211 218.9340887722098 14908.992460252059 32.6355305285951 14815.56757933913
63 574.2036562865189 58.15133710248404 150.93172458333837 205 209.0830616858224 14611.504551122396 34.77262738842387 14518.580586631491
84 810.2939591858835 54.21994766669045 154.87768362751956 203 209.09763129420998 14426.459793912485 17.40325444796781 14354.836591797824
48 460.75107900030866 60.82828501880889 155.01144435642397 209 215.83972937523288 14793.229118102863 21.035431183582944 14711.36540190047
75 709.1561943648003 51.73064467621075 151.47719555629303 205 203.20784023250377 14548.485885474052 40.09966358281224 14456.655577215028
42 401.98170188214385 62.250817778862434 156.7396908405461 211 218.9905086194085 14895.437488460053 55.2795812186219 14777.907089462571
87 842.1050664293655 56.78622548416254 152.2819103403162 205 209.06813582447867 14469.28468182363 12.08055953947462 14400.417896799992
88 857.7472070362958 64.88038038366601 147.5186111716457 205 212.39899155531168 14458.837831462935 0.0 14393.957451079266
62 569.4953140611212 53.155675809839366 161.2886512583139 209 214.44432706815326 14762.30318599223 24.754834864583472 14684.392675317806
19 150.58366140451346 57.803669491910945 161.81813616897628 219 219.62180566088722 15193.88442281119 52.95671541546062 15083.124037903819
95 974.8529053227256 56.21633854809627 155.85179335477562 205 212.06813190287193 14386.027783226164 4.977859298247267 14324.833585379818
55 533.6818004882143 61.32022587748842 159.66247781928155 211 220.98270369677 14828.41906449545 19.403080188870717 14747.695758429096
14 109.7360181230533 59.897447450490525 168.75658574073336 221 228.6540331912239 15263.213761693765 90.14868850402824 15113.167625739241
98 1036.4163134924543 56.39987980402158 151.62329858618125 205 208.02317839020282 14338.99771360366 0.0 14282.59783379964
99 1059.4937418881539 54.045074300732026 152.06540711004808 205 206.1104814107801 14319.725746479915 0.14048623848384523 14265.540185940703
29 283.92438937154446 65.27369673041719 162.25780305553937 217 227.53149978595656 15117.02237945081 55.501657124316864 14996.247025596067
70 640.3877101072507 60.175467613712776 157.35208646993703 211 217.52755408364982 14762.189511067898 8.251407252579952 14693.762636201609
80 785.5535738464233 58.44527350825493 154.87413898460676 209 213.31941249286172 14624.821079494055 5.976410490802891 14560.399395494995
9 43.76915284763098 60.634473186772354 170.22734799450205 227 230.86182118127442 15373.869731600018 103.66154572330466 15209.573712689946
44 431.3295445294478 55.35922867878327 151.47515520473868 215 206.83438388352192 14998.639829244314 46.67830049793923 14896.602300067587
37 356.3893829030264 60.00781699890859 162.7623409482854 217 222.77015794719398 15081.348734831074 38.4012831400085 14982.93963469216
104 1104.162891054976 55.26089984247439 152.65425982809828 207 207.9151596705726 14343.110879231624 0.0 14287.849979389157
30 290.53771093216756 60.553345964069145 167.08272601178606 219 227.63607197585526 15158.73704217402 54.59134310937401 15043.592353100568
81 786.6599615848074 61.44776882180793 154.57492859701185 211 216.0226974188198 14667.698090098334 3.2768373566181026 14602.973483919908
71 645.7227917710529 55.12530722840192 163.12031752597986 213 218.2456247543818 14809.445044348096 0.6992399273231058 14753.62049719237
89 869.457540049924 59.42475553847534 157.67606359506 211 217.1008191335353 14601.040747318344 24.67491372487393 14516.941078054999
36 349.6706636284348 57.341109887270534 161.6200726615612 219 218.96118254883177 15123.286244620973 32.05151023042811 15033.893624503278
31 294.8551535289058 59.98548012334576 163.55322061738025 221 223.53870074072606 15193.970025648583 39.45983442136662 15094.524711103872
46 435.307114716262 61.69536719244331 163.39007465219555 219 225.08544184463886 15064.881749928232 50.91679185352308 14952.269590882272
66 606.5470287425238 60.08064955083991 161.10243407854614 217 221.1830836293861 14902.410216421878 0.0 14842.329566871034
94 964.5722944199027 58.08224299753623 161.23059207670198 213 219.3128350742382 14558.657077289789 21.385556919197825 14479.189277373052
93 917.9007766555987 62.45482806178073 160.24192614639037 215 222.6967542081711 14621.765048897445 0.0 14559.31022083567
40 373.07369463286403 65.33132795357953 165.91754114719203 223 231.24886910077151 15170.876554007355 49.9260145826035 15055.61921147117
85 821.1612665509591 60.18542837362039 169.54535413309648 217 229.73078250671688 14727.125330716384 11.25529311421451 14655.68460922855
86 821.2148015744781 58.343075392311206 165.85502887168514 217 224.19810426399636 14730.473100180223 10.81040299558606 14661.319621792325
92 917.4101608269171 61.70592505637216 173.30823668059142 219 235.0141617369636 14663.919091662872 0.0 14602.213166606498
82 799.6749196458675 61.79182353321863 167.43099598661738 221 229.22281951983598 14785.33357345532 0.0 14723.541749922102
91 893.2874981570283 65.34962599215282 161.07324787861032 221 226.42287387076314 14700.189647643352 0.0 14634.840021651196
52 509.20969400806314 64.42086340010283 165.3795313518707 227 229.8003947519735 15090.57256051178 8.798812168520953 15017.352884943153
67 610.1267793195368 66.54290141343493 168.50712928759356 229 235.05003070102848 15012.548523635147 0.3147208160711443 14945.690901405645
57 542.3500598965625 63.144886517712926 171.30121383867422 233 234.44610035638715 15097.294246457703 37.32822723979848 14996.821132700192
51 477.38822989855515 64.5468024220243 175.5571048953595 235 240.10390731738374 15169.335925398958 0.32992831646919285 15104.459194660469
53 516.4487768998141 70.3521178803258 171.3408676102702 235 241.69298549059602 15133.367107018934 64.86621099231468 14998.148778146291
101 1079.0991997476879 61.27831668240458 172.71373919086 229 233.99205587326458 14574.364696330587 0.0 14513.086379648184
73 669.7410298319865 63.949352506602786 177.88126012373547 235 241.8306126303383 14986.718851874188 16.763719570573926 14906.005779797008
77 723.5370534301802 69.1070978257752 186.06654363336997 247 255.17364145914522 14949.975033626197 6.843141234086033 14874.024794566345
50 476.9885817673627 67.50580918122665 187.8060799351128 257 255.31188911633942 15204.508927308123 0.26919779621141515 15136.733920330691
