# Cpu scheduler: sjf
# Quantum: None
pid arrival_time cpu_bursts_time io_bursts_time nbursts bursts_time tat ready_wait_time io_wait_time
11 65.00426337516727 94.63241681351725 71.71899461509966 11 166.3514114286169 467.91673704864354 32.27103264803273 341.0132875870936
7 30.253750448750672 86.6878950226406 68.29751262496491 11 154.98540764760554 666.0294876212876 141.06623704392297 438.275355554724
6 28.041961510666148 123.05300603990214 94.71297731633679 15 217.76598335623893 693.0322741946486 53.83280209213886 516.1464660626076
1 2.971163383243125 125.65534436199835 120.5938760156628 17 246.24922037766115 755.3858892538494 55.884608195725136 573.8459366961259
2 5.360877966170289 93.63984438534897 84.80153692720457 11 178.44138131255355 808.44000636673 234.64549036666142 480.15467161471963
9 59.371418196872696 43.02407077539085 107.9017489040008 145 150.92581967939168 10341.409419451378 79.84529832277623 10218.540050353215
14 131.88341052961928 48.256181008381375 125.06701332645285 171 173.32319433483423 12377.461443021766 51.777374676083696 12277.4278873373
37 328.9838830536967 49.355508007370325 126.97013169528111 167 176.32563970265142 12345.044978617894 47.98368362251318 12247.705786988008
40 342.30558997653407 44.30527961624918 120.02759430812445 167 164.33287392437362 12344.863108950802 23.095584054818005 12277.462245279741
93 831.8930542860578 44.1707129888227 119.83706608168173 163 164.00777907050443 12083.287763995908 0.0 12039.117051007086
68 635.3054986838878 46.02724011308517 123.10538400067742 167 169.13262411376257 12374.75150239113 0.0 12328.724262278041
47 376.80273526077207 53.24231926860977 131.33669126189898 175 184.57901053050875 12943.939401400019 38.006658153365436 12852.690423978042
78 718.5797508345622 48.54788175265631 128.03345959436112 171 176.58134134701743 12664.334479992778 9.742200650050904 12606.04439759007
48 389.5358453392766 52.83016151470457 134.33068509930655 179 187.16084661401112 13174.234519202959 21.981855781254296 13099.422501907002
50 399.80268223943034 50.84635777527844 132.88932922117442 179 183.73568699645284 13188.904392919403 6.033031477818554 13132.025003666304
58 514.2567221248069 49.52925239907345 131.55549404159945 177 181.0847464406729 13093.984210083067 14.066474397493607 13030.388483286493
12 74.27863071494828 49.65095968970786 139.90563863327205 189 189.55659832297988 13580.133491278391 67.63444467742399 13462.84808691126
5 20.968669508960588 55.966699752014726 146.4609406291024 195 202.42764038111716 13664.395124384033 33.24832355989 13575.180101072123
4 14.800841222485413 52.32804478959264 144.6698594070549 195 196.99790419664757 13699.54239412608 76.81722229699749 13570.397127039494
90 822.0489503787625 49.315111259674765 134.38978491727295 175 183.7048961769477 12904.247180273518 0.5414482737623985 12854.390620740083
8 43.86243637278144 53.398824241809386 145.03590598740067 193 198.43473022921006 13731.900022130329 75.5758448372423 13602.92535305128
45 368.9549688709898 52.79796656735363 136.061503002128 183 188.8594695694817 13492.82104007715 35.8491152344846 13404.173958275305
61 552.7432436702996 51.42436700167709 135.957177812372 181 187.3815448140491 13332.084577553569 23.565694956182256 13257.094515595705
72 653.7424041739478 49.6029947090855 136.33715113373097 181 185.9401458428165 13303.488510542062 22.520618605374807 13231.364897227599
24 231.66520340748076 54.80510472191616 135.41532669260505 189 190.22043141452122 13765.8030572207 55.95257287664805 13655.04537962214
32 305.6829909034593 51.01906498762294 137.68129920490313 187 188.70036419252608 13695.922646293344 44.32042709571982 13600.583154209999
51 419.7381731022122 50.03742998980631 136.58692574420797 185 186.62435573401427 13588.12994586296 17.188663765185993 13520.903852107971
33 307.3958990615982 52.36490354003661 136.5621179869227 189 188.9270215269593 13818.24414292136 42.23450961415779 13723.644729767164
26 279.2869282777343 49.640964464380744 141.1026535279922 191 190.7436179923729 13899.34705298796 31.878238176213983 13817.827850347365
18 212.15700362243018 54.64844213501207 148.90546417183248 195 203.55390630684454 14060.198186536365 25.900798717990057 13979.64894568336
3 8.12710511507203 57.72818129765062 150.63604734150897 205 208.3642286391596 14274.222731847338 66.17250675678812 14150.322043792901
66 611.4741190215125 51.84627349431236 139.8872166745493 187 191.73349016886166 13678.95816908621 21.467690311139336 13605.644205280762
29 291.4198564314174 53.66357692231622 148.60566052823245 193 202.26923745054864 14050.065957447767 36.48421037557182 13959.91817014988
95 837.3728942887913 53.383593407439804 133.0021191907431 185 186.38571259818292 13510.1887759866 0.0 13456.805182579163
75 688.2599645845986 48.994482083644165 140.6827328213884 187 189.6772149050326 13663.784157653363 9.496619233835645 13605.293056335879
83 769.5914748330827 53.674103387237885 141.76553335849812 187 195.43963674573598 13639.544685641677 0.4911363974900951 13585.37944585695
70 649.1088040370734 50.2401504979116 140.811547757855 189 191.0516982557666 13773.967250286874 20.392582686139576 13703.334517102821
39 334.76222310826444 53.860108816021224 149.15461955484008 195 203.0147283708613 14135.155905443093 22.261292365689258 14059.034504261383
86 798.7119172434838 51.07847311964656 137.92968351624415 189 189.0081566358907 13732.659903427613 19.44916076518905 13662.132269542777
0 2.971163383243125 57.721675042236754 159.35019630179602 211 217.07187134403273 14531.3240740623 92.00397765609887 14381.598421363962
23 228.76995912329303 54.052901750900894 146.25365155907969 199 200.3065533099806 14331.182421658787 52.24497424157113 14224.884545666308
63 578.2084998825757 57.290209397503126 136.94381406217389 193 194.23402345967702 13999.353934446093 11.659876815757457 13930.40384823283
38 330.9350907983118 55.96482159716546 143.73670226218178 199 199.70152385934728 14339.86554563537 22.674055070812813 14261.226668967389
44 355.9659212289991 58.47251548380455 150.16260493826186 199 208.6351204220664 14333.894970758065 15.920472553069203 14259.501982721195
20 214.3191546012036 57.43057879543491 148.4398288080282 203 205.87040760346312 14479.78220052154 30.294719153309046 14392.056902572796
54 467.5001957923367 55.04812945954216 146.8646632225234 197 201.91279268206557 14234.530789463306 0.7346049028574271 14178.748055100907
10 59.92821468386856 57.70868104559033 158.17830731659427 209 215.88698836218458 14666.980975655333 65.46019814126075 14543.812096468484
56 491.5381320558769 51.836690716109885 146.8610827277676 197 198.69777344387745 14242.514601140865 33.643718939872656 14157.034191484883
31 298.0216613655636 56.13685539747937 146.86204526777527 201 202.99890066525464 14441.797017597797 29.161240593202535 14356.498921607115
34 317.73064177924005 54.66162952366811 149.98508781711791 201 204.64671734078598 14436.053885569305 30.909692878477983 14350.482563167161
77 704.9603949317894 57.406685255289084 140.28185463272595 195 197.68853988801501 14050.366752003962 0.0 13992.960066748674
64 580.191770136646 57.66362566990105 149.18436349740352 197 206.84798916730455 14178.257338307621 9.256267819661048 14111.337444818057
62 575.593556837756 51.187347352739835 148.3310984243665 197 199.51844577710636 14186.290845603986 17.787826341485356 14117.315671909759
13 124.44762871673352 58.508690979038604 149.04155589164026 207 207.5502468706789 14649.759667833705 59.49357029032943 14531.757406564342
43 351.9771349201491 53.868967024782044 151.63069384943543 201 205.4996608742175 14441.067204405692 18.453104337546563 14368.745133043369
87 800.8365492995862 57.72929749605525 147.23221269842867 195 204.96151019448394 14029.862003184528 24.162042767759544 13947.970662920708
19 213.33940281714194 56.75885367977722 153.91250676752955 207 210.6713604473068 14661.525929922882 6.293332297444607 14598.473743945655
49 389.90966802725563 55.62510650558589 153.68075620169324 203 209.30586270727918 14520.930937740517 18.240094133035143 14447.0657371019
100 864.4604602128834 57.10246982478714 147.68022801094705 197 204.7826978357342 14063.35447666677 0.0 14006.252006841982
82 758.1264640105393 54.99561382957831 148.144510422606 199 203.14012425218434 14185.070260343291 2.730727669502471 14127.343918844208
17 196.86865154782546 60.73236904098149 156.60377660407983 209 217.33614564506132 14752.223515265812 31.975835036529702 14659.5153111883
67 627.942178364255 55.32832495521127 147.32984043293513 201 202.65816538814641 14327.491047700349 0.38820533329487716 14271.77451741184
74 670.3463408318031 54.8966598869464 148.47114915230327 201 203.36780903924966 14307.486214746688 0.7317982316513962 14251.857756628096
89 817.8221532265154 54.657111271385865 149.36697855246834 201 204.02408982385418 14212.084791346426 0.08847017302059612 14157.339209902018
76 694.7136988617373 61.6066987291729 154.2693524695525 203 215.8760511987254 14348.861779502635 1.711029888561029 14285.544050884895
102 871.9569674702003 58.39343878483845 147.2859939368611 201 205.67943272169956 14187.74937939711 0.0 14129.355940612273
30 292.8100054170761 64.55683624219365 158.67077560627231 211 223.22761184846593 14794.035820664543 42.98471173175659 14686.494272690594
97 852.9181015877649 54.46601177521593 151.3187414459144 203 205.78475322113036 14251.567544648491 0.0 14197.101532873274
79 719.8671181965623 55.73924017024414 153.93168312683474 205 209.6709232970789 14388.079709653804 1.6536095092442338 14330.686859974321
98 859.6590779362468 53.096420900751426 150.67098329548645 203 203.76740419623786 14249.43790459391 0.0 14196.341483693153
21 217.2874593846047 64.33167977597296 164.10856600007227 215 228.44024577604523 14910.69784358188 6.3712888946615465 14839.994874911245
104 898.901742896401 54.50541159726255 153.9138618751428 203 208.41927347240534 14230.086270891314 0.0 14175.580859294054
73 663.7306865581419 55.433317956919964 156.58104874264853 207 212.01436669956854 14478.511630504836 2.1016672717366873 14420.976645276176
15 145.32874836608698 59.61929341093826 162.86791208077648 219 222.48720549171475 15040.944762872663 35.01976032482199 14946.305709136897
71 650.1361472489534 58.31573275553293 154.46516039762437 209 212.7808931531573 14542.588801449921 25.185432625688918 14459.087636068702
88 802.2566561309916 60.99214427838054 155.2567394201896 207 216.24888369857024 14397.811743901033 19.472301184545472 14317.347298438115
91 823.6973377396694 58.44208953836825 153.32933870925885 207 211.77142824762706 14377.2819074048 0.8939008202320338 14317.9459170462
65 584.6205653705897 58.367389455011825 161.81499911562082 211 220.18238857063267 14636.375927647432 14.487803589907116 14563.520734602514
16 154.6017253572032 54.29711984693485 163.6453737331201 221 217.94249358005493 15070.416699175381 32.679102516605695 14983.440476811835
81 750.369862818457 63.074460540913776 152.87685849282872 209 215.9513190337425 14479.37854376985 15.12234431075467 14401.181738918189
69 648.0084638349017 58.807990571954335 158.9362182602365 211 217.74420883219085 14588.277998703725 27.483272608382777 14501.986735523393
59 516.2883555301817 57.05384489960547 161.82646022424169 213 218.88030512384717 14726.833706006031 20.24830241652728 14649.531558689896
94 832.3158459410926 57.831429597096694 156.0225327867929 209 213.85396238388955 14413.723725945352 0.029049233993873713 14355.863247114265
53 426.0704822198521 58.19085094353461 154.97657565129538 215 213.16742659482998 14825.356247546088 38.58265373250072 14728.582742870047
25 266.19617673039244 65.41428264017 163.55830064164354 219 228.9725832818135 14995.481939009322 49.75601404840171 14880.311642320745
46 373.76472182946037 60.697062752188415 162.3024985286516 217 222.99956128084003 14902.8831744602 35.826717559681015 14806.359394148325
52 422.63222070906465 61.80464002358044 162.70353740000795 217 224.50817742358836 14859.116080910706 12.99083491524857 14784.32060597188
60 527.0412716473691 59.48601420580073 162.60884504759517 219 222.0948592533959 14802.173853344997 15.757238212366246 14726.930600926837
92 829.2377756404904 60.00286523312618 160.92119285473132 215 220.92405808785747 14501.25601619534 0.0 14441.25315096221
42 349.69823349107196 62.06357764865438 163.34002207122006 223 225.40359971987442 14994.80081278199 32.41530820803632 14900.321926925299
41 347.00272947360753 64.04645583611708 163.40020487310142 223 227.44666070921846 14998.944177078203 28.499595058312764 14906.398126183765
35 322.8286255698799 63.66132860524499 167.97094684978072 225 231.6322754550257 15038.96588280804 45.28452816477363 14930.020026038026
55 476.06831783443414 56.8466721804494 162.11567728564668 223 218.9623494660961 14895.170378073532 0.0 14838.323705893084
28 289.5516529209808 61.2609940734706 168.95104287306688 227 230.2120369465375 15088.275829387901 37.48901088992051 14989.525824424512
101 871.1665879371038 58.601417178328866 163.53825724527778 219 222.1396744236067 14512.29340303081 0.0 14453.691985852474
85 795.1917812591947 58.28118560254256 165.41151559328006 221 223.69270119582262 14595.111145665656 0.0 14536.829960063105
36 325.4807977872019 60.03396796750293 171.0562231304221 229 231.09019109792501 15073.332360281402 40.923244688854766 14972.375147625044
80 742.2578632070679 60.27625081058797 168.4003817194086 223 228.67663252999654 14660.028155933061 17.81959532100427 14581.932309801472
84 772.2661213280256 63.016875416004424 167.21189641527778 223 230.22877183128222 14633.294639904234 0.1888294637137733 14570.08893502452
27 280.93512685282286 62.714340664005846 173.77031532523623 233 236.48465598924207 15132.50181378757 4.921685538208408 15064.865787585353
57 501.45789576290963 63.45216642773243 163.32569793219625 229 226.77786435992863 14914.807426571337 28.272900119911128 14823.082360023696
96 844.3079306608273 63.53540118910104 170.2028818731872 227 233.73828306228825 14579.855681176003 0.0 14516.320279986898
103 875.3847793315438 57.78521233435464 171.66835259735785 227 229.45356493171246 14552.249472013697 0.0 14494.464259679346
22 219.7370243774413 67.44979898194777 177.51235124188884 239 244.9621502238366 15209.462652532946 34.16359513957519 15107.849258411432
99 862.0605875604639 62.956836939166976 173.47859925017477 231 236.43543618934171 14569.581117462893 0.27191347718996894 14506.352367046538
