# Cpu scheduler: sjf
# Quantum: None
pid arrival_time cpu_bursts_time io_bursts_time nbursts bursts_time tat ready_wait_time io_wait_time
3 38.79903009605636 41.27301545921904 31.77830648688973 5 73.05132194610876 140.53007593100227 55.48735882660017 43.76970164518306
1 17.39942324779616 77.24721982654506 59.103658075837885 9 136.35087790238293 434.7920377954344 177.17946761665874 180.36535035223062
13 90.47662441202358 67.8589262356327 65.05165411089104 9 132.91058034652374 549.5589366208186 179.62671289041435 302.0732974947716
9 59.672947682168264 69.20843393782397 44.21211908989578 7 113.42055302771973 616.4894335501199 243.22600144646188 304.054998165834
10 83.59806631122214 97.1996582202871 96.18209575521976 13 193.38175397550685 681.374720324034 63.27227484715459 520.9027872565925
12 89.37378146572736 90.94223541116432 71.07443733312138 11 162.0166727442857 813.7950709124344 227.42626453007875 495.42657097119127
6 55.904649575788056 97.460384202438 73.36152539194354 13 170.82190959438154 931.8356322134708 210.81158115584054 623.5636668551924
7 57.39507535050148 103.26753884367692 96.25603692601123 13 199.5235757696882 1035.08663343932 200.52083548764608 731.2982591079968
5 47.94253079908762 76.70288555064928 56.372940439293316 9 133.0758259899426 1251.30188387012 552.358398752221 622.2405995672495
11 85.96871888423927 145.67778226462917 118.82026352228478 17 264.49804578691396 2337.1623079412925 594.0721579350082 1597.4123677416549
150 1515.712211869874 39.71696886351322 104.50478999895036 145 144.22175886246356 21507.499132642744 0.0 21467.782163779233
50 506.970034482514 44.078500693742754 120.84714115094229 159 164.92564184468506 22814.937419859958 10.433456819406786 22760.4254623468
69 705.5932908996858 44.79675403004871 117.13369123269257 157 161.93044526274127 22763.835061768095 6.96139366710554 22712.076914070945
139 1407.3065742858687 43.07353875315562 111.07018044879766 151 154.14371920195327 22347.86975964564 0.8104769777983165 22303.98574391468
146 1470.8670125005306 42.80557980865205 113.76043871458732 151 156.5660185232394 22383.468686027503 0.40119302177595273 22340.26191319707
18 137.6617502975224 41.902742392338055 128.4000079283937 171 170.30275032073177 23744.77979334497 72.58024996082116 23630.296800991808
45 449.0599431330888 42.049592022157675 119.42559505731273 165 161.4751870794704 23554.028918428805 66.52540264550493 23445.45392376114
126 1274.2053473970684 45.98472200041303 115.74540943962519 157 161.73013144003824 23152.523495887093 0.3378076825001699 23106.200966204196
114 1188.1916224896315 46.114032296755056 115.29684174050718 159 161.4108740372622 23377.91686333136 0.0 23331.80283103459
25 243.34012370732097 48.24786173680895 127.95435233531543 173 176.2022140721244 24472.66412039842 96.22255126503052 24328.193707396582
29 276.9432282856988 45.354751178194775 129.34235912312357 175 174.69711030131833 24760.097090742136 85.0116175040626 24629.730722059874
203 2076.2324966858523 47.619741814757425 110.15150525701836 155 157.77124707177578 23070.113718061104 0.554333420121111 23021.939642826226
27 257.0566723197714 49.01851999519515 133.47677275043958 177 182.4952927456347 24955.08271301971 20.688950672471833 24885.37524235205
62 644.1016323224743 46.279803720127056 126.35358126948756 171 172.63338498961463 24710.03089477485 0.5588448976353675 24663.192246157094
133 1330.4770450943101 46.509455170177176 121.78226248785496 163 168.29171765803216 24034.009705531327 0.0 23987.500250361147
36 321.4722339331778 51.341358384930366 132.93942935321434 177 184.2807877381447 25132.628007376818 63.4801565520259 25017.80649243986
75 785.0444484901616 47.70807027898912 128.76246153348927 171 176.47053181247838 24832.403811217486 8.996778508069951 24775.698962430437
152 1539.8028543459243 42.751507072942736 122.31176803982947 163 165.0632751127722 24125.640183113097 0.19379141144622736 24082.6948846287
106 1104.3830876742768 46.398222636243695 125.87712721127166 169 172.27534984751534 24751.71945139589 0.32776208941550067 24704.99346667024
55 559.2608858976606 49.77800332977659 131.9531174361831 177 181.7311207659597 25452.88948566167 47.94328889537644 25355.168193436526
2 37.191729299964365 51.01849398176208 147.16676745975377 195 198.18526144151582 26154.404192364527 88.49430942280088 26014.891388959964
135 1364.8631477175315 44.56599622181844 129.38655901957986 169 173.95255524139833 24896.455672709435 0.4106090270029199 24851.479067460612
97 1026.4710162615777 50.86374039931399 129.97042107784085 173 180.83416147715482 25289.709863696167 27.842091548470535 25211.00403174838
47 481.156627653151 47.38418083560705 137.40375288949292 181 184.78793372509998 25888.64921912104 19.292893258958827 25821.972145026462
20 161.89081580689827 52.00840636953646 143.96909720904492 189 195.97750357858138 26275.443587295038 30.733817570218406 26192.70136335529
21 167.6586505431856 47.05293365415651 139.12599161402434 189 186.17892526818082 26376.63172587786 150.48396630037374 26179.09482592333
142 1448.8544596327306 44.635529629396395 132.0691587369035 171 176.70468836629993 25182.26608731654 0.0 25137.630557687145
0 17.39942324779616 51.65929296733709 152.79102297568966 201 204.45031594302674 26620.165547105884 87.05334919140101 26481.45290494714
33 303.0388424139844 57.67893263864273 137.00900553215047 187 194.6879381707932 26422.01274505672 47.48828779967346 26316.84552461843
59 621.5164052450773 50.500421487567294 132.49305288135153 183 182.99347436891884 26309.636149860744 27.04010303746429 26232.09562533572
108 1112.5517631061596 49.36195797008698 133.6890939956545 177 183.05105196574152 25825.96362508076 23.53355982477501 25753.0681072859
53 519.8687141731359 49.02978281282935 139.94846490849 185 188.97824772131935 26497.3106767764 22.647217165112693 26425.633676798458
4 43.41202913628153 55.20084292960137 146.85177080113652 201 202.05261373073785 27094.63189995426 80.58065825755142 26958.850398767107
57 600.2715992747504 56.00543666034313 138.79104612044665 185 194.7964827807898 26589.599663390723 54.683130857462174 26478.91109587292
92 962.9128995150446 56.986688028241765 133.94595173497578 181 190.93263976321754 26259.229512111884 0.3579047327605167 26201.884919350883
43 431.87800347377294 51.773909591523314 138.72555222049868 189 190.499461812022 26873.42676666165 73.55482091309966 26748.09803615703
8 57.72448082325291 54.39465664659901 149.3886544264767 201 203.7833110730757 27262.060659638115 106.67242377238662 27100.99357921913
64 657.7086600013737 52.089080892306356 137.7354392062655 187 189.82452009857184 26820.63443403378 17.48049723369104 26751.06485590778
154 1546.156134408069 56.10880996534384 132.61862451619697 177 188.72743448154085 25955.998835317732 0.0 25899.890025352397
95 1012.8898575545792 48.250047396650444 131.44480819760764 183 179.69485559425812 26512.382669226514 0.0 26464.13262182988
81 864.9372555851527 48.7791377047716 141.24763010882842 185 190.02676781360003 26683.860852497055 37.14217779983869 26597.939536992442
151 1536.6106937552863 53.65907351261258 132.62126431660096 179 186.28033782921352 26192.86763220914 0.0 26139.20855869653
200 2049.4948620227296 48.383131222482405 128.8136344900346 175 177.196765712517 25697.83219229156 0.14690255679397524 25649.30215851229
178 1800.8859585334799 53.231765718744825 126.41393555847314 177 179.64570127721797 25966.604663399426 0.0 25913.372897680678
38 335.86656531167665 57.40929270012123 147.27004299585766 195 204.67933569597892 27474.947103761933 41.92779918395871 27375.610011877863
40 340.45138294599246 52.810260094836934 147.00477757635176 195 199.8150376711887 27474.222380726056 59.23849025430826 27362.17363037692
88 928.6961494012312 50.8021246412371 141.70151368016613 187 192.50363832140323 26964.716939199538 1.1616261494536957 26912.75318840885
16 107.889376299024 54.65140746436184 149.5138536646928 203 204.1652611290546 27796.02903231741 90.8316163734277 27650.54600847962
131 1321.2881964157602 52.991272650277196 134.41714377110677 183 187.40841642138398 26630.763317001 0.7477378234598291 26577.024306527263
24 231.4619501009552 55.43921179466618 151.90050887238138 199 207.33972066704757 27747.383383571305 36.62579461442084 27655.318377162224
176 1779.764714724733 51.003347805671574 134.96158451139388 179 185.96493231706546 26200.659325629127 0.0 26149.65597782344
160 1605.55948063032 46.857440147642514 131.18987401554438 181 178.0473141631869 26417.38856408674 8.208594792030226 26362.32252914708
207 2152.062159335936 47.27412088863603 132.78839937901336 177 180.06252026764935 25900.66446211767 0.0 25853.39034122903
83 901.8504242026705 50.70426983693435 139.13101698207436 189 189.83528681900873 27170.981946116797 1.794780174148741 27118.482896105725
73 737.1268523207558 52.752000110442665 142.37138064908942 191 195.1233807595321 27358.35466819494 25.17965185554715 27280.423016228957
54 551.5186505940686 54.37975899643195 142.91976122859546 195 197.29952022502738 27737.05920162322 9.092828852146454 27673.586613774638
30 282.2255441921251 56.81959567369814 146.1817850662002 201 203.00138073989837 28092.507467863645 61.748161703007554 27973.93971048695
158 1577.728654937019 49.96111239910389 138.0248449260672 185 187.98595732517109 26881.65393359378 0.26618476619228204 26831.42663642848
137 1386.7041188172761 52.4959886119306 145.00704419383237 187 197.50303280576293 27080.400702332885 55.65033482802937 26972.254378892925
68 693.0217121529541 52.91464068637708 149.6400076948457 195 202.55464838122282 27805.290599652082 17.639746823594805 27734.73621214211
189 1895.9637845719437 46.315086921479676 131.25014882129983 183 177.56523574277946 26621.95144482288 0.7167682348306244 26574.919589666584
56 596.0317202444044 56.059339695523924 149.85886093930992 197 205.91820063483385 27933.05462140342 24.48575712963452 27852.50952457828
51 510.1515072392009 52.6797947723325 146.66374893816783 199 199.3435437105003 28065.86273679605 17.245699001274602 27995.937243022447
197 1985.9661321442013 49.10377931822188 136.71272535561954 183 185.8165046738414 26607.64480367063 0.0 26558.541024352402
19 144.607394471867 57.37435440652395 151.67808998074997 207 209.0524443872739 28456.924296610232 75.40191308401947 28324.14802911968
177 1783.217000547641 49.0676181584291 136.99078982248204 185 186.0584079809111 26859.18394283675 0.0 26810.116324678303
201 2054.068122792783 44.92502784815873 135.80582663862273 183 180.73085448678148 26592.12044954569 0.0 26547.19542169754
22 181.59284184426193 55.28112950834414 152.17604837371704 207 207.45717788206116 28503.676684182818 89.38820753108214 28359.007347143383
140 1412.667307002337 49.964508329500504 138.3267623561643 189 188.29127068566476 27291.855637469474 0.19608090223619 27241.695048237747
101 1055.909138222033 57.332653518976294 145.17526789531976 193 202.50792141429605 27671.942098085718 0.6211110911167452 27613.98833347563
61 632.716026066723 53.68942437047649 152.0829825384702 199 205.77240690894666 28168.936484779708 9.552877149359347 28105.69418325987
171 1743.0682663480059 53.30180417538612 140.48050675272168 187 193.7823109281078 27068.34760027355 0.0 27015.045796098162
34 305.94180337856864 51.98581329921239 155.18755969121426 205 207.17337299042666 28514.37382623218 37.424131948613365 28424.963880984353
134 1347.8365316663483 48.46117056862899 144.8326911461199 191 193.2938617147489 27492.51891404252 0.11994194570957006 27443.937801528184
115 1192.001744757835 56.080854395546595 143.59149433305595 193 199.67234872860257 27669.11473429472 0.0 27613.033879899172
183 1834.7235895314811 53.49098911781502 137.57451959511982 187 191.06550871293484 27053.572963151342 26.13941523904009 26973.942558794486
208 2153.450188151366 50.94259456825188 134.26736960482796 185 185.20996417307984 26746.140520919245 0.0 26695.19792635099
102 1063.908062555907 51.08025054572266 144.34616166002678 195 195.42641220574947 27857.322933146894 0.0 27806.24268260116
123 1245.6144584726821 55.4856127702892 140.18137080073498 193 195.66698357102422 27685.476126116955 0.2357668638269388 27629.75474648285
46 456.58853612744736 55.009199482283734 151.5977829168087 203 206.60698239909243 28482.451407254106 47.911170778288465 28379.53103699353
107 1106.113235552994 52.81166184177196 142.7766551820156 195 195.58831702378754 27857.058034020876 0.0 27804.246372179106
168 1712.8490442491272 47.47788255591329 144.03094240144918 189 191.50882495736246 27267.88582845143 0.0 27220.40794589551
41 401.07490804855075 54.46819666129676 151.5982050220044 205 206.06640168330117 28618.902504980357 45.06924241076064 28519.365065908296
204 2123.47514571884 55.66490693068849 132.7239015691421 187 188.38880849983062 26941.127734715476 2.7982131576800384 26882.664614627112
39 340.3454743427436 54.63562085942327 152.06805168839725 207 206.70367254782047 28738.18697258109 39.9831423112675 28643.568209410405
196 1969.4409414851193 52.608618111355234 136.85368460832856 189 189.46230271968383 27183.48404903067 0.449416654419565 27130.4260142649
15 101.46858219458808 57.30265183745975 161.55656901197023 215 218.85922084942996 29073.56018371809 72.32277168617541 28943.934760194446
32 300.6016106414803 53.9495661524418 155.60137952634886 209 209.55094567879067 28883.946468164067 43.76201195257704 28786.234890059044
77 828.117611233134 55.88937880448616 145.5010987149464 201 201.39047751943258 28367.489649964617 0.6825834990542035 28310.91768766107
117 1193.7255638839397 53.92374731951507 147.61353539504987 197 201.53728271456492 28030.35898097903 0.0 27976.435233659515
35 310.8363248893523 60.21675815582737 152.683656486159 209 212.9004146419864 28921.543514387242 112.44886501730855 28748.877891214106
122 1241.3092877832264 55.626702347252376 147.83956148937878 197 203.46626383663116 28032.18759575303 0.2635029867035428 27976.297390419077
145 1467.1519693669816 52.94046035212678 144.75142889169422 195 197.691889243821 27839.49122630128 0.024937446922194795 27786.52582850222
149 1482.2491544234517 56.687114678577785 143.66084734694215 195 200.3479620255199 27839.053957235268 0.0 27782.366842556683
23 196.75661314161397 54.561833157260395 153.54092736469255 213 208.10276052195297 29136.48865173208 77.29600122836257 29004.630817346453
172 1758.248410408318 58.821400148135275 147.46865557775055 193 206.29005572588585 27590.412185429348 0.0 27531.590785281212
112 1169.134554956233 55.518300244377 148.47013598840695 199 203.98843623278398 28196.400576446107 0.09835418834722987 28140.783922013386
181 1820.626894258922 54.10696249817951 147.3852092210349 193 201.4921717192144 27571.458749185193 0.0 27517.35178668702
141 1418.144000557074 53.59945129326566 149.61659942635174 197 203.21605071961739 28001.816838321007 0.0 27948.217387027737
28 272.74613247912214 61.16376249382677 161.20114119511473 213 222.36490368894152 29177.80974502122 59.18879152732518 29057.457191000063
87 923.3229744792011 57.18358470148765 154.04880795126616 203 211.23239265275376 28529.489251508185 1.314603052327243 28470.99106375435
143 1458.2491405556623 51.33432360536424 146.1157840272316 197 197.4501076325958 27995.93712771602 0.0 27944.602804110655
60 629.3157048329183 50.03968559280504 156.95854963712685 207 206.99823522993194 28839.7354272557 22.093897024846 28767.601844638048
148 1478.9241938946482 54.314647940536155 149.3662278566005 197 203.68087579713665 27997.358276008203 0.0 27943.04362806766
76 820.546294864227 59.50389019665028 152.61958845749265 205 212.12347865414296 28693.298767690554 8.546748524468512 28625.248128969433
52 515.8010848458205 60.35719988782161 155.8545950111177 209 216.2117948989393 29008.853114859347 34.67686578143855 28913.819049190093
113 1177.3596888153772 58.18044309342227 149.2332192519118 201 207.41366234533405 28354.108622428117 0.0 28295.928179334696
42 420.9324218572631 62.1767051496778 152.66506285008847 211 214.84176799976626 29129.361692895567 77.96088344874693 28989.22410429714
44 434.78363214055247 61.09012409684324 152.4160937559603 211 213.5062178528035 29134.66655885781 52.7971101934956 29020.779324567477
82 881.980516802799 59.981473275905955 160.15015878212972 205 220.1316320580357 28695.62511827404 0.08384015857950544 28635.55980483956
162 1642.534353506497 54.23247350388615 148.71842909232396 197 202.95090259621014 27941.576880815228 0.0 27887.34440731135
72 729.6110696704739 55.95511826438481 152.75432340841155 207 208.70944167279634 28860.878418168624 33.47248721601704 28771.450812688236
128 1306.9724152752742 59.98061087791469 151.01588054424954 201 210.99649142216424 28325.72790524278 0.8575716781069787 28264.889722686756
170 1739.101090567712 53.74081974670099 144.72684065253142 197 198.46766039923244 27904.725496169896 0.2768889861865773 27850.707787437
67 674.2833329533071 57.26907451950905 156.15840212691728 209 213.4274766464263 28974.762014703712 6.46810716192158 28911.02483302228
153 1540.743985861034 57.72100951952952 145.79380142378406 199 203.5148109433136 28119.55303506868 0.7790320198228073 28061.052993529327
144 1458.3009766099074 62.3827380178113 146.87675908318317 201 209.2594971009945 28284.91542389257 0.2553263664476617 28222.277359508313
91 947.0101547387083 56.58424747219571 157.2340328327901 207 213.81828030498582 28813.81429940657 5.1391725229582335 28752.09087941141
130 1315.050314241508 58.151229458599296 150.79452284169125 203 208.9457523002905 28458.442190081987 0.8070255077116144 28399.483935115673
31 297.57261544982407 56.672913060570664 164.75498344037112 217 221.42789650094176 29494.89763434559 47.834647587120514 29390.3900736979
94 997.4370633295924 59.29980425719482 154.91353070474213 207 214.21333496193694 28800.60654716525 0.7845464316427524 28740.522196476417
185 1850.693254120736 59.28008851006395 145.0908379763612 199 204.37092648642516 27968.188499825497 9.350481083170052 27899.557930232262
209 2154.268154142837 48.561812654648385 146.31028993118088 197 194.87210258582928 27682.247838774394 0.1685416684736083 27633.517484451284
187 1882.9951313954982 61.408081071454475 150.94272929950625 199 212.3508103709607 27956.22730989132 0.0 27894.819228819877
188 1895.2450351978437 49.66976108955417 149.55301431785134 199 199.22277540740552 27954.182548378252 0.7045322827975724 27903.808255005904
104 1090.207506284369 55.50263629575266 156.2642980362498 207 211.7669343320025 28771.20679042462 6.194185422492183 28709.509968706378
116 1192.264147318411 58.2960045111955 154.28251684276444 207 212.57852135396 28737.529843170843 0.15300193532493722 28679.080836724315
184 1847.82962918779 56.08955577420515 153.3895447578017 201 209.47910053200684 28087.90508622511 22.870000441930642 28008.945530008965
70 707.6209482477723 60.204756046374115 161.89098784485407 213 222.09574389122815 29233.480213288796 1.9437489527404068 29171.331708289694
206 2137.348017152146 51.18601068855319 149.2124447556723 199 200.3984554442255 27806.963036777226 0.7076180605940863 27755.069408028066
74 751.5926729828775 52.43479950691508 161.2642142817846 213 213.69901378869966 29214.595296245396 24.767601920352604 29137.39289481813
165 1684.7045530903965 53.86383502514732 146.22915263753455 203 200.09298766268182 28299.478001227708 0.06311812108788217 28245.551048081474
166 1693.1522631219425 56.52652285291328 153.8851121306336 203 210.41163498354683 28295.43062225322 0.0 28238.90409940032
199 2013.835158019922 54.93912195943279 148.7540437772622 201 203.693165736695 28000.673101431352 0.450421735305099 27945.283557736613
63 655.185219539409 59.320348426492814 159.24628316799289 215 218.56663159448567 29372.447728369298 25.088562485672924 29288.038817457138
96 1014.6841600539295 54.560047658927914 156.94426695188383 211 211.50431461081178 29024.15084808925 0.0 28969.590800430327
186 1865.3322218836984 55.990656686286044 153.97165949111061 203 209.96231617739664 28191.809606562685 0.537600137392019 28135.28134973901
84 919.8262286303692 58.420302529052265 157.6857192243586 213 216.10602175341091 29154.385974711546 1.121369481385841 29094.844302701094
79 840.356022136166 56.91278182408368 159.99924052477158 215 216.91202234885523 29288.304226555927 0.528291166979443 29230.863153564856
157 1577.388975729992 57.63458854170224 152.1908260668607 207 209.82541460856288 28558.74087014995 0.0 28501.10628160825
161 1626.676139524853 57.62591756124613 156.18242846757232 207 213.80834602881845 28524.22791490262 0.164522790596493 28466.43747455077
124 1258.1452147890539 59.693674106831864 152.05883459263748 211 211.75250869946936 28914.27998720998 0.0 28854.586313103133
193 1930.2105948060412 57.697258236519154 155.22073063125382 205 212.91798886777298 28244.379569882443 0.12765221242307234 28186.554659433514
147 1476.5871304469163 60.13906757499753 159.95853310932836 209 220.0976006843259 28710.122942793747 0.0 28649.98387521875
109 1126.199045101733 62.70212075937384 160.05856290044247 213 222.76068365981632 29068.26001838067 4.0317285844869275 29001.526169036806
49 494.3633709651198 58.81748034993618 165.58266291108438 221 224.40014326102056 29705.875199158774 28.11276874029039 29618.944950068555
132 1329.9560273030997 59.8550140189168 159.63051710435616 211 219.48553112327295 28877.637036933804 0.0 28817.782022914882
155 1553.1045439798504 61.123172736326325 157.1319313917038 209 218.2551041280301 28666.36543720681 0.0 28605.242264470486
205 2129.9395469449423 56.46058263621609 155.82628802215456 205 212.28687065837067 28106.204125968918 0.878061038618398 28048.86548229408
98 1031.8768187240078 53.61108407174721 161.7354364214882 215 215.34652049323546 29209.339950560352 12.234805026068898 29143.494061462538
26 255.07991471946326 58.58512535748206 165.04685439777384 227 223.6319797552559 29989.188797879826 26.868419098147513 29903.735253424187
37 333.21409603530475 60.51483666405711 165.80712296172607 225 226.32195962578317 29920.33550648843 42.91147760854011 29816.909192215848
190 1905.2615699801365 58.990381421189184 152.08426303316926 207 211.07464445435846 28350.878549190467 0.0 28291.888167769277
167 1700.0467665651095 58.354007553643115 161.8754438294641 209 220.22945138310723 28573.75167937506 0.2277293202275814 28515.16994250119
198 1996.5098392881607 57.35071167938635 157.29127957657954 207 214.6419912559659 28289.10722492082 0.0 28231.756513241435
14 100.92055875745234 62.87905398437888 173.07898390856838 233 235.95803789294723 30186.427957695814 49.25683958281064 30074.29206412863
129 1309.2976948225273 61.19961432645979 159.08328906176348 215 220.28290338822325 29041.44092771832 0.0 28980.241313391864
119 1211.3423140426496 59.34803607472396 166.11310271356479 217 225.46113878828874 29169.124531317004 14.026454778019797 29095.750040464245
120 1229.8413259359359 64.93625644282886 158.26260814744387 217 223.1988645902727 29156.14936340708 0.0 29091.213106964246
71 719.4867287004987 61.46595226270901 170.0834841238294 223 231.54943638653842 29667.521447605126 19.63028015063935 29586.42521519178
191 1916.2449068133617 55.973438469077124 164.05103689720085 211 220.024475366278 28477.849485519648 0.08320698881402677 28421.79284006175
179 1801.4249958921098 63.75044687415162 162.21158747875424 213 225.96203435290587 28630.968840513564 0.0 28567.218393639414
180 1817.4836435175055 55.37243093458847 159.05277259065608 213 214.4252035252445 28619.552221340586 0.0 28564.179790405986
103 1082.9803285026521 61.23539174658163 161.23921415717984 221 222.47460590376147 29373.16714215073 15.591062072305249 29296.340688331842
86 923.0779894285073 65.82910453410514 166.9397949661891 223 232.76889950029425 29534.75142404066 3.4417321860514676 29465.4805873205
90 944.0052707458477 60.0622128297519 164.5127757708139 223 224.57498860056575 29518.574409232122 15.868791715797215 29442.643404686565
89 941.192238686679 58.36545147894441 167.1715169625137 223 225.5369684414581 29526.88532590209 16.978215882020777 29451.54165854112
48 492.2173901153298 64.17232825407923 170.46770563970594 229 234.6400338937852 29977.611729030894 28.995454897597483 29884.443945879233
17 121.80478836417745 64.65796884509014 179.93714783310625 239 244.59511667819638 30374.341973311766 94.17085922340888 30215.513145243272
163 1652.6502365580172 60.86532789127328 165.6564873802697 217 226.52181527154298 28850.478589502894 0.0 28789.61326161162
159 1593.5093380955632 59.57960273925628 167.13730699195065 219 226.71690973120695 28951.484773198827 34.004590630220264 28857.900579829347
100 1055.3617724506037 60.32228012674639 172.2803626694958 225 232.60264279624215 29493.48642316058 0.003591170538584265 29433.160551863293
192 1925.9812135566635 65.5306836803332 164.34821368497546 217 229.87889736530866 28627.05283274346 0.0 28561.522149063127
105 1101.4937803010296 57.9282371437767 166.07876944499486 225 224.00700658877156 29455.069782499242 0.0 29397.14154535547
195 1965.2687827710658 63.84414355387505 161.25691013690576 217 225.10105369078082 28594.506514283003 0.0 28530.662370729133
169 1735.1655111005578 59.471134804471475 166.7860696636547 219 226.2572044681262 28827.53376036354 0.4741699305382099 28767.58845562853
93 974.3152808930008 63.87880309861942 171.5783699293835 227 235.45717302800293 29589.895906466256 0.0 29526.017103367645
125 1264.5497401201685 58.38285892631982 164.16488715165494 225 222.54774607797472 29329.142298428855 0.0 29270.759439502537
127 1287.97446808869 57.90163615304157 168.76628545465144 225 226.66792160769302 29308.223813544548 12.07817789407909 29238.24399949742
194 1941.1764235763503 63.20721058168325 166.35224286812942 221 229.55945344981268 28687.156766422053 0.0 28623.94955584037
110 1155.8756676088233 64.35441844882624 169.8689982282387 229 234.22341667706496 29475.353105005626 0.0 29410.998686556806
174 1770.1716523282194 59.29462239881592 167.78858152726082 223 227.0832039260767 28867.04251797689 0.0 28807.74789557806
121 1233.3613089284713 64.14406533274285 172.05156949311254 229 236.1956348258554 29420.282288910475 0.0 29356.138223577746
85 921.2741507740812 61.05385596958339 172.8523182141235 233 233.90617418370687 29737.246050691643 1.016553494229811 29675.175641227826
173 1765.4662732545837 64.25638259862154 168.00813341343542 225 232.26451601205696 28897.463852621375 0.0 28833.207470022746
78 829.5806856784079 66.84907155752019 176.4164193469436 235 243.26549090446375 29837.70553859569 0.6552080266122857 29770.201259011545
80 841.9747291164355 65.50094392164239 175.06511164237682 235 240.56605556401922 29830.216445237507 0.00561747628808007 29764.70988383959
118 1210.1788275031936 69.8948159918218 172.8728664962564 231 242.7676824880782 29469.09931534031 42.75665764880068 29356.447841699686
99 1053.9497254792059 61.77057756962889 176.98159143233502 233 238.75216900196395 29627.53246078472 0.40640333721330535 29565.35547987787
202 2075.529991917283 64.03188788652612 169.16067183085792 225 233.19255971738403 28617.224423896558 0.0 28553.192536010036
164 1663.6051082069023 64.12027961589823 174.33111838206756 229 238.45139799796578 29035.8387375106 0.5469131274496704 28971.171544767258
66 668.9984718827379 63.33604318857841 181.78866789814634 243 245.12471108672477 30051.631565145202 10.224814885215551 29978.07070707141
136 1366.7033420576236 66.48198185698735 176.16350449845493 235 242.64548635544224 29357.28078405625 0.0 29290.79880219925
138 1400.6265447824146 65.44105204321933 174.91714761559368 235 240.358199658813 29326.681606076792 9.803712296539288 29251.43684173704
156 1558.2817061038913 65.98022070452184 173.11298677318442 235 239.09320747770624 29175.856073369854 0.0 29109.875852665347
65 660.0342753413354 66.14200377219407 178.52104106228 247 244.66304483447408 30078.220259641443 24.93477456104995 29987.143481308187
182 1829.7087219972452 71.2275317749413 174.01920762545325 235 245.24673940039452 28912.700031073175 0.0 28841.472499298234
58 620.1633234654307 66.53102022931755 181.87215680455444 251 248.403177033872 30126.645037820777 27.166624995540246 30032.94739259591
111 1160.0105228609295 71.81288046264793 198.57707085661167 261 270.3899513192596 29613.202824280717 0.5281312943413923 29540.86181252372
175 1771.1082440484556 70.3028044378564 191.86072903516498 257 262.16353347302135 29006.57544744386 0.08627512931502679 28936.18636787669
