# Cpu scheduler: sjf
# Quantum: None
pid arrival_time cpu_bursts_time io_bursts_time nbursts bursts_time tat ready_wait_time io_wait_time
1 1.9877988169375413 43.747910715217024 29.727987054876543 5 73.47589777009357 277.48879886810136 199.7080920267479 34.03279612613642
6 35.37567474177192 54.55681142138036 54.04616968645882 7 108.6029811078392 261.7282015075649 60.45993948524333 146.71145060094122
5 30.889596460547995 51.98740893586367 34.672190309449505 5 86.65959924531316 438.3447282267362 199.24758731108932 187.10973197978316
2 21.012145604235812 82.64842171206999 64.95676873503587 11 147.60519044710585 611.1346907501469 158.04915808976375 370.4371109483131
4 30.163644339682918 80.50271895628978 58.42618261691095 9 138.9289015732007 749.1412794801854 209.61024513552238 459.02831538837324
9 48.383980022524945 90.48656073832706 79.02581699117056 11 169.51237772949762 978.7626005580443 310.118263908049 578.1577759116682
17 99.49320445486137 88.93623545872086 77.30648537137182 11 166.2427208300927 948.8676842714576 201.26129276202198 658.6701560507147
20 111.73102356455301 77.15118700604968 62.15273333932977 9 139.30392034537945 1187.302807844179 406.88432341806157 703.2672974200676
13 72.58884866959947 136.74591772301045 104.88516563727697 15 241.6310833602874 1581.5300932536052 293.75461122211686 1151.0295643084778
8 39.81416813610254 177.2201736271966 172.23456982394592 23 349.45474345114246 2451.8374314117755 161.5724740186696 2113.0447837659094
197 1804.3256732181273 39.152336130139204 102.84428600356657 135 141.99662213370576 20159.189313837796 0.03627505749318516 20120.000702650166
24 135.9040864330902 47.05231263424353 125.79620352560072 167 172.84851615984425 23690.58492755664 52.545538898703256 23590.987076023695
11 56.264996127630624 47.97026173268905 131.094016586708 173 179.06427831939706 24174.386860741946 71.18163115411458 24055.234967855144
56 476.36838098514204 45.71855182493741 119.83715713836918 163 165.55570896330659 23817.480693919515 51.74588048489272 23720.01626160969
59 502.05369711053197 45.89319744770245 123.95373988113462 165 169.8469373288371 24097.85463048201 50.05976472582586 24001.901668308492
36 234.4574378865944 52.20309919778653 122.92867559322671 171 175.13177479101324 24603.41331643346 57.315171788372794 24493.895045447298
173 1465.3711775600593 42.813653158065655 118.11878235636162 157 160.93243551442725 23387.356760049308 0.0 23344.54310689124
46 383.0581699619917 46.21651036335247 128.56784279941067 171 174.78435316276313 24841.785481628576 58.2894342086538 24737.279537056584
22 122.47115966999915 49.48164967058759 127.85699597935616 177 177.33864564994377 25112.79686110382 82.47240175332138 24980.842809679907
124 1118.6310335887533 44.09185263480202 121.41091134126543 163 165.50276397606746 24146.109405932002 44.55167674938275 24057.46587654781
3 25.896274196880974 50.0650612766674 135.93884202917857 183 186.00390330584605 25313.733416803425 133.19227802358935 25130.476077503183
27 152.02579720142975 48.316139809390464 131.06508068516004 177 179.3812204945505 25260.239671536285 63.62152438021576 25148.302007346687
26 144.10599037390398 44.010171605995936 134.22619217837848 179 178.2363637843744 25504.699923579938 58.683301958922385 25402.006450015022
189 1708.07668110477 45.19512552998008 121.7090582040994 161 166.90418373407948 23976.61143915998 0.6444028326939133 23930.771910797303
47 394.7676278441951 45.42838149509044 126.74193371338582 175 172.17031520847627 25384.369518213865 48.18237001077773 25290.758766707997
84 711.8762275368866 48.84208168498562 128.74157382623 171 177.58365551121562 25147.068513870985 42.22801426690012 25055.998417919105
129 1164.0369500433583 44.36563051636111 127.13429233435856 167 171.49992285071966 24755.646719126482 35.69490196465222 24675.586186645465
109 1004.8907739995759 45.67896169242388 126.45356012935544 169 172.13252182177933 24990.127281624274 0.007624453800644915 24944.440695478057
83 700.0972910958791 44.97653247982764 128.3340248345013 173 173.3105573143289 25355.735286266146 17.042326882849693 25293.71642690348
99 885.0254986403947 44.15994295122173 131.0105211707366 173 175.1704641219583 25468.532277130293 14.538391388255377 25409.833942790818
49 400.6711115058301 48.5203374529187 137.1491518860857 179 185.66948933900437 25995.548813549543 68.22942408339884 25878.799052013233
54 443.7842121652051 48.843110766022676 130.3771552547262 179 179.2202660207489 26022.1965868856 48.75175543597334 25924.60172068361
114 1041.0516071611537 46.81323937982781 129.26158086224282 173 176.07482024207064 25518.58883096986 7.309281565165293 25464.46631002487
40 276.60694924299696 49.69893194762155 137.82534125529062 183 187.52427320291218 26310.69764593115 46.42088149690284 26214.577832486626
139 1287.809407349724 49.02123975008103 122.61338465291215 171 171.63462440299315 25319.087032184256 16.09379250765346 25253.97199992652
42 322.5721943997926 50.3898887204026 135.97060281572286 183 186.3604915361255 26387.892746273254 61.14215597777513 26276.36070157508
7 36.948815270584205 52.780616244438114 143.6931802070439 195 196.47379645148203 26896.55537186138 91.0947627250176 26752.679992891917
131 1179.5831548584658 46.880012962078084 131.294028230479 175 178.1740411925571 25804.035567348474 1.7439201353952285 25755.411634250988
90 786.3605456768532 47.754478033978906 132.971893909126 179 180.7263719431049 26256.969420726273 1.320134730997097 26207.894807961296
77 680.9292782248517 51.36685122724769 129.92630847323426 181 181.29315970048197 26415.840719351596 0.5639606693574706 26363.909907454978
119 1096.401109045287 51.65249243515899 129.95437168768456 177 181.60686412284355 26048.979591806117 0.9092736429101933 25996.417825728044
146 1330.7681740276093 46.20607328403255 131.90096509504951 175 178.10703837908204 25824.277420200404 0.0 25778.07134691637
62 541.7169300757461 50.75745197961789 139.12540720515884 183 189.88285918477675 26630.472326575516 61.43431143467694 26518.280563161217
64 581.214815506021 45.88712007690896 137.5759254146136 183 183.46304549152262 26655.22295503383 43.1480463487743 26566.187788608153
30 173.10237126844183 50.43142083611901 141.70531025798917 191 192.1367310941082 27162.87561425094 48.85412222338084 27063.590071191436
121 1103.441075659289 47.31144704909759 135.45943802263122 179 182.7708850717288 26294.293879538673 0.0 26246.98243248957
19 108.4534532929158 56.30200642430711 145.93687762470745 195 202.23888404901453 27412.11829374046 42.20212833309637 27313.614158983062
92 796.9505358059216 53.70226063757938 134.51000218778884 183 188.2122628253682 26755.518433445355 0.0 26701.81617280777
96 851.8012895743178 45.65777706496282 134.04571753702945 183 179.70349460199228 26741.547564946133 14.99420885296729 26680.89557902819
103 933.4679961227782 51.29043651964512 135.76565857407707 183 187.05609509372215 26753.066359295917 0.6223625760796949 26701.153560200193
53 424.15081321242025 52.62537566540843 147.16043681832357 189 199.785812483732 27336.9790830961 52.800712327158806 27231.552995103535
55 459.68033502193725 54.6855677937123 134.08085353356924 189 188.76642132728156 27312.236333225937 27.3545505179589 27230.196214914267
195 1760.740256994378 54.11746789894436 132.7567149904018 177 186.87418288934617 26068.265635373085 0.0 26014.148167474144
95 851.0943244425067 51.973877553855864 141.4804836699077 185 193.45436122376356 26994.849727969846 12.563505895687854 26930.312344520302
202 1859.3717732946948 44.50998642852189 129.76541433459528 177 174.27540076311718 26044.20163974262 36.23981442635045 25963.451838887748
87 723.7220479733734 54.657141462562386 144.4937705154462 187 199.15091197800854 27204.328807623242 21.571456965051425 27128.100209195632
15 96.78367462232625 50.54450054383868 150.72564252331273 199 201.27014306715145 27837.666656168014 75.43641118313754 27711.685744441038
128 1151.7647430479055 51.37182821186136 142.4438344929599 183 193.81566270482125 26788.942776100037 0.12107463937445573 26737.449873248806
165 1418.796089071732 50.1778532700735 133.73032106842533 181 183.90817433849884 26577.578428629422 0.5501430644901575 26526.850432294865
35 231.9884610547464 53.79684941479078 151.00757094415354 195 204.80442035894433 27778.304188929484 37.49201424044773 27687.01532527424
107 979.5429904080709 53.65241487189709 136.68179826804297 185 190.33421313994006 27037.715942788625 0.12460460313513977 26983.938923313588
157 1385.1620058118895 49.60489649580979 136.33358236528895 183 185.9384788610988 26789.301056567823 0.17113270353365806 26739.525027368472
105 963.0768032599075 51.305506009666416 141.28497029408493 187 192.5904763037513 27219.56590838165 2.618319941251002 27165.64208243074
130 1165.664900984541 50.6714063554644 142.8605365791199 185 193.53194293458427 27019.705955342662 22.902819691714512 26946.131729295477
12 65.14781130425665 58.355137127990986 146.397837844831 203 204.75297497282196 28135.76690160975 57.64586050681679 28019.76590397493
104 955.9985837403532 52.48290417167574 138.83087236331644 187 191.31377653499217 27245.309930435884 33.46449402772646 27159.36253223648
66 583.9493982670863 53.10141366880474 144.17648759882192 191 197.27790126762665 27619.040650816904 23.896210041142012 27542.043027106956
111 1013.351767433522 52.57330121443011 143.4789169342498 187 196.05221814867988 27271.94433126717 16.380251900813732 27202.99077815193
32 187.5706219522878 50.95383890173366 148.58413202501387 199 199.5379709267475 28112.91803276592 55.72260106323296 28006.241592800954
14 80.06114162861124 55.958310778545176 151.11926007972477 203 207.07757085826995 28225.029892659113 63.73862714546685 28105.332954735102
80 689.772337638297 48.24924435763835 135.44389583702363 191 183.69314019466196 27627.75422206575 26.996536749913957 27552.50844095819
48 396.7432297474095 54.60947536230043 143.3823893433772 195 197.99186470567764 27924.432266625034 41.2611922542489 27828.561599008477
50 403.4365939741665 52.390574667115494 145.2542904338586 195 197.64486510097413 27953.905740475515 68.25877566067857 27833.25639014772
206 1910.4822539902536 53.478099977995676 136.52148007543227 181 189.99958005342793 26479.661637536778 0.5437873174425931 26425.639750241335
106 978.2553880287302 57.95617522590867 142.0658458029805 189 200.02202102888918 27468.387992670134 0.0 27410.43181744422
10 56.167037009183275 60.49043437971294 154.58891756637001 205 215.079351946083 28404.295704299486 63.3654357687673 28280.439834151013
76 672.220459285779 54.131733581799736 144.10722264064754 193 198.23895622244726 27835.10051571718 18.91456244648532 27762.054219688896
126 1143.7596523372724 55.181109255767865 143.12911021321773 189 198.31021946898562 27444.53592479099 0.35550403995466695 27388.99931149527
182 1620.9762729661666 52.09406219117702 141.19841451582028 185 193.2924767069973 26976.301405085225 0.0 26924.207342894046
207 1926.5910854416586 49.58517002544552 136.13345910507525 183 185.71862913052075 26681.96605762972 0.0 26632.380887604282
172 1461.3912898445506 53.44427960876477 139.7914849431438 187 193.23576455190857 27211.711458680787 0.0 27158.267179072016
31 178.36109656807707 54.90747980221986 153.92662733208147 203 208.83410713430135 28515.03821893624 43.97118349901774 28416.15955563501
79 689.407686102414 56.52180774172298 144.58187797917313 195 201.10368572089607 28040.88734773945 40.58261529440006 27943.78292470333
25 136.1748886620765 51.64262552547839 153.74926895672905 205 205.39189448220742 28622.661799398942 100.5784561794911 28470.440717693986
127 1151.093545825321 51.00889571040018 136.5745155280614 191 187.58341123846162 27636.82032870828 0.0 27585.811432997885
185 1648.8466738535865 47.31201589956932 136.43449847696382 187 183.74651437653318 27151.84447966087 7.5456184247345846 27096.986845336563
0 1.9877988169375413 63.16095241851337 160.98713597657138 215 224.14808839508473 28809.178011632146 92.42688012616192 28653.59017908748
51 406.33426937002474 50.97003916929677 151.31728625077326 199 202.28732542007003 28410.38403629451 94.36239774448217 28265.051599380735
94 822.0258879119517 56.831769383556725 139.4852644162767 195 196.31703379983344 28055.38452222957 17.089623803605036 27981.46312904241
29 168.43488137869144 63.920810854773315 155.33042710676273 205 219.25123796153605 28727.27628649051 67.2888948509682 28596.06658078476
81 693.3164582914136 56.379548888121214 146.68594573670543 197 203.06549462482664 28211.837344797194 43.53869031181762 28111.919105597244
118 1092.6007754779241 49.567366090762256 153.49428204041232 193 203.06164813117456 27832.229242509904 0.25078811257208145 27782.41108830656
125 1131.6692419854 58.106649790320574 146.7339526036149 193 204.8406023939355 27816.0099639391 23.87400021765552 27734.029313931114
152 1360.8101031563203 52.40350411007665 139.01700649377736 191 191.42051060385398 27608.10572806004 0.1389825022054083 27555.563241447762
156 1384.8671697311486 52.70091522268271 143.13446272759367 191 195.83537795027638 27595.57492031099 0.6619876956604003 27542.212017392634
188 1690.3176896893333 49.80808250287371 144.06912242598835 189 193.87720492886208 27331.05116960421 0.2771048078463991 27280.965982293485
89 768.8367190060353 53.40970637416688 150.7424943883666 197 204.15220076253354 28259.57129489401 14.876560667574267 28191.285027852275
74 663.2257838084199 55.76942354707379 149.5062212536432 199 205.27564480071698 28410.72742214715 19.187322901045718 28335.770675699034
97 878.3797940852654 57.05228003226233 145.61613740206178 197 202.66841743432408 28229.717020524884 19.625227885666845 28153.039512606963
190 1714.1244446097649 54.48882834450198 144.49840409087636 191 198.9872324353783 27494.282444840657 0.0 27439.79361649616
112 1020.5232563647511 53.615506019686954 146.50871375072867 197 200.1242197704156 28217.43660495504 8.254258392303768 28155.566840543055
75 667.7566982576188 56.41942416253727 152.00786925150643 201 208.42729341404367 28580.600454283714 20.459079402396128 28503.721950718776
120 1101.9944225292259 55.59669297368994 146.0688854130846 197 201.66557838677448 28177.18317452644 0.10143066168939185 28121.48505089107
34 231.76547060300456 54.301470190712514 153.53224046207936 209 207.8337106527919 29126.108321941658 48.390644484587426 29023.416207266357
136 1226.661259099835 55.70405237857601 144.89499673320563 197 200.59904911178157 28166.40358987636 0.0 28110.699537497767
60 517.4774964284545 54.749562144732145 152.33200752204942 205 207.08156966678155 28893.82679424919 27.827441418714784 28811.24979068575
23 126.56684281311485 61.24449823237393 156.57966799172476 213 217.82416622409863 29287.379678073485 48.82002320317545 29177.315156637927
117 1084.0051513934868 52.187679188183964 142.4487712250124 199 194.6364504131964 28344.63585210422 10.917799755894293 28281.53037316014
203 1867.800134209614 53.612401579664706 142.03142494179485 193 195.64382652145957 27588.653094776346 12.095386919572093 27522.94530627711
101 927.9289671700965 54.73712990609461 151.8240086968898 201 206.5611386029844 28533.534718225277 41.346585943862465 28437.451002375314
100 917.3855715985519 56.56151630460024 149.70316257055393 201 206.26467887515417 28559.87126217348 30.907649163293286 28472.40209670558
191 1716.6832630382874 47.77341678680081 141.16158911789105 195 188.93500590469182 27815.27177041436 0.19155570068346606 27767.30679792689
192 1739.1758722598927 55.71916533858307 144.37910081109194 195 200.098266149675 27807.347310355053 0.03642471337184361 27751.59172030309
21 117.22105983104683 64.52040308915062 158.05990106239332 215 222.580304151544 29456.47124790511 80.31682765923055 29311.634017156724
142 1305.9966222128733 50.54806071275912 146.6543403208622 199 197.2024010336213 28278.542811823478 0.08363013934217634 28227.91112097139
204 1874.6569335602983 54.5797922638478 143.08396877938227 195 197.66376104323012 27732.83142984037 3.6507398504907087 27674.600897726028
85 714.6938017775279 59.966230013273076 152.73209004563205 205 212.69832005890513 28896.528855578465 54.769895551555464 28781.792730013636
179 1577.6196129521127 58.29125417923554 149.73198125374066 199 208.02323543297618 28167.042164405324 15.149982052919086 28093.600928173164
41 300.4942943906233 61.2287314978797 162.23251312615344 213 223.46124462403316 29454.389992281136 74.85065315322726 29318.31060763004
108 983.2717492902445 59.09482527136569 155.91719547186378 205 215.01202074322947 28832.690285849054 0.0 28773.59546057769
70 618.5713022404606 61.363817936537586 155.0633761473241 209 216.4271940838617 29201.760870726543 17.114789009780793 29123.282263780224
39 273.55447858247584 59.364505759608804 159.59396038773252 215 218.95846614734137 29556.325753781908 29.32311721394376 29467.638130808362
58 489.22726904012603 55.114368208732046 160.06687091840422 211 215.18123912713628 29344.036294352387 46.84943462261498 29242.072491521038
174 1468.7045623308395 56.716732728436455 150.1234136088564 201 206.84014633729288 28366.097204834397 0.05874747283610304 28309.32172463313
138 1269.2851059964971 56.93938286357067 152.00895910961535 203 208.94834197318602 28582.73771166447 0.0 28525.798328800898
102 932.4862914732589 56.015817177472506 154.92554429204745 207 210.9413614695199 28959.174552784025 1.3730924377020983 28901.785643168852
186 1654.7372199080787 55.18969421592089 151.7517707529138 201 206.9414649688347 28260.531202155373 4.73611642480887 28200.605391514644
132 1184.4535906368392 53.82197913877668 150.60529379068535 205 204.427272929462 28743.979527261126 0.07353338788584551 28690.084014734464
167 1426.9353617608115 61.89593573076478 147.99489485571343 203 209.89083058647822 28513.82126992438 0.0 28451.925334193606
72 658.0119107613441 59.53540350302122 159.961588879628 211 219.49699238264924 29320.09872278437 36.44445519941064 29224.11886408194
82 694.9154088933607 58.279184810156586 157.9514544625663 211 216.2306392727229 29287.864127115063 32.55167241537583 29197.033269889533
143 1308.4458496786242 56.9889226327894 154.83298881973568 205 211.821911452525 28686.246306580313 0.0 28629.257383947526
199 1822.294687752516 56.81885147421483 147.23274137530402 201 204.05159284951884 28172.97441989929 0.12573296269624734 28116.029835462377
180 1587.9654627252457 57.08940281040719 152.77022949671664 203 209.85963230712377 28428.645976459542 3.058860971829745 28368.497712677312
209 1929.0144721672182 53.68168887533767 150.60325902686958 201 204.28494790220725 28110.042009248667 0.6131453325454004 28055.74717504078
159 1386.1337410146834 55.16498549537482 152.29048836787464 205 207.45547386324947 28658.954503611036 36.18634504565193 28567.60317307
162 1390.2685209524523 55.964112531652106 151.21334245308725 205 207.17745498473937 28661.85582990752 26.022332579431577 28579.869384796453
166 1423.5827287877548 55.5324382247682 152.75026123214778 205 208.28269945691602 28635.5752146754 0.3045106031102023 28579.738265847514
135 1216.4239663450412 53.843304929134 152.82443785728142 207 206.66774278641543 28855.9415264886 0.12143586632532788 28801.976785693154
171 1459.0600951220608 53.54144723204863 153.8737719325754 205 207.41521916462406 28617.185599157317 0.0 28563.64415192528
113 1030.305489156647 57.97277340821954 158.17828394603674 209 216.1510573542563 29058.813786202783 0.10982256925194633 29000.73119022532
147 1331.8303396648978 57.953329314472704 152.46629462757164 207 210.41962394204432 28785.297310042184 0.0 28727.343980727706
123 1115.448557360696 57.46685526531917 155.91097719413847 209 213.37783245945764 29009.924018874088 68.39048243951765 28884.06668116925
153 1362.5626780043644 55.335446692928215 155.37526464902555 207 210.71071134195375 28767.884526573685 1.1135080397880301 28711.43557184097
205 1909.9720253918751 60.16469984253416 153.71690000320737 203 213.88159984574156 28228.9926190288 0.0 28168.827919186253
161 1389.84713242749 58.02822717957892 154.15394715206784 207 212.1821743316468 28752.251343582717 24.569499105052728 28669.65361729808
158 1385.9818520597694 57.73460018471011 157.90493560067225 207 215.63953578538235 28758.381017209882 27.19082573992864 28673.45559128525
184 1640.7317581178017 55.40611180482679 153.2725559275486 205 208.67866773237546 28504.443509317356 14.685053590214693 28434.35234392231
68 593.4160261131842 60.56852723298247 156.49516279174387 215 217.06369002472633 29558.434295166448 41.85791922081228 29456.007848712645
43 345.6813695728652 54.148801255230346 161.09057268229142 219 215.23937393752178 29820.48533182111 33.01411872577074 29733.3224118401
168 1433.060323553244 58.94720229911982 156.14654713502253 207 215.09374943414235 28737.205385844998 0.0 28678.258183545877
45 373.2683005321779 57.51981255885744 162.48948120246354 219 220.00929376132095 29813.413009289743 35.579319070051156 29720.31387766083
194 1749.117228519745 60.58672308158071 163.62899448367588 205 224.21571756525663 28442.253214978726 0.0 28381.66649189714
115 1043.066444797986 57.72204409813594 156.98223656936221 211 214.70428066749813 29153.67865713525 5.639411826718288 29090.317201210386
98 882.2011914438194 54.615894656583585 155.59590070551442 213 210.21179536209803 29329.585941112786 31.26018942893677 29243.709857027265
201 1848.7374964198184 60.02694884912897 151.47909758818014 205 211.5060464373091 28373.58546127525 0.0 28313.55851242613
149 1343.151773786163 60.960091084721014 158.49141312535264 209 219.45150421007367 28882.997898513175 31.4748423769322 28790.56296505151
52 419.52197059351164 57.57907834002415 160.05150510539514 219 217.6305834454193 29807.41061785594 65.42838374618111 29684.40315576973
33 214.59824483288875 65.11678422455967 162.66301281643652 223 227.7797970409962 30020.494018071913 63.043101199320375 29892.334132648037
137 1246.9215891431797 54.269605958162266 159.03729248407723 211 213.30689844223951 29035.095636595237 0.0 28980.826030637076
63 572.6033333626075 60.66531137382726 162.52719010072587 219 223.19250147455313 29747.841452828325 49.300421074910446 29637.875720379583
37 240.8964484377665 62.338188896126844 164.2924937074037 225 226.63068260353054 30081.83121034707 33.361256605380305 29986.131764845544
69 602.7964452638982 64.15750762527429 163.9963837657969 219 228.1538913910712 29725.44042600891 18.79083693670509 29642.492081446937
170 1449.8199885166514 52.293058681460664 157.18704345477957 211 209.48010213624025 28894.792122229042 0.0 28842.499063547584
91 795.6816049368647 59.03406365671017 159.0899880056521 217 218.12405166236223 29549.57767020584 0.0 29490.54360654914
175 1477.5420434643454 59.55648597448498 155.61920603999968 211 215.1756920144847 28876.681831549922 0.5426363398721605 28816.58270923556
18 99.87751757500831 61.009894629325444 178.9934542687137 231 240.00334889803915 30298.111276466752 65.63291042066317 30171.468471416756
134 1197.6337829573897 63.69009987906635 161.38370089261304 215 225.07380077167943 29208.15319055144 0.0 29144.46309067237
169 1446.2549146721851 55.2963177301788 158.44109304880342 213 213.73741077898222 28966.49842691996 0.025336350399584262 28911.1767728394
93 798.0902918499369 56.03417985995308 164.2456117311953 219 220.27979159114844 29616.157547191444 0.0 29560.12336733152
61 540.2635923736773 64.86289334660697 165.38645395141043 223 230.2493472980174 29886.165986759588 22.909988215441103 29798.39310519755
196 1803.0468285823079 61.723537123439705 161.37898999157878 211 223.10252711501846 28624.823604331865 0.0 28563.100067208426
198 1815.8953948842993 53.54646358547316 157.3658778879041 211 210.91234147337724 28618.756418088757 0.0 28565.209954503287
67 585.1877665858386 55.69107521448457 164.00652751861793 223 219.69760273310249 29872.359685294847 31.503174496598263 29785.165435583764
57 485.0717552713059 65.07204404564071 169.39330375326182 225 234.4653477989025 29992.228772969404 34.6244524698252 29892.53227645394
148 1333.8975510836665 58.59818450521992 161.66683680211227 217 220.26502130733218 29166.072357861503 0.0 29107.474173356273
150 1343.2301192710602 61.361132607791184 163.3609189398839 217 224.72205154767508 29159.61317347629 46.092275762468944 29052.159765106033
86 721.0539564140819 61.93736432127825 165.3404347345119 223 227.27779905579013 29783.449771402833 60.65096261143822 29660.861444470098
133 1188.3840694122568 58.68393048525204 159.366716113528 219 218.05064659878002 29336.644971108817 0.41927523732510963 29277.541765386235
28 157.63993852048014 63.95419603913092 174.77660749780645 233 238.73080353693734 30371.459662539484 53.543816327200915 30253.96165017315
141 1299.813761902568 60.97006567449467 164.29338911557824 219 225.26345479007293 29244.055583815123 3.3568094866345746 29179.72870865399
78 685.942745023317 62.71279204897863 169.28392631955788 225 231.9967183685365 29859.61004060239 33.54675205546232 29763.35049649795
154 1365.6447956538063 62.871397911348026 160.06423915479616 219 222.93563706614412 29190.40638640563 0.0 29127.534988494288
155 1368.4092419835367 60.51211188954452 163.54933002171015 219 224.06144191125463 29188.710365252584 0.3136256996674547 29127.884627663363
73 658.7803190242349 57.90300660145639 163.0299872710799 227 220.93299387253631 29925.747996062255 24.943914267296577 29842.90107519352
160 1387.4779690636376 59.65449583260322 163.1283413185081 221 222.78283715111127 29215.58558174014 18.540522334575144 29137.390563572957
163 1399.5752399557427 55.06387020636381 163.538477248801 221 218.60234745516482 29208.04903433101 12.46399545470922 29140.521168669933
65 581.9765356574368 63.67629906235802 173.36886143399255 229 237.0451604963506 30028.385749478894 52.96839407872778 29911.741056337807
200 1828.2070436552763 66.9973324171226 169.9594521646679 219 236.95678458179054 28801.1585565863 0.5657781453794541 28733.595446023817
122 1106.255440201393 60.386424606733 163.43299902156176 225 223.81942362829477 29526.565555067224 0.0 29466.179130460503
181 1616.7199382774013 66.54987850418374 162.87914069372152 221 229.42901919790532 29021.28113095774 0.0 28954.731252453563
44 352.08679818361566 65.61991972343984 171.39739666424708 235 237.01731638768695 30294.43082570634 18.901047464944213 30209.909858517945
177 1522.476876459982 61.873877144546675 164.0962603917616 223 225.97013753630827 29137.516913643063 0.48338877651326584 29075.15964772202
178 1555.681342824375 60.22421998545008 169.57539552857028 223 229.79961551402033 29107.481466133053 0.0 29047.257246147612
183 1630.2822313034223 65.11021659929793 168.13687350990597 223 233.2470901092039 29035.06828707681 0.0 28969.958070477518
187 1657.4702796486847 60.74849722049673 162.21087671535827 223 222.95937393585496 29010.755332743247 0.8700524350570049 28949.13678308768
164 1418.3723943633142 60.40354350729531 175.06822139444645 227 235.47176490174178 29273.82069515085 0.41662607144576214 29213.000525572115
176 1510.8963068329847 59.806475203499026 169.60153842308014 229 229.40801362657916 29211.66476520065 0.13777431561015874 29151.720515681536
16 98.35694154196075 71.68239648494169 189.95218640880668 249 261.63458289374836 30633.12299541098 43.73706769484123 30517.703531231196
193 1746.130071350859 63.333523685218275 172.44827305738733 229 235.78179674260565 28989.423904480383 0.7363735351946161 28925.354007259954
38 255.54347253071475 64.1115159595036 185.96701102618277 245 250.0785269856864 30481.358965542342 39.938113091175836 30377.309336491653
145 1325.034435771258 65.89620285174045 173.99399287186156 233 239.89019572360198 29418.756161892863 0.0 29352.859959041136
151 1344.2988096955228 69.0345945567263 177.92648544546296 233 246.9610800021893 29400.302399331955 12.761794190600313 29318.506010584635
140 1299.248802894649 66.27017806981607 174.172934767715 237 240.44311283753106 29465.831792531993 2.4055475785633007 29397.156066883614
144 1316.3692929086426 66.52953147646348 175.94803285333376 237 242.4775643297972 29450.447356357192 0.0 29383.91782488072
208 1926.9529624333807 57.364279838895825 174.61012883192927 235 231.97440867082508 28848.892877881302 0.33545464036978956 28791.193143402033
110 1009.9839346369793 69.94994275314365 186.00837912665696 245 255.95832187980062 29776.5522358393 0.0 29706.60229308616
116 1045.6645847481932 71.60526372072552 183.44803172906472 247 255.05329544979023 29746.59971779867 2.8076476653959617 29672.186806412534
88 751.3692625954517 75.45675224504808 187.32647743181823 253 262.7832296768663 30045.386651728375 43.88097043710911 29926.048929046214
71 628.5798362533924 79.64879827446583 195.8424103217776 267 275.49120859624344 30182.72707452808 3.963302315355122 30099.114973938264
