# Cpu scheduler: sjf
# Quantum: None
pid arrival_time cpu_bursts_time io_bursts_time nbursts bursts_time tat ready_wait_time io_wait_time
14 93.34189114517554 42.59637848190089 35.47098222137748 5 78.06736070327837 246.8516980173719 59.77984468296195 144.47547485250905
2 15.351304384751256 69.69398565579677 58.79748315302936 9 128.4914688088261 345.4746223894438 63.57157589365882 212.20906083998824
4 23.187912173679248 76.70608492078297 61.390342278485534 9 138.0964271992685 604.549048203816 201.83328290315845 326.00968037987457
1 2.526896180470324 54.05815566328011 43.227324088616825 7 97.28547975189693 641.6910444247659 403.4022045366031 184.2306842248827
13 83.2640446055001 98.66589908152031 94.25648051561257 13 192.92237959713287 855.4794005455061 100.70300229368463 656.1104991703012
11 71.01489735475488 106.80913300208992 109.05980631749426 13 215.86893931958417 1095.368472804892 151.38974916969633 837.1695906331058
17 111.23939366284954 106.77860748947201 96.13131871398471 13 202.90992620345673 1107.0733238929952 190.3960975080002 809.898618895523
6 24.691974540868696 81.1250574132341 50.48484521087949 9 131.6099026241136 1229.1088668910447 495.61660929566983 652.3672001821407
10 37.04498682714623 119.76791277183422 104.12701197889015 15 223.89492475072436 1288.2148196267528 177.46755305260564 990.979353802313
16 110.02323527967076 110.95561206498972 105.8132914167544 15 216.76890348174413 1388.4280286892472 188.99281378478366 1088.479602839474
144 1519.295568554889 39.93358454606496 113.3594413302308 151 153.29302587629576 22270.830673946923 0.0 22230.897089400856
28 207.67022543676444 49.85812726422844 126.76851027369132 167 176.62663753791978 23622.098176270993 68.21559611027422 23504.024452896483
160 1751.0457041216596 42.34356145486659 106.76393855926995 149 149.10750001413652 22080.739276844448 0.042892314726032055 22038.352823074845
37 287.51751906315513 47.04074996622652 124.35155223643467 167 171.3923022026612 23718.747896543326 55.77464560294021 23615.932500974155
38 310.29628793953316 48.99445847249345 130.5117733975536 171 179.50623187004706 24403.462048914 42.78929111363772 24311.678299327876
164 1765.710684891881 38.141884171831 118.26788654416133 155 156.40977071599235 22965.714400647856 0.483543617612213 22927.08897285841
7 26.231403543114457 49.413846508144495 134.1464100668756 183 183.5602565750201 24810.648489930925 71.41916266408708 24689.815480758698
121 1256.9789277496404 48.851277207360184 122.71364988208144 161 171.5649270894416 23640.257816610236 0.5786370543860357 23590.827902348487
162 1761.7581738137958 44.5415934095335 117.55465072950659 157 162.09624413904007 23257.918746984746 0.5154330645859773 23212.861720510635
113 1192.7419551259723 44.039204499107704 116.43145476049489 163 160.4706592596026 23933.081969142917 0.2157074162939807 23888.82705722752
90 1027.3059450788126 46.707665979738636 123.21364976421562 165 169.92131574395424 24121.07256858451 11.435735388918602 24062.929167215865
32 246.56073710686798 50.40551522958743 129.22835093168663 177 179.63386616127409 25131.771858910568 51.233850294630486 25030.13249338635
114 1216.5838816117232 41.93512876839216 122.27052899607257 165 164.20565776446472 24211.394700159133 4.274536953077131 24165.185034437665
31 226.0114421787807 46.91702062135539 135.69336163395104 179 182.61038225530643 25395.260372010078 86.20999139842172 25262.133359990312
208 2118.0944054355937 41.29228830599143 120.57815841429849 159 161.8704467202899 23610.74871730714 0.0 23569.456429001144
119 1243.9049985895074 47.80661572518402 128.32258159605732 167 176.12919732124132 24502.99810613829 14.29747151576862 24440.894018897332
53 485.01596756356923 51.95379784209387 133.82920781083178 177 185.78300565292562 25422.985949325823 42.00821682659233 25329.023934657125
19 128.59967554091506 50.23138830506259 139.32825402463345 187 189.55964232969603 26149.460938189968 68.4830668189665 26030.74648306595
34 265.28147259451464 52.95315671454151 134.94606799030763 185 187.8992247048491 26163.064535414138 31.876415660432997 26078.23496303916
52 483.6299163416236 53.21854467590335 136.84439569192003 181 190.06294036782336 26004.457390782023 17.949810130654328 25933.289035975467
206 2082.5796664931336 44.91334944745957 126.48471362731362 165 171.3980630747732 24426.99011686832 0.0 24382.07676742085
76 828.7487356773911 46.193065242181184 136.0654051768392 177 182.25847041902037 25682.223306290496 37.9412966863149 25598.08894436201
134 1421.1212008008706 43.14882321792096 128.60356079867015 171 171.75238401659107 25092.76578253363 0.0 25049.616959315706
91 1037.5216791432395 52.11283794122342 131.63097706305317 175 183.74381500427654 25492.609454107045 3.1546222315973864 25437.34199393422
149 1645.9630681650742 45.70225230493019 129.51527818939266 169 175.21753049432283 24895.219690509573 0.6415266859771691 24848.87591151867
59 619.2211906601784 50.70929003131588 139.9330891983905 181 190.64237922970636 26099.83571718051 39.95004606936925 26009.176381079826
108 1167.876068305262 50.6009287668616 129.32725209077333 175 179.9281808576349 25573.366253139116 6.899512312309753 25515.865812059947
21 134.25354663331575 48.61621929293475 140.29257572083222 191 188.90879501376702 26644.884416140805 46.191400673276775 26550.07679617459
101 1112.2279777404287 51.61873918651068 132.60048126798287 177 184.21922045449355 25760.651096124977 0.7226131351912954 25708.309743803264
125 1311.8829695596485 48.16312184849717 128.29658529184152 175 176.45970714033865 25580.820007813316 18.700241832021675 25513.956644132795
185 1954.515576041119 48.658234419026414 126.48929456880077 169 175.1475289878272 24951.06040544923 0.0 24902.402171030197
131 1389.1712475115582 47.11662536208517 133.05325656816757 175 180.1698819302527 25611.725567356647 0.20019514755449563 25564.408746847002
26 182.3053680752974 48.93812484958096 138.8057761707915 191 187.74390102037248 26857.537111703885 74.40522999558914 26734.193756858727
126 1335.5259227137344 52.03816232460782 132.14283339628787 177 184.1809957208957 25828.821213809122 0.0 25776.783051484515
0 2.526896180470324 55.96686149431116 151.86613719254566 203 207.83299868685685 27241.172412320077 80.2206614799618 27104.984889345804
88 1003.7808332256672 43.84390285491931 135.44881513130588 181 179.29271798622517 26289.12882125394 0.5039166284352632 26244.781001770592
78 864.5881065848894 54.86917390787264 135.00849062888864 183 189.8776645367613 26468.375663132196 26.416997987500395 26387.08949123681
47 412.451944590005 46.4724515648729 142.40863759555134 189 188.88108916042427 26955.930004653987 64.37302620920786 26845.084526879906
22 146.7842384298118 59.59885518427711 144.82538269516363 195 204.4242378794407 27275.618513506026 49.29949863288368 27166.720159688863
15 96.92561485632557 56.606345570831024 149.1246199704172 197 205.73096554124822 27408.961811174675 72.84456830677433 27279.51089729706
92 1039.6768822296024 49.71883192020226 137.46179822280232 183 187.18063014300458 26520.546225908227 0.5774643209742862 26470.24992966705
77 855.529700022646 51.69568142469427 137.8666212041858 185 189.56230262888005 26718.671169796493 33.23834812159623 26633.7371402502
122 1257.4055123083065 50.25651572388052 136.99046985787126 181 187.2469855817518 26330.728772126913 0.25027155861403116 26280.221984844426
29 220.06771670583177 54.67707186292697 145.18993758723678 195 199.86700945016378 27422.107126278006 36.32710364617995 27331.102950768905
84 953.3890085528951 52.914314933061135 135.9303429498265 185 188.84465788288765 26744.757025680425 0.6071875817365253 26691.235523165622
8 28.034348888530353 55.09641890901451 155.96859055675333 205 211.06500946576784 27798.225347464933 84.45554186820827 27658.673386687704
120 1247.8932951495735 49.27865324544596 132.26049174281633 183 181.53914498826225 26579.957866402434 13.367917381094003 26517.31129577589
79 879.7534029997726 55.945532002985324 138.83455773544097 187 194.78008973842628 26975.39026976941 21.633253635002006 26897.811484131424
56 570.6627998353008 56.72076410700092 143.02932788261654 191 199.75009198961743 27289.516068327295 39.365761009863036 27193.42954321043
3 18.12777690135509 55.00870524310051 146.76083970743392 205 201.7695449505344 27857.032646910495 101.77348520141427 27700.250456465972
81 902.8465809362349 53.179409605245404 130.35488222522304 187 183.53429183046842 26988.25650041011 14.471756037624573 26920.60533476723
41 342.8663023744964 52.769913289264245 141.16084624383052 195 193.93075953309477 27610.938667210576 43.23073140072415 27514.93802252059
43 374.9605431690914 54.56602188218092 145.20608302067393 195 199.77210490285484 27580.78435470011 35.3881465872405 27490.83018623069
172 1816.249344173593 45.735211261097696 129.7218401210452 179 175.45705138214288 26183.597467243864 0.3166690030263908 26137.545586979733
117 1232.5167519287784 49.33764606639002 140.37070654719497 185 189.70835261358502 26802.903393703582 0.0 26753.56574763719
46 407.64949324014276 57.64130180621061 145.87898927432343 195 203.52029108053404 27635.81400236676 51.49104596598414 27526.68165459457
94 1056.1561373739712 56.91834383813358 141.62193731163902 187 198.54028114977257 26991.969812714073 12.33795343267957 26922.713515443258
18 118.74931666728334 56.925805789383396 150.53464746727514 201 207.4604532566585 27964.910476199162 83.04494862700334 27824.939721782768
39 310.4633835213979 51.30768767986947 145.62336002001965 197 196.93104769988912 27820.34818183807 48.36576412694228 27720.674730031256
33 252.83618679607463 55.61500723110316 150.20917147377392 199 205.82417870487706 27926.831598132263 49.81554591957223 27821.40104498158
169 1810.1133210499574 48.50925338448204 132.05385850188864 181 180.5631118863707 26399.2852370559 0.0 26350.77598367143
25 173.967463861685 56.49529730315392 143.35563212131606 201 199.85092942447002 28042.06183009073 40.26001527902841 27945.30651750854
111 1187.3196205418799 50.813991915380086 140.7550240534553 187 191.5690159688354 27040.47229093179 0.0 26989.658299016395
45 390.3828210303547 55.92068763913625 144.1249998234434 197 200.04568746257968 27852.159633675394 47.16440078048663 27749.074545255768
177 1844.6326945940239 45.684095743725806 137.99898801791983 181 183.68308376164566 26400.428252178983 0.0 26354.74415643526
49 428.2607743362738 52.93120333070177 142.39364057574656 197 195.32484390644828 27870.147887984655 59.68169081558494 27757.534993838362
72 769.1300640892066 51.915669656579816 141.6737034122425 193 193.58937306882228 27574.633743331076 0.4544498243478756 27522.26362385015
161 1761.0260841544414 52.48754545874693 136.81656121625107 183 189.30410667499802 26603.1406251883 0.0 26550.653079729545
105 1129.1508019916025 51.20520950589588 142.0152520294304 189 193.2204615353263 27237.3227212579 0.7906507706829871 27185.326860981324
83 951.6907375253858 48.14866275821646 133.11531895233733 191 181.2639817105538 27416.907016966663 0.0 27368.758354208447
191 2000.7890156319195 46.37450187088692 135.84273343762123 181 182.21723530850812 26371.66681805627 0.5611754242313509 26324.73114076116
35 265.4138147957916 56.46176145879942 149.0054201879071 201 205.46718164670654 28126.829188629454 41.42288784621189 28028.944539324446
44 378.75553530483666 56.60512530491847 146.22940058408147 199 202.83452588899996 28053.94244605261 8.511160529826839 27988.826160217857
174 1825.4166768468192 50.35857741404891 138.68055093741725 183 189.03912835146616 26615.81913635166 0.8767325640405943 26564.583826373557
5 24.291500509038144 60.82647524473468 154.8526355240612 211 215.67911076879594 28434.820778090594 62.177568696707084 28311.816734149146
136 1449.7786934628964 50.37454859696744 139.46267221686279 187 189.83722081383019 27025.444938612833 0.0 26975.070390015862
141 1485.0975749354754 54.25647493264757 140.21109132269615 187 194.46756625534374 27017.38847452186 13.971101091615765 26949.160898497597
36 284.51020210790404 55.61859562104296 149.89975051091326 201 205.5183461319562 28230.350348081865 73.68395299446382 28101.04779946635
67 740.6856301515869 54.05949252865023 146.82307501521214 195 200.88256754386242 27774.966209281454 20.04925903457638 27700.857457718237
50 428.44288810928145 53.11266413239777 147.78524441772552 199 200.8979085501233 28106.276099815732 60.90867171671209 27992.254763966634
145 1535.5413610231728 49.09630110709279 138.98194421694853 187 188.07824532404135 27010.893228019915 0.0 26961.796926912833
73 777.7524711321403 52.89589129494079 144.52407139394165 195 197.41996268888246 27777.051495751977 0.09190830779459702 27724.06369614925
201 2044.7889122606955 51.49357587403482 138.27600347785588 183 189.7695793518907 26565.03947933183 0.0 26513.545903457787
115 1222.9070719905155 54.11284892943337 141.58536494950684 191 195.69821387894018 27421.045767689913 0.3134129422207934 27366.619505818267
181 1874.0839245562593 50.536359255654176 135.75618029276788 185 186.2925395484221 26785.762812968835 0.0 26735.22645371317
137 1463.048538251545 53.337587416397234 140.96707454913232 189 194.30466196552953 27207.053537497453 0.0 27153.715950081056
167 1775.2123876523683 49.87373499707426 135.29277858239033 187 185.16651357946452 26984.80506407895 0.0 26934.931329081875
196 2022.11863418526 53.167566745779446 139.25816754654943 185 192.42573429232888 26744.875313452387 0.0 26691.707746706594
150 1646.8898429404112 54.748568323693455 142.43505542661873 189 197.18362375031222 27180.617606005475 0.15671848113106535 27125.712319200655
69 749.996123760488 53.269907162286366 149.81637240077208 199 203.08627956305844 28135.17340474713 24.54192304474975 28057.361574540086
200 2038.8211805465623 57.51139717137154 137.56880249545702 187 195.08019966682855 26910.933732889942 0.24091325695553678 26853.18142246163
89 1019.4096537816597 54.703425597638606 140.49227745858744 197 195.1957030562261 27968.34161083415 27.558968608452233 27886.07921662807
179 1853.774866819262 53.72941036501985 141.72207368986525 189 195.4514840548851 27137.87608316572 0.4000432270938745 27083.7466295736
64 729.6107700650972 50.515160838256435 147.0031192729331 201 197.51828011118954 28299.628376530873 37.56085538261118 28211.552360310012
187 1972.6094850741645 56.53686564551946 138.67069148292708 189 195.20755712844658 27092.78374717141 0.06251179017340291 27036.184369735714
128 1341.135115594567 53.592417047985144 144.84573523563657 195 198.43815228362172 27726.16153385266 0.2189900526745987 27672.350126752015
40 336.8562342233725 54.33879289595869 158.9173042406202 207 213.25609713657892 28775.833057348646 47.68395064050799 28673.810313812195
66 737.7984179502132 57.81060966838238 154.54892783090926 203 212.3595374992916 28464.755955078595 32.01949325327723 28374.92585215695
130 1388.8318944257471 51.85713077846106 143.36796463597656 197 195.2250954144377 27883.258930301257 0.22314065562591168 27831.178658867164
205 2078.850108586097 52.09041487796018 141.02868484341423 191 193.1190997213744 27218.42385654807 0.0 27166.33344167012
68 744.3371781205068 56.848306138545794 149.90029294964054 205 206.74859908818635 28617.553189473234 6.398858746526457 28554.30602458815
166 1772.9566361039494 56.79100660625715 148.3901265087767 195 205.18113311503384 27627.311530628012 0.0860640744454031 27570.43445994731
112 1189.5652348895937 54.87645234810189 150.2633522206008 201 205.1398045687027 28251.62593500082 0.3933904360815177 28196.35609221662
151 1662.9352800103447 55.915725907419784 146.3799391273172 197 202.29566503473697 27801.537056575067 0.0 27745.621330667655
138 1463.05579390785 53.77063211755597 143.90318761818435 199 197.67381973574035 28009.219164232698 0.5175338216731689 27954.930998293476
80 890.6077304643793 57.112841217770224 147.8015928867301 205 204.9144341045003 28608.32520875727 40.908292588860945 28510.304074950654
27 207.22681533516936 58.526590296111024 161.8934807194287 215 220.42007101553972 29302.8352177657 54.70564366147289 29189.60298380811
188 1976.2413096359096 50.442146480139925 140.75354708777232 195 191.19569356791226 27544.2559414273 0.7056141719615425 27493.108180775187
146 1550.8669352752302 53.99877280984809 143.91152324502113 199 197.91029605486924 27976.78675147839 0.0 27922.787978668548
163 1765.3602354508657 50.90593810063991 148.90888587019066 197 199.81482397083053 27768.884910148707 0.0 27717.97897204807
165 1768.5987772266053 52.7281595334257 142.26817009963509 197 194.99632963306078 27769.255679500653 0.0 27716.52751996722
23 156.24219023496465 59.232918673617725 164.21267879478202 217 223.4455974683998 29387.32141699971 73.44909321812074 29254.639405107966
87 990.2729988067789 56.80250114726969 151.68513643469518 205 208.48763758196492 28576.18898266758 0.826259300167294 28518.56022222016
133 1404.2020106938085 52.38536841513667 149.30503394570962 201 201.6904023608463 28177.213963527138 0.0 28124.82859511199
75 823.0431969325199 59.18592854560811 155.40263144316899 207 214.5885599887771 28761.4860420424 0.0 28702.30011349679
9 28.912467574213895 60.22312569676256 169.89939468194058 225 230.12252037870311 29560.75433625067 54.47935697576732 29446.051853578134
207 2085.996805354578 53.387238197289804 147.4519818929027 195 200.8392200901925 27504.883981442752 0.0 27451.496743245458
175 1837.918347077416 51.82503083454376 148.03848490651396 197 199.86351574105777 27754.676052913455 0.47527082659098596 27702.375751252326
54 515.6164738846084 62.418838715857035 165.60625513707456 211 228.02509385293158 29079.99298562683 38.52092762550751 28979.053219285466
116 1229.7721010916503 56.312715490132405 152.67327805983248 203 208.98599354996486 28368.07219500255 0.0 28311.75947951243
58 591.8671465947057 56.4512393245126 158.99821285329475 211 215.44945217780736 29046.710629606874 29.47752453610144 28960.781865746256
57 574.2778221065527 61.89214355382717 163.01912315301757 211 224.91126670684474 29064.980621959814 21.16798573989206 28981.920492666097
184 1940.5882577506043 48.079557575965914 144.97685004127106 197 193.056407617237 27701.72851497201 0.0 27653.648957396046
186 1956.5115831367686 55.43389667293554 144.8377550153167 197 200.27165168825223 27693.35426062329 0.0 27637.92036395036
106 1144.0535705237496 56.63563211811199 153.8867754222179 205 210.52240754032988 28528.745148483613 0.0 28472.10951636549
107 1161.8950889232233 59.85375140432729 151.94235843112634 205 211.79610983545368 28516.69016555981 4.603335907239625 28452.23307824826
171 1813.9350181889738 52.05909263777088 144.1499708949768 199 196.2090635327477 27895.626331557916 0.03449721948413753 27843.53274170067
42 365.8629648064115 61.05877396955924 160.88930971089292 215 221.94808368045216 29352.333214508082 80.23669782063178 29211.0377427179
180 1854.4389684151818 58.71560852047982 146.83737429998368 199 205.55298282046348 27867.159840736993 0.3459261124369277 27808.098306104082
182 1887.812064084135 53.98983057814644 146.896338320505 199 200.88616889865148 27842.75192729325 0.0 27788.762096715083
143 1518.4887368091254 53.80042790300626 151.86732495549995 203 205.66775285850622 28238.024063070465 0.3796513146826328 28183.84398385278
63 724.2876226410768 54.53305501006527 158.08140607537115 211 212.6144610854364 29034.89521129409 37.84006768791619 28942.52208859611
104 1128.2636698049287 61.311883017422964 152.58062211273563 207 213.89250513015858 28648.84822194584 0.73153921966491 28586.804799708745
168 1775.500793255411 54.309557125402506 152.0313110940916 201 206.3408682194941 28012.550850280742 0.21006925703113666 27958.031223898313
109 1171.4242559716681 53.98435287661469 154.25773757478385 207 208.24209045139855 28623.10479329158 0.0178713225429874 28569.10256909243
110 1176.2614616575213 58.331619888577556 151.86735270916702 207 210.19897259774453 28631.475688352555 0.7819934418084813 28572.362075022163
140 1479.792761492597 52.931344857891204 151.92239984105248 205 204.85374469894367 28356.924169707843 0.0 28303.992824849945
99 1085.4215542170232 56.75329631495068 155.00576155760336 209 211.75905787255402 28755.657674846756 3.7176851506499133 28695.186693381154
20 132.83516583288258 64.28219637378712 167.96064618423125 223 232.2428425580183 29713.368157165434 70.55172617812937 29578.53423461352
127 1338.926628565267 56.39711513612747 151.77304441550686 207 208.1701595516343 28525.679283680227 0.0 28469.28216854411
189 1978.6102997845903 54.856302482527205 151.11657535691822 201 205.97287783944546 27893.661496772726 0.0 27838.805194290213
60 627.7313963347008 60.222454354265786 162.13806243266072 215 222.36051678692652 29262.01662120587 31.21442606631524 29170.579740785277
51 457.401154745526 58.1261459798092 163.14133171653103 217 221.26747769634022 29435.37937805377 64.8732951436769 29312.37993693026
85 976.6284553549051 59.148130507958896 155.21334380320639 211 214.3614743111653 28930.804538624907 29.65538295710462 28842.00102515983
24 172.96456613273142 65.50424021632237 168.63847112521654 225 234.1427113415389 29804.506521263957 39.01065619759905 29699.99162485005
147 1583.7545520312578 57.99939730735018 152.27914839884423 207 210.2785457061944 28395.091337403945 0.0 28337.091940096587
198 2036.3773129764174 56.375502610417385 153.61842302333955 203 209.993925633757 27950.042376276822 1.2691367617783271 27892.39773690463
202 2051.7624451332485 55.29198583594689 151.9856803138686 203 207.2776661498155 27939.30325758335 0.23874714684097853 27883.772524600554
209 2128.112662556134 57.1248249471209 148.97987101977202 203 206.10469596689293 27880.357953706312 0.0 27823.233128759188
98 1081.8684069043884 63.55742531106677 166.00927676526578 213 229.56670207633255 28941.49245161818 5.46967062736644 28872.465355679742
48 418.4658109709392 65.8541739901398 167.46303562991042 221 233.31720962005022 29620.524646273243 78.96610571656572 29475.704366566544
157 1744.882528273712 55.07772639819997 155.60114242295538 207 210.67886882115542 28298.69466272009 0.0 28243.61693632189
129 1350.2540769523432 59.44988865348425 155.91405089863903 211 215.36393955212327 28702.505831237748 0.5604963543960366 28642.495446229874
148 1585.1556906642425 59.5758381884451 153.00007278763042 209 212.57591097607553 28479.519158393112 0.20670496565230678 28419.73661523903
74 814.9987785488224 61.19344718998867 163.6827159348957 217 224.87616312488433 29262.89143237671 0.14967387719161707 29201.54831130952
95 1056.5622063142282 60.82322905189005 157.71617319015056 215 218.53940224204064 29031.259484396498 16.768693734517456 28953.667561610113
142 1507.0361763163376 55.685628314356116 161.74851592686647 211 217.4341442412226 28602.707522066718 0.331385707451318 28546.690508044918
71 758.8022836841246 57.02071888754405 164.11697644366657 219 221.1376953312106 29356.879191319284 10.319458323558933 29289.539014108184
158 1745.9690630909556 56.957750150310574 153.0859680629825 209 210.04371821329306 28372.828872942566 0.0 28315.87112279226
192 2004.0779627616214 57.73971121059629 151.285912445738 207 209.02562365633426 28123.497688790656 0.23750461654321953 28065.520472963508
193 2004.4007485981122 54.62016328873986 155.49497113140842 207 210.1151344201483 28124.828677653397 0.2620765909284728 28069.946437773702
30 224.57487293228195 62.639959842639925 175.44735642058427 227 238.08731626322418 29907.19420653772 59.39275414367424 29785.1614925514
170 1811.9167838814467 59.12285383744765 157.2313389855657 209 216.35419282301334 28329.338803884464 0.5756875630897866 28269.640262483917
86 988.3439995136858 62.6791269047281 163.20569911874932 217 225.88482602347742 29155.352053988303 4.787807072356145 29087.885120011237
197 2036.231361620582 56.34748561174006 155.37011217515374 209 211.71759778689378 28153.22774556341 0.0 28096.880259951675
93 1053.870345327906 61.47881077230014 169.69762294566002 219 231.17643371796015 29154.4438656091 19.31989462371007 29073.64516021308
124 1302.428009887398 61.65270205783314 159.7725182618674 217 221.42522031970054 28917.369928814875 4.54350343601368 28851.173723321022
102 1113.7880805133998 62.76566697160323 162.00980507757836 219 224.7754720491816 29114.62415477774 0.7284683555317315 29051.130019450604
156 1742.108974074128 62.35211232748331 163.9756631728584 213 226.32777550034174 28488.17319472775 0.0 28425.821082400267
190 1986.3224791562488 55.93534507900736 156.13721939964952 211 212.07256447865686 28249.676567588707 0.2753973216972554 28193.465825188003
12 71.74647605297113 65.00865353416916 181.32426951094774 237 246.3329230451169 30175.12862846549 44.68408318713141 30065.435891744204
118 1241.0197934901723 60.312986318203876 165.20157943194212 219 225.514565750146 29015.74961959642 14.150963737898792 28941.28566954031
61 639.7702477760586 65.39624025965216 168.36461238553252 227 233.76085264518468 29645.411069733396 9.300370066609162 29570.714459407147
176 1838.5644615293534 56.87046276353814 158.0091982299065 215 214.87966099344462 28456.142617036192 0.0 28399.272154272658
62 701.8656553797754 67.50129523812795 174.71129870091468 227 242.21259393904262 29601.427963148522 40.44633862707826 29493.48032928332
70 753.7751601272527 64.8380198606349 166.23800285194758 227 231.0760227125825 29570.12827938419 19.42863777015225 29485.861621753385
82 950.8036369047807 65.21342537394474 171.83457340668707 225 237.04799878063181 29374.358585785547 0.5054112648008413 29308.63974914679
97 1076.399175931498 55.53975684094438 167.6399231134451 225 223.17967995438948 29269.4835254412 18.469080400328266 29195.47468819993
153 1690.5973599774825 58.89326133519058 162.33956643127772 219 221.23282776646835 28655.909814356703 0.0 28597.016553021524
103 1125.0724064585772 61.97452624211518 168.32304453964912 225 230.29757078176428 29233.867584709024 0.0 29171.893058466907
195 2014.528669233832 58.50837429365394 164.87866460552317 219 223.38703889917713 28378.90681670094 0.2936146495039793 28320.10482775778
204 2076.305906764262 62.677761499179724 165.3615431643096 219 228.03930466348936 28324.5503607594 0.0 28261.87259926022
154 1690.9415568408795 68.33786744518596 165.96975652499472 223 234.3076239701807 28720.19635488885 0.5563095621041612 28651.302177881556
55 550.4612182174972 65.18118352700779 178.14113946415839 235 243.32232299116617 29861.815545039553 56.51122130518388 29740.123140207346
65 736.3972241101432 62.620507374168454 173.62206169699914 233 236.2425690711676 29678.951945855868 25.113675668299948 29591.217762813394
100 1094.5578618469808 63.04280938609563 171.1163931670287 231 234.15920255312432 29343.185288088323 28.88178600459969 29251.260692697633
96 1059.7292125967817 64.06869171133454 171.78585777069011 233 235.85454948202465 29393.946460467065 13.446477279829196 29316.431291475892
183 1936.914604871649 60.81840035871786 169.20394086293044 225 230.02234122164833 28525.208179064055 0.3700619190519774 28464.019716786286
173 1824.961011728369 62.52391641482901 171.01764157677925 227 233.54155799160827 28646.708682907654 0.0 28584.18476649283
139 1468.454766895503 68.92730022440658 176.51968826682486 231 245.44698849123142 29008.48101107296 0.0 28939.553710848548
155 1701.0566970406935 67.27988702227908 167.40932902917424 229 234.68921605145334 28779.7530362842 0.0 28712.47314926194
194 2005.738280028422 62.065525465592565 164.144512979835 227 226.2100384454276 28476.93096745678 0.0 28414.865441991187
203 2055.3632317531287 63.22650176002796 168.30765771217236 227 231.53415947220032 28431.6264198301 0.38881113702836956 28368.011106933052
178 1853.5875117890207 58.91726635053237 167.95118803196692 229 226.86845438249927 28634.919562678442 0.056869809791351145 28575.945426518116
123 1259.7326012888714 64.03072551055335 177.71290534129312 237 241.74363085184646 29240.616868506004 0.042421226807846324 29176.543721768652
152 1682.5168163790377 62.5243914443506 173.86440125710018 235 236.38879270145077 28826.739007206448 0.0 28764.214615762106
132 1394.5597249166753 69.98404246548478 183.05986697792235 239 253.04390944340716 29119.016904373348 0.0 29049.032861907865
199 2036.4648713993925 62.46847839653961 173.8161556518273 235 236.2846340483669 28481.44503125728 0.37414205070399476 28418.602410810046
159 1747.122948911551 63.24819933934757 175.4820248404891 241 238.73022417983663 28777.61467772336 0.3115710903011859 28714.054907293714
135 1444.1443358060872 67.64300051691458 192.3652883261727 255 260.00828884308726 29090.945728112983 0.15778479340815466 29023.144942802675
