# Cpu scheduler: sjf
# Quantum: None
pid arrival_time cpu_bursts_time io_bursts_time nbursts bursts_time tat ready_wait_time io_wait_time
9 31.009455705245273 23.543819070370663 10.333831594572548 3 33.87765066494321 62.68155548522864 14.245733991582973 24.892002423275002
5 21.287738337074998 52.153231684151734 53.80979206584367 7 105.96302374999541 178.3564878703407 21.978026778975952 104.22522940721302
3 12.67743172830914 57.322986792153756 36.09170017932569 5 93.41468697147944 260.96854729601677 106.46123973447442 97.1843207693886
1 9.471886325232656 69.54308509273395 56.652073763000026 9 126.19515885573398 359.8340149831784 126.9076075535366 163.3833223369079
8 30.843660694155332 107.96629479098715 78.01481745300535 11 185.9811122439925 550.2192380949388 127.26826013492574 314.98468316902586
27 178.73003956735567 45.50359710427607 111.00135376754197 155 156.50495087181804 11119.797899486894 40.0961104805599 11034.198191902058
40 349.2668983445069 43.74500497047986 112.87387816917632 155 156.6188831396562 11269.408289980453 1.1132341957349468 11224.550050814236
0 9.471886325232656 51.89109675324033 132.0346288165898 179 183.92572556983015 12262.944087962831 70.86317812004623 12140.189813089546
12 66.42956427310995 51.71243748714412 132.79494058317007 175 184.50737807031422 12318.516515962685 33.96298619147262 12232.841092284067
79 673.7895599203417 47.34956973801394 120.40514190695751 159 167.75471164497145 11784.253977059747 0.0 11736.904407321725
24 135.3260384374321 54.34944160530241 132.42554287532326 179 186.77498448062568 12752.35889948883 36.585488485020676 12661.423969398504
26 155.97221799263673 51.11398530870475 134.61284661246256 179 185.72683192116733 12773.104140551124 35.75292432322172 12686.237230919196
16 101.10037097235548 51.187381451012826 132.59978195248368 181 183.78716340349655 12838.332537232105 52.67747169943041 12734.467684081665
11 45.081026958411925 55.35790993878745 140.73074561557422 185 196.08865555436168 13013.25250238721 88.79954256544586 12869.095049882977
21 114.68577699530954 48.65189644605765 133.70710835695678 183 182.35900480301444 12984.375586820293 33.13346290388128 12902.590227470353
25 152.10925012041938 50.53626639205861 130.96588701874262 181 181.5021534108012 13035.599792834244 58.06977188577065 12926.993754556415
70 606.7876101880063 43.988384026320844 128.52358389252043 171 172.51196791884132 12605.252340748473 0.0 12561.263956722149
90 729.3028727965584 43.560409440745225 125.89682733708354 169 169.4572367778288 12511.97922395873 0.0 12468.418814517981
67 593.99487632107 49.04452634653301 131.5244342294127 173 180.5689605759457 12723.69471429735 0.0 12674.65018795082
49 443.9937994232331 52.6768583619917 131.57726756917697 177 184.2541259311687 12930.758812247053 0.3546322404486659 12877.727321644612
61 539.3146519306833 48.80891641250928 127.28406185054317 175 176.09297826305243 12852.93186926324 0.8404243810067555 12803.282528469723
44 374.90182717256675 50.30785063911828 135.18052379329794 181 185.48837443241624 13141.004558256125 3.282368294507421 13087.414339322499
6 24.789449348457545 52.7438283932296 147.6464493017164 197 200.39027769494598 13697.914039031959 70.31755924450977 13574.852651394218
2 12.377500286241686 54.58269288249678 148.283549384148 199 202.86624226664472 13752.27063411078 55.352858835564014 13642.335082392721
32 239.39815378889026 53.644146477417095 142.9897200981917 191 196.63386657560875 13690.977634969582 63.15712858587452 13574.176359906294
69 599.9615132138127 50.61603412735492 139.03110930688288 183 189.64714343423782 13359.275535675693 0.2682469334073403 13308.391254614933
17 104.90388585400024 57.19217663530122 150.5882115985128 197 207.780388233814 13890.983348047055 19.25952360457977 13814.53164780717
91 730.7580617076621 53.095427583323776 137.4400536534822 181 190.535481236806 13268.326442072232 0.2044620165128208 13215.026552472393
75 637.9115324815501 50.00821458239331 137.26134486458304 183 187.2695594469764 13374.190321804275 0.06123863027050902 13324.120868591614
45 380.88531747700404 55.95802360052242 140.05231711615804 189 196.01034071668045 13636.244061843738 0.1947850133004181 13580.091253229913
7 26.675473727305295 54.139937637505156 152.95551218484908 203 207.09544982235425 14015.497279219146 64.82106710967747 13896.536274471966
22 123.22869716855016 55.8870333658636 145.35177606738714 197 201.2388094332507 13933.73944960539 66.14161052650925 13811.710805713019
98 813.2386634245319 47.71342006798566 134.78595634570948 183 182.49937641369513 13371.191902720177 0.0 13323.478482652188
43 363.8896643038349 55.01098596061257 143.6308668499015 193 198.64185281051408 13831.946176514992 6.396341466017589 13770.538849088369
48 441.20367244181864 52.732615622699214 144.21486386844327 191 196.94747949114247 13780.650415890432 0.8936310604947835 13727.024169207238
18 107.42975046752359 54.53974245184853 148.01044612184532 201 202.55018857369387 14125.306470356332 46.85602369567869 14023.910704208809
20 109.43671024844929 55.84981238293742 148.50619140153006 201 204.35600378446748 14129.911246825417 30.626397273000094 14043.435037169476
30 201.4408172128975 54.584854595779916 145.9194222916751 199 200.50427688745498 14065.258037022422 56.80376377260879 13953.869418654029
14 87.39337904167544 58.078850605888505 152.2577235888109 203 210.3365741946994 14184.413100134312 78.73725055070383 14047.59699897772
38 328.06339059292304 56.126108134966636 146.658398208765 195 202.7845063437316 13967.433598805555 14.208379223158374 13897.099111447431
52 468.1557682323108 55.01942941039511 143.40987612952853 193 198.42930553992363 13875.7318169471 0.0 13820.712387536703
77 655.704855858448 49.8416001063096 138.52922499230326 189 188.37082509861287 13698.749343934618 0.3081037651619454 13648.599640063145
102 835.9299031668136 47.14128870329731 138.64004611526323 187 185.7813348185605 13572.309150887424 0.8124762642866017 13524.355385919838
50 454.35038467467984 53.58796866481326 150.72289831659972 195 204.31086698141303 13979.846232303633 0.03942891430511963 13926.218834724514
47 411.0074921569144 53.076345460532984 146.39692449992498 197 199.47326996045797 14059.611571706442 26.92351389329508 13979.61171235261
71 613.0170527141817 47.56840044345231 140.52152765820853 193 188.08992810166086 13889.285792288687 0.0 13841.717391845232
103 845.9155656639861 46.8495982262209 141.57861359536867 189 188.4282118215895 13662.612010523317 0.0 13615.762412297096
63 566.1853549361219 49.20024376986993 146.9628482761681 195 196.16309204603806 13969.853908224646 0.7712967960696915 13919.882367658713
39 334.3436869419369 52.971092423066686 146.737080636275 201 199.70817305934173 14210.636141136432 7.896471880652598 14149.768576832712
35 289.645146952576 56.41324567741605 149.65528484796096 203 206.06853052537696 14304.194330953416 8.633465938894915 14239.147619337104
41 360.116722101947 53.90027702381109 150.92889758923246 201 204.8291746130436 14241.124159186515 13.48675860374135 14173.737123558969
19 108.86118688265618 54.8999473711181 160.2518137563565 209 215.15176112747463 14495.9817121067 33.72720373461975 14407.354561000968
37 299.1956303418499 60.28368714558537 149.17299689211836 203 209.4566840377037 14306.67408308411 0.6227761349723551 14245.767619803555
28 184.37331992999967 55.624260433910145 160.8181810856745 207 216.44244151958463 14453.588943292663 32.8628800741013 14365.101802784651
101 835.3018122799423 51.607855819066636 142.41412654607325 193 194.02198236513988 13830.89809049103 0.0 13779.290234671967
31 209.78900512371777 54.68592110858671 156.49037390569418 207 211.17629501428092 14463.656986560773 20.318466338229655 14388.652599113955
72 617.8179311815652 55.41714483803518 149.69265706057362 197 205.1098018986088 14057.03909591905 0.14790130695269 14001.474049774062
73 619.8311423535829 55.32704023187036 151.4505066784114 197 206.77754691028179 14058.259415452832 0.0768989567616245 14002.855476264203
42 362.2762490596709 57.18419212652693 150.77170880639713 203 207.95590093292407 14319.428907571119 11.930445742540144 14250.314269702054
76 654.2893248606233 58.85888532336138 146.9414249438587 197 205.80031026722014 14041.686437647459 0.5470280486571255 13982.280524275438
56 490.84579880125335 58.5625411220363 154.01890445955166 201 212.58144558158796 14221.879670799091 15.934126605423842 14147.383003071634
95 797.2493924884488 58.22619772096645 138.91240190641784 195 197.13859962738428 13918.788742595285 0.0 13860.56254487432
66 592.6026777767592 57.199670652313564 147.53014166570196 199 204.72981231801552 14124.433810384895 0.3189141552096544 14066.915225577372
86 710.4845036310518 50.05994978460685 147.7509332369376 197 197.8108830215445 14031.904288896592 0.0 13981.844339111987
59 517.5846031963555 56.81439093001687 151.1449822442243 201 207.95937317424114 14228.344565651938 0.0 14171.530174721926
46 401.362126007093 56.80979167371998 154.91246542726475 205 211.72225710098465 14367.602470903454 31.08405609857897 14279.708623131153
97 810.8516771839087 51.824715218251356 144.6702126213995 197 196.4949278396508 13981.04768042794 0.0 13929.222965209692
99 816.9479736174749 53.88729754912408 149.5873624434363 197 203.47465999256036 13978.186751033318 0.2404909995517528 13924.058962484643
58 513.4272227533652 55.81552552428629 149.32978560033706 203 205.1453111246234 14291.29792803847 0.0 14235.482402514186
53 469.300050469969 57.460333533064016 155.7994792913875 205 213.2598128244515 14350.779034284187 0.0 14293.318700751124
78 662.4259987097927 56.36928443254 148.6422199795363 201 205.01150441207625 14166.389068868744 0.0 14110.019784436201
23 134.9462179020166 58.432686532195454 154.88114090184246 215 213.31382743403793 14717.655294765173 51.92762060416311 14607.294987628817
88 716.0217053707864 52.71455407058661 149.76188208356317 201 202.4764361541498 14144.47080618816 0.7482573391343976 14091.007994778434
4 16.399880773076717 61.28892327508391 161.45460442668895 223 222.74352770177288 14850.721556188013 23.58756767188892 14765.845065241036
62 558.8295769432762 60.836336725774814 149.90626572865133 205 210.74260245442613 14316.876235860494 0.0 14256.039899134712
33 252.75127066441735 59.49525151721792 160.41211455641752 213 219.9073660736355 14629.606572130699 31.490877561373566 14538.62044305211
10 36.77484658541954 63.31547063981043 166.1308285803852 221 229.44629922019567 14848.171347985011 85.50291493418777 14699.35296241101
51 460.3643469117602 61.340284600401816 156.94931928812153 209 218.28960388852335 14453.979472619603 0.0 14392.639188019206
15 100.8333848154102 63.324652035168896 162.10371270204016 221 225.4283647372091 14843.851078900148 29.650156068224476 14750.876270796753
104 856.8195239032189 56.2283480733652 147.37767920034747 203 203.60602727371267 14093.486467952054 0.0 14037.258119878696
54 472.04820693380236 61.41137693702686 156.88304608757522 211 218.29442302460208 14486.576247454996 0.0 14425.16487051797
93 780.4858645159228 53.53736251085363 153.74823824130834 205 207.28560075216194 14184.61951080513 0.0 14131.082148294276
80 683.3248708645721 56.4753564380036 156.49156116950385 207 212.96691760750744 14286.167809388897 0.0 14229.692452950898
29 190.5388271446936 57.6541613432865 164.27089221188623 219 221.92505355517272 14784.20637595598 57.68998611174209 14668.862228500959
13 79.10540451468663 63.31512864049478 164.91784292729258 225 228.23297156778736 14914.185810196952 17.822394963755016 14833.048286592702
65 573.0390690483318 62.78649730934605 161.29146523211242 213 224.07796254145848 14455.608286073591 8.801412714425851 14384.020376049813
68 598.3251669411391 56.247287653896855 157.1827659645478 213 213.43005361844462 14439.308390479833 0.0 14383.061102825935
100 818.9169970939934 55.4429154386779 155.22998275801376 209 210.67289819669168 14222.340645008217 0.16260615935948408 14166.735123410173
82 688.0083759889461 61.42890814059632 162.38087444377845 213 223.80978258437474 14374.955507209803 0.19654031827838025 14313.330058750927
85 706.3972513707915 56.66364135277659 158.5035251406324 213 215.16716649340898 14362.526790166377 0.6683021339516699 14305.194846679644
87 711.0161843672734 59.47118583866873 156.26280607713943 213 215.73399191580816 14358.712618039604 0.5702436762773004 14298.67118852466
89 720.3869003271368 60.447033967043396 163.16913687877084 213 223.6161708458143 14352.094745934526 0.5349716532830371 14291.112740314202
34 272.86164686729825 65.82496932646339 174.45448143343947 225 240.27945075990283 14806.32518775879 28.542432379902266 14711.95778605243
94 793.827397673427 56.453695715302295 160.7683252282111 213 217.2220209435134 14287.611884199436 0.0 14231.158188484133
83 694.0592873346161 58.313869013132376 161.44128815046483 217 219.75515716359718 14410.053548853633 1.2356165182155792 14350.504063322283
60 533.8139999443263 59.589238562551344 163.19435801560851 221 222.78359657815986 14574.24329982735 0.056469062808787385 14514.597592201988
55 479.9154113248566 64.38704655184499 167.3058898129492 223 231.69293636479418 14634.712682024372 22.614375453777143 14547.711260018745
64 571.7514279313954 61.248978053324805 170.55645867246625 223 231.80543672579108 14555.993785000373 9.311470857698737 14485.433336089352
57 504.38989431314644 57.80485485814952 170.84656769302342 225 228.6514225511729 14627.858434482176 0.2486606383538401 14569.804918985674
81 686.0252992190755 66.37826991849613 161.28143829051086 223 227.65970820900696 14454.617285877768 0.09204742128531507 14388.146968537998
84 697.6830930162174 65.74182035229704 167.3017178795913 229 233.04353823188836 14466.587326516346 0.0 14400.845506164049
74 636.0714079841463 66.49855787654026 173.73804323936224 231 240.23660111590246 14530.945542892407 0.0 14464.44698501587
92 758.5771127965916 64.28176916948166 170.90974762660983 233 235.1915167960915 14419.600004210073 0.45985163120212746 14354.858383409388
96 799.1083611120441 64.11738682581007 181.52214053958772 237 245.63952736539778 14386.872639332829 0.08925579048025156 14322.665996716534
36 294.84598240293775 64.67971399334934 185.19375676688813 249 249.87347076023747 14891.644883723333 6.553534999020826 14820.411634730965
