# Cpu scheduler: sjf
# Quantum: None
pid arrival_time cpu_bursts_time io_bursts_time nbursts bursts_time tat ready_wait_time io_wait_time
7 21.294595800284554 42.30084305823271 28.518495447738175 5 70.81933850597088 116.50997439208788 18.11415234750375 56.09497898635143
8 21.662897027527546 69.35604625205018 70.65723279316231 9 140.01327904521247 482.7961648489764 100.42856900513853 313.0115495917877
1 9.10511426617297 100.4266771040148 84.64803512923872 13 185.07471223325354 517.7473580685245 40.60741451877792 376.71326644573185
2 9.403354819542136 103.01298001570663 97.23674539603238 13 200.249725411739 826.4712441888237 161.4805103753854 561.9777537977318
3 10.819645877030371 116.74529523562745 117.97088338368336 15 234.7161786193108 1018.9609761353481 157.66637759866106 744.5493033010596
39 288.789912946671 42.49828972047786 113.0301738955785 151 155.52846361605634 11184.943713551438 0.8340546924994214 11141.611369138458
20 131.2082112828312 48.20175242530642 120.49590540860056 165 168.69765783390696 12047.239488453346 44.864123111042176 11954.173612916995
5 15.85334652304065 49.81351083882613 129.709265917814 171 179.52277675664016 12204.011637799078 82.67284823149615 12071.525278728759
101 950.0275071423162 40.16537660631517 116.79732603678742 155 156.9627026431026 11579.270667475239 0.0 11539.10529086892
61 497.8465649701599 45.982898405512074 120.34676578761618 165 166.32966419312828 12275.265308816246 7.777992385511709 12221.504418025224
72 631.9175266586836 46.094806704014836 121.04709076550672 163 167.14189746952155 12163.005201027489 0.07636145986168685 12116.834032863615
19 116.116372664136 47.858467400756545 128.92631479481096 175 176.78478219556746 12765.275345005211 60.87677199309353 12656.54010561136
10 33.29796005618486 51.821132166902586 145.6855149207129 187 197.50664708761548 13425.287187777403 97.02503502921174 13276.44102058129
36 247.27470833631588 47.33713738718281 137.90076869100216 179 185.23790607818495 13217.996264302255 17.50471670999309 13153.154410205081
99 926.1695124553572 44.88875355542204 122.30650921727445 169 167.19526277269648 12584.663491955282 0.3803718344805702 12539.394366565377
26 162.85722224371955 47.03947279033416 136.71605269497883 183 183.755525485313 13410.200500113606 65.14408971543943 13298.016937607834
32 207.80592413430898 47.462263369634066 137.4476947003968 183 184.90995807003088 13434.163846796198 19.91090004047649 13366.790683386087
25 155.01217101088665 53.91620085183549 133.3722453359712 185 187.2884461878067 13563.313682348717 57.18344898782203 13452.21403250906
79 722.5505851441745 47.23312256860564 131.89088527873338 175 179.124007847339 13011.869323960029 21.606335053975386 12943.029866337449
82 749.1589159007166 46.992284137176 126.69102842874229 175 173.6833125659183 13006.675272753762 0.0 12959.682988616585
91 850.6835604789203 50.086484068935526 131.72967443522407 175 181.81615850415957 13000.056275170995 0.0 12949.969791102056
88 810.5700694042634 53.14118594768002 133.12443328354928 179 186.26561923122932 13261.95288220569 0.0 13208.811696258015
38 275.6278916291798 52.40669726292095 138.89374185509328 189 191.30043911801425 13884.321454318717 23.199492725987568 13808.715264329812
57 411.3603039490563 52.62727496221311 142.76489932449238 187 195.39217428670548 13771.840988350035 0.0 13719.21371338782
47 331.0162538070082 43.08021001002742 143.83599243759613 189 186.91620244762362 13901.598870621612 59.82795793443972 13798.690702677144
9 24.41184327448391 53.40492710420992 151.90027647076752 201 205.30520357497744 14244.607879623056 69.15921333624189 14122.0437391826
31 198.94511991928005 54.85230239458821 144.1280656489967 193 198.98036804358492 14085.572023057674 27.094663081105068 14003.62505758198
89 821.5029864388245 47.89116916706965 133.08959136766225 183 180.98076053473184 13507.794769071574 14.99875769568996 13444.904842208814
12 71.6948740799962 53.52815660320272 145.6996942062663 199 199.227850809469 14264.914400711174 40.944926758455466 14170.441317349518
18 111.18805723413492 55.94859460158242 147.71510735801542 197 203.66370195959786 14261.615968070553 49.15139325605509 14156.515980212916
6 17.219527110448496 54.76455179011114 150.12895822318336 203 204.89351001329453 14381.349067312218 75.35582385946049 14251.228691662644
84 768.7491562584097 57.15610602071934 139.33878880253368 185 196.49489482325305 13635.197047513862 0.0 13578.040941493147
86 796.9545009331047 49.382566847356514 136.22972126868618 185 185.6122881160427 13634.18735933677 0.0 13584.804792489422
27 164.25644285121274 54.90789995810789 147.87581804987977 197 202.78371800798766 14275.381760967879 43.971055247410135 14176.502805762359
50 347.8218002162014 57.56132078522609 142.74408227964975 193 200.3054030648758 14130.356536887479 18.436738186616083 14054.358477915635
68 558.1984148078186 52.51344158040394 143.23740825077581 191 195.75084983117975 13999.999394652463 17.122638707755186 13930.363314364307
11 58.66299089905388 54.231288852060445 151.2143198890246 203 205.44560874108504 14516.791336848426 72.54272415809086 14390.01732383827
17 111.1411343744436 61.11582476450828 146.09727056674595 201 207.21309533125424 14472.510932103372 63.60727737529551 14347.78782996357
80 733.5939872897959 49.4502044367854 138.2873833344339 189 187.7375877712193 13851.847647830256 11.20930823485321 13791.18813515862
71 622.056235050272 53.698255842885615 141.33701156986103 191 195.03526741274663 13986.356769558957 0.0 13932.658513716067
30 197.64090260904973 53.325904896017086 145.310626519356 199 198.6365314153731 14423.328118895342 25.988356832480605 14344.013857166836
66 551.7932815209907 58.96097642454375 144.01441519059688 193 202.97539161514064 14093.046845311113 0.0 14034.085868886574
102 965.9459675134362 52.96984219326073 140.84650912022832 187 193.81635131348906 13687.893282153145 0.5799881364481507 13634.343451823435
77 690.6538529721563 53.63119173803282 144.9890017518037 191 198.6201934898365 13964.834844127556 14.982303901077216 13896.221348488443
15 100.8164477946587 53.29102627974448 146.02326421729856 203 199.31429049704303 14559.10601729446 83.06247608095019 14422.752514933763
4 11.229079721248972 56.21115549948185 158.48059599303053 209 214.69175149251237 14673.643939797545 76.9558597663238 14540.476924531735
0 9.10511426617297 58.535451741174526 159.15072395035838 211 217.6861756915329 14704.940024425843 89.87936198002095 14556.525210704645
45 311.6220302124175 54.356552153805694 149.26044021670384 199 203.61699237050954 14450.876150888616 22.110549469685793 14374.409049265127
92 878.0501428824745 52.053325848910276 136.47824171644393 191 188.5315675653542 13891.2854825784 14.101607417224614 13825.130549312264
59 484.6564366178265 55.96996924713218 148.68334686315282 197 204.653316110285 14300.1109368717 2.948412342650613 14241.192555281916
52 373.0194658654227 56.07362326385734 149.0102689818919 199 205.0838922457492 14416.734909118157 10.995603090255372 14349.665682764047
41 297.55116680867275 55.85305084569334 153.08571248302127 201 208.93876332871466 14519.653350595048 0.5847628987654616 14463.215536850588
64 546.318995104692 54.56227896243942 147.06802334682638 197 201.6303023092658 14277.800820594235 0.0 14223.238541631796
90 843.5343065772153 55.75261866904 148.95707882958024 193 204.70969749862022 14006.012414032426 0.5305178455279247 13949.729277517868
21 137.29268508021025 56.11513600721607 155.1024796046795 207 211.21761561189555 14716.896281157336 64.5019037825594 14596.27924136756
13 76.29089462441736 62.46545301349157 154.49612626456056 209 216.9615792780521 14780.998310372142 62.794282427293 14655.738574931354
46 330.6226707779157 55.703896709041395 150.77129981260185 201 206.47519652164326 14532.457364881111 54.49797414481054 14422.255494027258
22 141.87418465438188 57.496886205779965 158.21695024823703 207 215.71383645401698 14745.887215731438 36.65393112995133 14651.736398395708
100 947.7270316431077 57.12965255322643 143.108490245013 193 200.23814279823944 13952.600842481716 0.20560530346722317 13895.26558462502
55 409.9724472561169 54.559057824421046 158.83117104484236 201 213.3902288692634 14491.331299247347 0.11263355186451918 14436.65960787106
75 670.9243764886022 51.81848557148949 146.35666355031086 197 198.17514912180036 14237.908341767718 0.0 14186.089856196233
69 558.8589948929036 53.477019967895046 150.87139649392708 199 204.34841646182213 14360.313158239278 24.37214522077977 14282.463993050604
70 603.4048313200193 56.24309110608322 149.043437878577 199 205.28652898466018 14335.938613362283 10.689963391086394 14269.005558865116
37 257.0935591697486 59.53783039755861 157.75228330207014 205 217.2901136996287 14688.472749673389 30.984245335483024 14597.950673940344
29 196.4733117650089 54.78567229019296 154.14330886008108 207 208.92898115027407 14752.776265795548 29.822784197282203 14668.167809308068
54 384.4877752598977 53.48356978470694 147.33481443524462 203 200.81838421995158 14569.900560676891 15.548816412826 14500.86817447936
62 531.2256750276603 53.31303933685023 148.9354151838254 201 202.24845452067558 14428.587373356546 0.07058585589061295 14375.203748163807
40 291.86966072964276 56.97740599732225 155.62871183805072 205 212.606117835373 14672.228622313753 0.4883456104917059 14614.762870705945
96 910.9799455650816 54.94439616296512 148.8905622773944 197 203.83495844035951 14098.872224521867 0.42561870330951024 14043.502209655597
43 303.8965984550279 58.47363437018197 156.54334067949927 209 215.01697504968126 14786.342643238897 37.061306320830624 14690.807702547883
93 889.5196531272649 59.02961929847392 149.7504971631654 201 208.7801164616393 14217.90165032661 0.080735669771002 14158.791295358364
85 783.3766849862961 54.04637357187153 155.6518172183841 203 209.69819079025564 14348.71712324843 0.0 14294.670749676561
65 546.3286148974452 49.4382349185563 156.13262373492933 207 205.57085865348563 14588.1275350834 0.8520758636345818 14537.837224301205
74 670.1043489005077 56.17392365931376 151.97953784935711 205 208.15346150867083 14467.223091087955 0.5244053413498477 14410.524762087292
44 310.9714016918782 59.62583862659438 151.2882757962345 211 210.91411442282887 14832.081791903009 17.44207539744849 14755.013877878968
16 102.57142415638516 67.54911685063558 165.25267710970465 217 232.8017939603402 15045.814113544715 54.7315854777425 14923.533411216331
51 364.78011734659606 58.7892240338076 162.2802487790371 211 221.0694728128447 14800.242283790643 21.67801315731981 14719.775046599518
73 651.3042620608278 61.32050462926354 155.03834272957826 207 216.35884735884179 14528.590413488686 0.0 14467.269908859422
34 226.9255162319819 58.2048414593549 160.36262101025744 215 218.56746246961234 14957.802650158384 22.284449047700974 14877.313359651327
103 969.3465448384015 52.0284480963187 161.00424331696982 205 213.03269141328855 14254.630165826196 0.6452172776815814 14201.95650045219
33 224.10060079061103 57.07554535077846 165.0242682794234 219 222.09981363020182 15039.228506869247 20.943963415076325 14961.208998103388
35 233.05607571146865 64.64673518795426 163.96654484543743 219 228.61328003339173 15043.09335412157 48.722938570789694 14929.72368036283
60 489.50088481792915 59.88729694412785 160.49595213387548 215 220.38324907800333 14788.338350663946 0.03290163989026951 14728.418152079927
94 899.0665147014538 55.82877899273351 155.3434442175536 209 211.17222321028711 14380.058408073786 0.17215974801320044 14324.057469333045
87 807.7212054702985 55.86638917938557 159.06277915894592 211 214.92916833833152 14486.460404759344 0.0 14430.594015579958
58 438.4215716812162 55.67669934806292 166.7586632947845 219 222.4353626428474 14891.979612381156 1.294403587777424 14835.008509445315
97 913.3285706971698 63.09368542974332 159.82844670331139 213 222.9221321330547 14426.409923391593 0.0 14363.31623796185
53 379.24738615921996 64.54611142951929 167.72053517925153 221 232.2666466087708 14965.454406882305 21.54598318830898 14879.362312264477
14 90.28967948440193 65.46239674410224 172.62881269713847 231 238.09120944124075 15270.882301499521 30.87847215969981 15174.541432595714
98 925.4309446882235 59.77382407679984 161.3613519659295 215 221.13517604272934 14445.171222766237 0.0 14385.397398689442
23 141.94713206136726 63.296448951517036 174.3909988132833 229 237.6874477648003 15231.27422207568 40.51967002414557 15127.45810310002
56 410.5140337163233 61.335883653485006 179.18638421091697 229 240.522267864402 15032.03444771094 0.13614371236650413 14970.562420345092
78 699.3276084109236 59.99914070588975 164.09730096910312 225 224.0964416749929 14751.183379263088 1.3292125844038765 14689.855025972789
24 142.1167893685837 61.61263681256775 174.2569173896148 237 235.86955420218254 15316.004387780946 41.98838429910879 15212.403366669278
48 341.51206413548994 68.40209598974783 176.84710161323798 237 245.24919760298582 15160.876902040134 26.381477476643 15066.093328573746
81 737.8115504788985 58.436242878934564 175.746141330697 231 234.1823842096315 14767.518746251926 0.6271116358409472 14708.455391737147
42 300.9315755004769 68.37057877810715 179.70235720983482 239 248.07293598794197 15215.087677993359 38.7136070765344 15108.003492138721
104 986.1548358149669 65.31598467169043 169.69757650108917 229 235.0135611727796 14531.099393141165 0.0 14465.783408469471
95 906.1575134359275 64.8356805668427 169.53710909990912 231 234.37278966675183 14614.806954732449 0.0 14549.971274165613
28 194.51988709533487 66.73388535952618 176.0540085519584 243 242.78789391148456 15329.37301069269 24.053862643546267 15238.585262689623
49 342.3886674500866 69.56534301030639 178.55032575128686 245 248.11566876159327 15201.604976744358 18.372335287594638 15113.667298446451
76 682.5960021983665 65.6167309072596 185.12643878975743 241 250.743169697017 14866.880859897705 29.785586212707926 14771.47854277774
67 552.1643433052059 68.88151210916149 186.6644203949065 249 255.54593250406793 15011.381052467543 0.5687204848152305 14941.93081987357
83 758.7993257998204 72.11040621437868 187.98507606373857 249 260.0954822781173 14809.636126589097 0.0 14737.525720374724
63 535.6533142665709 70.89799815414383 191.73467923867045 255 262.63267739281434 15035.949248067405 0.0 14965.05124991327
