# Cpu scheduler: srtf
# Quantum: None
pid arrival_time cpu_bursts_time io_bursts_time nbursts bursts_time tat ready_wait_time io_wait_time
6 63.87637119256077 71.67383662411804 59.41208520558247 9 131.0859218297005 555.3630366714629 131.7005007240761 351.98869932326875
9 71.30823812239868 115.66219104278397 81.17888947175713 13 196.84108051454112 875.4179604178912 77.2962702382083 682.4594991368989
12 93.57636079183953 106.90034850759605 88.3430781226801 13 195.24342663027616 891.4010551355208 68.75170497020319 715.7490016577216
1 34.121523390980634 95.48493563659969 95.56435478470736 13 191.04929042130706 992.149351071457 174.66939083275207 721.9950246021052
10 76.9614446687392 141.94435332227974 141.34242930776088 19 283.2867826300406 1589.581468043379 144.11843283031007 1303.518681890789
7 68.32546100971426 48.245892975444306 118.7617725191178 161 167.0076654945621 11444.278059341517 0.01861730775020476 11396.013549058322
41 263.260637463835 40.06794354373959 112.34511354051125 151 152.41305708425085 11298.708706365358 0.0 11258.640762821618
44 278.69774258669696 43.87824324867758 123.4802521207429 163 167.3584953694205 12197.083089855943 0.0 12153.204846607274
16 138.85968013347704 50.0015470198966 126.48892775694351 169 176.4904747768401 12431.92345042337 0.6250228796961892 12381.29688052378
53 351.07640394647365 47.99374855846618 123.98221087371356 163 171.97595943217974 12243.931192111966 0.1356256718993336 12195.8018178816
79 685.2989432990502 48.30628875534153 119.87204708833696 161 168.1783358436785 12091.361982987315 0.0 12043.055694231978
56 426.7448758254551 41.4793418585589 123.06291899414269 165 164.5422608527016 12402.157330582873 0.0 12360.677988724314
8 71.1242307573624 46.708964296150405 129.82839495678186 179 176.53735925293228 12773.841698962453 0.0 12727.132734666306
29 211.0150565394491 45.79079107759549 125.37348875765096 171 171.16427983524648 12709.213965447187 0.030038157150642064 12663.393136212437
54 401.79129562340904 45.59414532039038 123.64528503237106 167 169.23943035276147 12524.823547561262 0.0 12479.229402240871
55 403.7970359856335 43.69877145955764 124.90389045202099 167 168.60266191157865 12528.950583861613 0.0 12485.251812402055
87 764.5906738801337 49.9188762341591 119.15312587243285 163 169.07200210659195 12223.452373050866 0.0 12173.5334968167
88 766.4446397920118 43.36774454114467 118.12345592211894 163 161.49120046326362 12224.158635965692 0.0 12180.790891424544
47 311.33876980208754 44.81489845061366 125.20176189046987 171 170.01666034108354 12793.16344735474 0.41616414823647574 12747.932384755892
38 252.62844912820395 51.072360717220434 129.62942040920416 173 180.70178112642458 12885.727448574558 0.004648438643130248 12834.650439418698
92 845.322840584815 44.58876319738416 123.71121131065051 165 168.29997450803467 12343.376317222599 0.0 12298.787554025213
13 115.8436643414205 48.216192369111496 136.87810179741035 181 185.09429416652188 13197.19446648005 0.5823635209543454 13148.395910589988
5 60.406532929556626 52.857620411938264 144.70282900872516 187 197.56044942066347 13273.970472713536 0.1904424276872163 13220.922409873914
24 173.90917903891503 47.452127768860564 127.9581830877831 179 175.41031085664366 13183.552947269774 0.2642938864442499 13135.836525614472
17 144.08423507324608 49.45416139210526 136.1441092107535 181 185.59827060285875 13266.453629444593 0.7377394195653153 13216.261728632919
2 35.436605097935605 53.81787268814589 152.32106214103823 199 206.1389348291841 13397.372436978354 0.38354008881344726 13343.17102420139
93 852.2678766477002 49.36509747432775 124.00581045093205 169 173.3709079252598 12597.8032658308 0.0 12548.438168356468
14 129.16420416239458 52.102765020168114 135.39745309125718 183 187.50021811142528 13362.932498928194 0.8023550258176328 13310.027378882209
84 716.1282730808302 44.49838692487423 125.03154768285991 173 169.52993460773416 12872.591996353442 0.0 12828.093609428564
40 261.34733723240265 48.78689916470532 134.0911111448678 181 182.8780103095731 13389.494675229718 0.0 13340.707776065019
0 34.121523390980634 58.23619151757565 153.07839557731387 203 211.31458709488948 13626.357106943675 0.2841829714092654 13567.836732454689
45 293.38905570078236 44.55625984134012 134.21704241875656 181 178.77330226009667 13400.421508814314 0.35497478329835985 13355.51027418967
100 895.6855592678522 50.04311789947557 132.16687117961715 173 182.20998907909265 12824.931722391173 0.0 12774.888604491696
74 655.2020069646278 49.04115060245712 131.98782027512982 177 181.02897087758697 13116.124059426038 0.22158574313539248 13066.861323080448
26 184.1649616214937 50.265277081523436 137.08135992524083 187 187.3466370067643 13657.477523708974 0.450969627299429 13606.761277000147
89 766.7430837067263 49.509895380642426 131.01893097852664 177 180.52882635916905 13076.838038673342 0.7705643608931041 13026.557578931806
18 149.36678425291436 51.843074634397155 140.5247273765053 189 192.3678020109024 13728.115242396869 0.5965138713596048 13675.675653891103
94 855.8572543353035 51.994318031193394 130.50827154513541 177 182.50258957632883 13048.140991486123 0.0 12996.146673454934
68 564.3262582004487 48.16349246820304 135.59315751101929 181 183.75664997922235 13363.152914845594 0.019066389653630722 13314.97035598774
49 317.40306389499324 54.052639478105625 139.3166986668407 189 193.36933814494634 13815.15796265233 0.0 13761.105323174233
70 580.9622337248462 50.802210663812964 143.38241524410205 185 194.184625907915 13552.90583757374 0.0 13502.10362690993
19 156.8762305625992 52.30466231426046 151.2903618547449 195 203.59502416900534 14030.340083490271 0.39694939189593015 13977.63847178412
28 209.62439909245887 53.363722394063785 145.82487364537988 193 199.18859603944367 13984.935029715358 0.21606581960557492 13931.355241501693
22 164.47336194885392 54.27111883985404 144.51101368242556 195 198.7821325222796 14048.723820314466 0.0 13994.452701474609
48 314.2554342026802 49.82794107418201 144.4531670926601 191 194.2811081668421 13918.623760240707 0.0 13868.795819166526
27 194.98789743003562 52.13458400193693 149.1215609523242 195 201.25614495426112 14078.6024775724 0.719077043216771 14025.748816527246
80 685.6274791804277 48.47580874388245 141.3336664808198 187 189.8094752247023 13606.955097565175 0.9640743324691812 13557.515214488827
81 688.9851573355958 54.075512035147014 138.5803095967628 187 192.65582163190982 13607.139705930786 0.35882675755624405 13552.705367138084
15 138.30823246721076 53.49036525172143 153.55540990585365 199 207.04577515757512 14192.855966906118 0.3555953986486884 14139.010006255749
39 256.22197793480103 55.390622478787556 147.49026227483597 197 202.88088475362352 14171.793546485222 0.0 14116.402924006437
103 967.708881235652 48.255699628914115 136.45035187479908 187 184.70605150371316 13466.691167072326 0.0 13418.435467443409
91 832.2081321748299 49.997825307444835 139.6989082586209 189 189.69673356606577 13622.085058956041 0.0 13572.087233648597
82 700.8177331849307 51.39416697437946 142.55182640120262 191 193.94599337558213 13770.675916448936 0.416998836667517 13718.86475063789
30 214.34839380422997 53.506979086369434 154.72031599751446 201 208.22729508388392 14326.81067245183 0.8787921763126292 14272.424901189148
25 182.76061746443276 54.305356457068186 155.3266276278365 203 209.63198408490473 14388.969126157857 0.0 14334.663769700785
64 510.0892546317678 51.49869141452804 146.0242205109821 197 197.5229119255102 14096.539598388294 0.0 14045.040906973762
75 655.3858010575151 56.25008412318623 146.442447133708 195 202.69253125689423 13952.746652226942 0.638460613342545 13895.858107490416
43 269.1068099918541 59.99606585569105 154.10822238710483 201 214.10428824279586 14344.57207753789 0.0 14284.576011682202
98 873.7891015418468 53.8097634520797 143.31081199278793 193 197.12057544486765 13757.830999494134 0.0 13704.021236042057
102 956.52697454549 50.1642544497326 141.326292582219 193 191.49054703195162 13712.027266922621 0.0 13661.863012472892
83 703.4056810746283 56.4464980646502 142.1422836043164 197 198.58878166896656 14003.426429903086 0.0 13946.979931838428
85 718.9479223275356 53.45783840072674 153.53776695038286 197 206.9956053511096 13994.969998822115 0.0 13941.51216042139
23 172.14927878264842 57.7934612892458 159.60793974198617 207 217.401401031232 14548.002996980213 0.20461754494249362 14490.004918146025
52 341.5860192774659 57.97372223587544 146.0630809855176 203 204.03680322139303 14398.56458603809 0.5975089882026055 14339.993354814007
11 77.59192317488436 60.04603055289062 157.53188447057923 215 217.57791502346987 14687.378377024495 0.0 14627.33234647161
86 722.8433294382122 53.52542336302183 145.62326580238113 199 199.14868916540294 14059.882126149216 0.27811062629666594 14006.07859215989
50 336.7021520053562 58.37612760222178 146.4669741799539 205 204.84310178217575 14453.557048611417 0.0 14395.180921009192
51 339.2684183178126 55.14835085510143 155.67577054443564 205 210.82412139953703 14457.256451941157 0.0 14402.10810108606
60 487.9537239126378 55.10813472151878 150.4324343299637 203 205.54056905148246 14314.841295749535 0.0 14259.733161028022
3 45.97781544584728 60.407794371109176 168.98585506792824 223 229.3936494390374 14777.190240822621 0.4374337484641302 14716.345012703041
21 162.36166447019716 57.58248653873738 155.4622981787478 211 213.04478471748516 14668.68158126883 0.27500924790217596 14610.824085482192
37 251.58557367357767 60.193134638605244 154.16200812093177 209 214.355142759537 14602.548018519106 0.0 14542.354883880505
76 656.3455393862604 53.369675709496846 154.15383251108696 203 207.52350822058378 14213.221704342384 1.1909865106503048 14158.661042122238
77 667.5311411863925 57.167009815582695 150.89368853553785 203 208.06069835112055 14204.68710045979 0.0 14147.52009064421
101 935.8717926239805 57.828336180566914 154.395798052796 201 212.22413423336292 13966.531895207094 0.0 13908.703559026528
4 47.65695474511538 61.41842223375574 165.41054697826337 225 226.8289692120191 14871.777637156027 0.3615339207684656 14809.9976810015
31 220.6854171838397 55.5145433054587 158.77446844574087 213 214.28901175119955 14713.894116194939 0.0 14658.379572889484
20 159.86856343567385 60.153389386699814 161.9083013525994 217 222.0616907392992 14811.72979703109 0.9724908985166394 14750.603916745868
99 880.1282388354908 57.65908063536082 160.9202892276962 205 218.57936986305702 14099.766056359922 0.0 14042.10697572456
35 247.62632607193675 57.72809652661374 162.07388562262153 215 219.80198214923524 14747.345851185304 0.19117413272198291 14689.426580525962
96 862.5641932099006 58.5198304106206 154.76309544864654 207 213.28292585926715 14150.067335935066 0.0 14091.547505524442
57 445.8632924417876 60.87622396266183 163.58588664482508 213 224.46211060748692 14579.084508717833 0.049368337634689397 14518.158916417538
46 302.7356833325125 57.93330031386637 163.070711300209 217 221.0040116140754 14754.93723216485 0.0 14697.003931850988
36 248.13355239979734 64.75242488967197 162.81786459821907 219 227.57028948789107 14819.53158166018 0.2260641300979387 14754.55309264041
67 562.7255912693089 61.1237174580835 164.76422926475783 215 225.88794672284135 14527.953660378678 0.0 14466.829942920602
72 606.8060205228165 58.954123714851505 159.71481834268286 215 218.66894205753437 14493.070757991083 0.2667825717400092 14433.84985170449
104 969.3168555623524 58.07536829368058 158.46370645290105 211 216.53907474658166 14138.835366332089 0.0 14080.759998038408
71 601.1292488658783 60.6456507545688 161.4108545647062 217 222.056505319275 14526.041098476653 0.0 14465.395447722083
73 639.1746883046358 60.361472684374895 160.13177241938493 217 220.49324510375988 14495.52093614099 0.2620896565487101 14434.897373800066
65 518.9322468049454 58.60306687638758 169.82513112009207 219 228.4281979964796 14625.338163233868 0.3411227779993169 14566.393973579483
69 570.4108168507626 61.764199281210104 163.54854842250782 219 225.31274770371795 14580.724799993077 0.7097542398728365 14518.250846471996
34 244.04617098095153 58.82341964669972 168.0036336008275 225 226.8270532475272 14908.851855925926 0.2729620448206731 14849.755474234405
61 492.5435921053208 56.970951737956504 164.67324182380787 221 221.64419356176435 14665.438505075788 0.0 14608.467553337834
62 494.1437221621492 59.38472116605716 164.64971533871872 221 224.03443650477587 14665.15605463784 0.09369430462879791 14605.677639167152
42 263.4016301373901 63.779936231366975 165.062072212839 225 228.842008444206 14898.3686162792 0.5443233701764711 14834.04435667765
58 471.32002616086027 60.73623929704129 173.50951245959612 223 234.24575175663745 14703.092077444962 0.3889725634288652 14641.966865584494
63 506.54441157521615 62.04613120006649 165.97763769598856 223 228.02376889605503 14670.346822106274 0.0 14608.300690906204
90 823.466749251584 54.53683017850621 161.22559233086778 219 215.76242250937395 14354.93478482106 0.0 14300.397954642543
32 228.20653525112286 65.80936508662558 170.3490412056199 231 236.15840629224547 14967.4663741427 0.0 14901.657009056065
95 860.9480023118982 59.892216019578385 167.50882448309395 223 227.40104050267237 14341.492975553085 0.0 14281.600759533503
33 236.51571408098405 66.80304473545662 172.4522159433904 233 239.25526067884704 14968.936997615836 0.0 14902.133952880384
78 678.7359009383531 57.14806039535608 173.04247452541293 227 230.19053492076898 14529.800057563552 0.0 14472.651997168194
59 483.3821911620631 65.47070243690811 170.56784154909693 233 236.03854398600498 14735.562136526147 0.3020558296559557 14669.789378259584
97 866.0109196809824 63.4034330458094 173.67937298168025 235 237.0828060274896 14361.865000520756 0.0 14298.461567474942
66 548.768168182763 70.17827734807872 192.26534603010649 253 262.4436233781852 14694.874276788936 0.0 14624.69599944086
