# Cpu scheduler: srtf
# Quantum: None
pid arrival_time cpu_bursts_time io_bursts_time nbursts bursts_time tat ready_wait_time io_wait_time
1 45.10907233935397 59.13626521755731 40.20654761000014 7 99.34281282755747 337.47931969737635 155.4494472679376 122.89360721188147
16 128.58669815720214 49.84157613681705 34.95284515107545 7 84.7944212878925 291.94745954563814 35.045311578018556 207.06057183080256
12 109.20283339781496 68.32798032761603 47.65281443599564 7 115.98079476361167 737.3712575823282 307.7564556341069 361.28682162060534
9 98.02988513536377 77.01468080099465 55.27740310879564 9 132.2920839097903 1019.462238664332 263.7504698171624 678.6970880461748
21 146.96273586329883 65.0141484863389 45.40560465433737 7 110.41975314067626 1012.9663786845392 359.58619043242857 588.3660397657718
7 91.90982529777843 100.45821007940626 113.55940971278683 15 214.01761979219307 1102.5667914623484 89.3977366894871 912.7108446934551
10 99.91932128607947 114.94903973509645 98.68124698724557 15 213.630286722342 1257.7988224087749 101.94315242657773 1040.9066302471006
20 143.20536489274969 106.55964555925631 87.97299853367458 13 194.5326440929309 1387.641476832773 190.7558547377282 1090.3259765357884
18 129.31638279775038 109.79598292894971 88.47623417426789 13 198.2722171032176 1641.5910795016061 348.44940665952385 1183.3456899131327
14 122.17645622269279 106.42575698260802 96.92711486825081 13 203.3528718508588 2045.09602009082 490.8798538269946 1447.7904092812178
17 129.06235875579623 42.33401100244277 112.72144291629478 153 155.05545391873753 21012.716768376813 0.6590992092905026 20969.723658165083
23 182.80308860841316 43.443948082584754 112.89065287882872 153 156.33460096141349 21455.03206070612 0.0 21411.58811262354
40 350.9100969269337 42.71766042923408 113.93609376611796 157 156.65375419535204 22617.965809596797 0.0 22575.24814916757
22 156.36262608335068 46.858799437441014 125.5152066550481 165 172.3740060924891 23010.15333016209 1.7145521425442212 22961.579978582115
80 724.9846895342639 43.922993592163955 114.46010743888135 153 158.38310103104533 22485.3279222236 0.0 22441.404928631426
147 1438.7014035361835 36.628928379775004 106.4227406468626 147 143.05166902663757 21826.639356512642 0.1759406560943262 21789.83448747678
88 776.1374816593269 41.34531989652974 112.45991948303649 155 153.8052393795662 22783.14337169818 0.0 22741.79805180165
0 45.10907233935397 53.635979778624446 153.62695122339235 203 207.26293100201684 23963.518569188745 1.4026791340225628 23908.4799102761
41 354.5430821264352 43.817644915605605 125.90218730319188 167 169.71983221879754 24073.961346455562 0.18027338901333678 24029.96342815094
170 1636.4958632957346 45.46849682571477 115.40934398970947 159 160.87784081542424 23572.692531138357 0.0 23527.224034312625
95 849.1511540227888 47.06693761104789 124.95806865012972 169 172.0250062611776 24841.610437500764 0.0 24794.543499889718
3 64.7759369732459 52.49787200920206 141.94334831104945 195 194.4412203202515 25667.85932695028 0.3780697855772388 25614.9833851555
145 1428.8233022421646 46.070900540779185 124.78035953245264 165 170.85126007323183 24411.869017447774 0.24622461053127154 24365.551892296462
29 261.73944184287706 48.54609582448493 134.29197558276474 181 182.83807140724969 25812.648066893962 0.0 25764.101971069478
75 651.8693093316339 53.084833898883204 134.30685806448508 175 187.39169196336832 25617.119817062303 0.007947127738816562 25564.02703603568
2 63.66504440155296 59.25729225296503 149.6316621331189 199 208.88895438608392 26224.67882098558 1.088677693762449 26164.33285103885
78 689.4211814843115 46.62061240118876 128.70403750761528 175 175.32464990880408 25621.985049936724 0.0 25575.364437535536
55 455.48367762332754 50.13822899685075 135.05809056149448 179 185.1963195583452 25946.848229574676 0.020320303101584614 25896.689680274714
179 1743.9090307199451 45.62103337493129 124.28613575552592 167 169.9071691304572 24722.203824087974 0.0 24676.58279071304
11 103.1150467212712 51.81423915776718 144.41509270322308 193 196.22933186099027 26473.67050819451 0.0 26421.856269036747
82 731.747223329395 48.72411761095308 130.82158124588332 177 179.5456988568364 25932.83085021084 1.1616010621862642 25882.945131537694
66 559.1616015719386 50.14208930162685 134.56331165784954 179 184.7054009594764 26106.584085969676 0.23993559021289457 26056.202061077838
15 126.84814885160388 53.387508321337 145.31839175661815 193 198.70590007795516 26724.891089776975 0.0 26671.503581455636
77 682.6675003342737 50.776336859549936 137.9830442232188 179 188.7593810827687 26171.21960451531 0.371609795969448 26120.071657859786
13 110.946518477203 56.84070842632418 147.59104758731945 197 204.43175601364362 27201.87388474556 0.0 27145.033176319244
160 1529.6298114379424 47.50760085776798 132.2895625489005 175 179.79716340666852 25790.66789508597 0.0 25743.160294228208
181 1794.167705789368 47.49668327349682 129.5867363991189 173 177.08341967261572 25534.758886861968 0.0 25487.262203588478
51 430.6262836071356 54.086378781941235 135.90480755885636 187 189.99118634079758 26989.731229700243 0.15320482072331743 26935.49164609758
199 1985.5742765017517 48.79459143916891 133.45919368566194 173 182.25378512483087 25510.16715025686 0.0 25461.372558817693
204 2022.76997956089 50.79518770729531 124.5202064701513 173 175.3153941774466 25519.280912020666 0.3334709730040686 25468.152253340366
90 814.6063448342959 52.75480978327972 133.51587803681895 183 186.27068782009871 26748.215798341964 0.0 26695.46098855869
180 1784.576258694587 47.13473011445602 132.70519165240324 175 179.83992176685925 25798.815729615475 0.0 25751.68099950102
47 388.8506675665952 52.245845604238994 137.05805336541172 189 189.30389896965067 27225.845352174332 0.48123633298587265 27173.118270237104
165 1575.8394884730758 49.808098707433444 131.46876991617114 177 181.27686862360463 26048.774816689387 0.0 25998.96671798195
144 1416.2511785964496 51.369158890822966 134.22725028303776 179 185.59640917386076 26304.332892495906 0.0 26252.963733605084
85 750.9965859973528 47.54029639623451 135.09832990855912 185 182.6386263047936 26983.334764312294 0.08829594959399856 26935.706171966474
155 1489.4340626962673 49.813271139968904 133.12365829402555 179 182.93692943399446 26315.941037357043 0.0 26266.12776621708
19 138.7963615650777 51.09902985801331 144.80471819022227 199 195.90374804823557 27694.357175876274 0.0 27643.258146018263
166 1602.5103989091047 48.539430987600745 131.78014368121492 179 180.31957466881568 26287.999203508847 0.0756433072526761 26239.384129214
187 1890.9309715076758 48.299835045649274 131.07362233366982 177 179.37345737931906 26020.789220805284 0.0 25972.489385759633
28 254.4477850673027 52.9388402199332 142.6490750237875 195 195.58791524372066 27680.409854789577 0.0 27627.471014569644
89 801.3413453339986 52.410109252729065 139.8003926461007 187 192.21050189882976 27241.8210289994 0.7705467751525248 27188.640372971513
36 315.4779113003308 54.56665861660237 148.00682299881822 195 202.57348161542058 27829.012495840427 0.32501751717126126 27774.12081970666
188 1902.9099629928653 48.68030606753008 135.19624994129956 179 183.87655600882965 26259.819432816097 0.0 26211.139126748567
87 763.9207022997848 55.23769125902922 141.72000990459858 189 196.9577011636278 27463.255383815318 0.8849426636170392 27407.132749892666
126 1255.809347997523 56.04262805860199 138.48526452370237 185 194.52789258230433 26993.35421244031 0.0 26937.311584381707
106 1034.4975514205694 48.218310576758704 139.577739902232 187 187.7960504789907 27244.534325802215 0.21983427721852422 27196.096180948236
72 638.3944658395754 50.69742175495513 143.08369454643162 191 193.78111630138676 27669.528612871185 0.0 27618.831191116216
79 703.6394490175412 57.03087878744432 143.15187836286066 191 200.18275715030495 27673.738287121014 0.0 27616.70740833356
53 431.53299153833217 54.23015899255439 141.2233122247434 195 195.45347121729782 27974.24031502715 1.2649358576794043 27918.74522017691
63 552.3076340091127 54.66518161653235 140.76053467846344 193 195.42571629499577 27866.796859746926 0.0 27812.13167813039
65 554.4422464144923 53.22236860816118 145.93975038748707 193 199.16211899564826 27873.96270512568 0.19206977772523715 27820.548266739785
131 1284.2475583067112 54.43691653060741 142.3018593926941 187 196.7387759233015 27234.737979588925 0.0 27180.30106305831
92 828.8899284913798 51.79802831758498 143.5659955845093 191 195.36402390209423 27714.053088417237 0.0 27662.255060099662
6 89.34822086876247 57.72562610527978 155.53842269145278 211 213.2640487967326 28508.660339610185 1.4814647810571415 28449.453248723847
143 1411.124085617574 52.841733479427845 133.6929754434842 187 186.53470892291202 27240.847510105403 0.0 27188.00577662597
174 1665.0256087544888 48.06687604904678 137.99817770614058 185 186.06505375518736 26996.722552332332 0.34915132968603757 26948.30652495359
127 1264.739925908297 54.81321564300392 140.2519710331363 189 195.06518667614023 27456.85498276382 0.15368959067950527 27401.888077530144
162 1548.307028295993 53.37526251168139 139.33603454029677 187 192.7112970519782 27219.344079857226 0.0 27165.968817345547
59 515.4879945103204 54.62622585142899 148.9421146083454 197 203.5683404597744 28278.975466077456 0.5079484936286462 28223.8412917324
114 1100.9876774036452 48.64330173009421 141.0842926388818 191 189.72759436897599 27702.691525789403 0.6322781986348218 27653.41594586069
24 194.6739938551267 55.915308694547875 153.94967481301197 205 209.86498350755983 28615.764436430778 0.18057999673456493 28559.668547739497
54 438.1487440360608 54.70094050274001 152.68619308831668 199 207.38713359105668 28415.21565567213 0.0 28360.514715169393
192 1920.517518634903 54.2090398427962 139.54542428290785 185 193.75446412570403 26933.841592680055 0.20865473544313318 26879.42389810182
178 1737.1005398004318 47.38140074136446 139.70699763949628 187 187.08839838086078 27206.589139744225 0.0 27159.20773900287
205 2024.482344889537 47.60248920380592 137.70349349622035 185 185.30598270002628 26920.237571022546 0.0 26872.635081818742
190 1909.1962709727507 53.563017719213356 141.01925791390804 187 194.5822756331214 27144.775873906154 0.0 27091.212856186947
142 1397.323467380331 53.922234240156406 141.08730344026299 191 195.00953768041944 27664.31371288558 0.2063000299297073 27610.185178615484
57 469.0498223655495 55.79935216879524 145.09149535312037 201 200.89084752191562 28644.805724734477 0.0 28589.00637256567
46 379.8311931436934 54.39366268131922 153.57229916410085 203 207.96596184542008 28804.581305481337 0.0 28750.187642800014
37 322.5147687345527 61.056446085953546 153.1161236111467 205 214.17256969710022 28917.1609713836 0.0 28856.104525297636
103 999.8088699865735 53.39850526861611 148.83068806063594 197 202.22919332925204 28308.482331028856 0.1308371287675527 28254.952988631463
43 360.6566361506003 58.07989027553069 151.42143455309022 205 209.50132482862094 28967.718237805067 0.0 28909.63834752954
44 361.10700593708776 52.54141872439587 151.07491433728197 205 203.61633306167784 28969.777085409096 0.002385717517881858 28917.23328096719
133 1310.5323630467824 56.75074222120539 144.38597506522487 195 201.1367172864302 28072.388145535526 1.280306281984167 28014.357097032338
33 288.89968366679005 52.49429497446441 157.2794008904803 207 209.77369586494473 29100.41335330751 0.4456000756379126 29047.473458257413
96 860.9940557766242 54.730641381961334 150.28935928723217 199 205.0200006691935 28537.76199936652 0.0 28483.031357984557
61 544.7500575608078 56.67973101550873 156.09382233363257 203 212.7735533491413 28902.107380812824 0.32252292932594173 28845.105126867984
194 1943.3587670643672 53.91131386924631 137.81321210404477 191 191.72452597329107 27526.19809952794 0.0 27472.2867856587
8 94.68535912158697 63.26354275398764 163.3602509864909 219 226.6237937404786 29386.475480209872 0.7857658392331786 29322.426171616644
128 1265.3786576548762 53.24591780251673 144.57978481817673 197 197.82570262069345 28259.1130122847 0.2762058253276791 28205.590888656872
108 1047.8290719324361 57.13756458229132 148.71439363116951 199 205.85195821346082 28491.54119288114 0.0 28434.403628298845
156 1513.0501770966966 54.88504108982911 146.3179569938894 195 201.2029980837185 28029.75609480421 0.0 27974.871053714367
111 1063.1306413756852 54.23809326803038 146.09608380074727 199 200.3341770687776 28497.496912516715 0.07855994654664755 28443.180259302153
26 222.7875680337159 61.34199986745592 161.44326812075766 211 222.7852679882136 29345.8511995466 1.0099623813940752 29283.49923729775
140 1381.000808348665 50.77553661797253 149.10693557470356 197 199.88247219267612 28238.46547890876 0.0 28187.6899422908
193 1927.5279256098067 54.60678727873924 141.8321626220869 193 196.43894990082617 27714.319922036397 0.2793216959489655 27659.433813061703
149 1448.4634440818759 56.816727331082745 147.99901301714448 197 204.81574034822722 28230.32996875948 0.43597141569057385 28173.077270012705
105 1028.152973087527 51.552570217877225 147.8233695225216 201 199.3759397403988 28672.961756774246 0.0 28621.409186556368
130 1274.637238980622 56.49994815137454 148.456238169678 199 204.95618632105248 28439.594056560265 0.0 28383.094108408877
109 1047.932140395179 56.00020043167364 145.23182189560586 201 201.23202232727948 28669.3839566203 1.23664845881558 28612.147107729812
110 1054.7257609064325 56.85438784235712 150.4515612344664 201 207.30594907682354 28675.158036351844 0.7738924718858016 28617.529756037606
161 1541.7972087282076 59.34234073612787 147.93061245896163 197 207.27295319508949 28194.1187516673 0.0 28134.776410931176
118 1143.8574873857808 59.85305407859615 153.2072873465771 201 213.06034142517325 28644.09479671567 0.0 28584.24174263707
64 553.5117558691271 59.15913976148177 151.97428689247005 207 211.13342665395186 29258.56059349268 0.5947376485330551 29198.80671608266
84 750.4425497788156 54.001001325963095 154.29410072177097 205 208.29510204773408 29080.237340308544 0.929566377952824 29025.30677260464
101 990.0216569245524 51.53065502928789 149.191947937485 203 200.7226029667729 28848.204412910844 0.4364975719888662 28796.23726030957
69 612.3702486313218 54.4818945583436 157.734862409059 207 212.21675696740266 29254.15359398852 0.1826962167747297 29199.489003213403
154 1472.213804588006 53.74425674091 150.4192248929826 199 204.16348163389262 28396.340520199756 0.011076670919237586 28342.58518678792
107 1035.2692803125346 54.88170486289423 153.8008996691992 203 208.68260453209342 28846.347249712686 0.0 28791.465544849805
184 1813.8120613224035 55.1000255203478 149.02420543071892 197 204.1242309510667 28102.095099249116 0.0 28046.99507372877
117 1140.605386861624 58.58371320653379 153.09064827418635 203 211.67436148072017 28805.818310842737 0.0 28747.234597636216
25 206.4156447770201 63.26384691666743 153.35505310768002 217 216.61890002434745 29758.22613867162 0.0 29694.962291754953
123 1191.918681750925 53.08821255095919 150.66328735060236 203 203.75149990156157 28780.822784007512 0.0 28727.734571456545
146 1434.099481977108 53.40979903706176 150.38938681587075 201 203.7991858529325 28556.925119240124 0.5111060148451543 28503.004214188215
176 1718.5101178432067 50.455465881521924 150.75834445937022 199 201.21381034089217 28293.09867658074 0.0 28242.643210699207
163 1548.8199569835222 62.17911241752331 145.72577829440317 201 207.9048907119265 28500.64574235005 0.14271768618618808 28438.323912246342
185 1844.4915766779095 57.96675038038993 147.64098695707727 199 205.60773733746714 28227.631119871032 0.0 28169.66436949065
186 1845.8425740039418 56.97848347472381 143.57190034064743 199 200.55038381537122 28227.9290520184 0.0 28170.950568543678
76 675.519805330106 55.74451089704744 156.28822308195294 209 212.0327339790004 29403.341651868224 0.0 29347.597140971175
98 889.9904173909345 53.568610555245584 156.46593695090348 207 210.03454750614907 29192.751622804997 0.0 29139.183012249767
139 1377.5094797228735 52.94742111428255 152.27321012059207 203 205.22063123487465 28715.28226032002 0.0 28662.33483920574
169 1619.9390166684668 66.28957152112474 149.58150371740768 201 215.8710752385324 28474.49175894176 0.0 28408.202187420644
30 262.95468857668226 61.73145716537039 165.00859054230887 217 226.7400477076793 29848.09513178712 0.0 29786.363674621763
68 591.2492828824627 57.65482609685349 156.83755797375858 211 214.49238407061208 29549.06618560732 0.013021683738202228 29491.39833782673
177 1720.095588154801 56.960396593858064 148.49270332123191 201 205.45309991508998 28435.757231999858 0.13307565634454477 28378.66375974966
73 642.2442243396781 56.23305937657254 159.37027275060817 211 215.60333212718072 29545.486487220463 0.535723365544186 29488.71770447835
191 1912.7511686647679 53.51375831543647 146.57061830829 201 200.08437662372648 28325.102803091424 0.1081481175456247 28271.48089665844
171 1649.8714781555427 55.42142130491276 156.58531777017927 203 212.006739075092 28591.93952479057 0.0 28536.518103485654
38 339.1321316276499 61.98131673514677 160.36135202983587 217 222.34266876498265 29920.78324855455 0.5452526584742259 29858.25667916095
100 978.7075902963803 56.399032293077354 154.48766375053512 209 210.88669604361246 29285.882722351576 0.0 29229.4836900585
97 866.1201283690239 59.61638858998185 162.87662115433736 211 222.49300974431924 29464.32158826687 0.0 29404.705199676875
112 1095.6602453561468 52.34486145359333 155.99603283757938 209 208.34089429117273 29241.002991025944 0.0 29188.658129572363
138 1352.7898359422481 59.25557225383007 153.69245790346199 207 212.94803015729204 28991.160728920346 0.9696331533450575 28930.935523513173
60 535.201946104553 60.79293316274417 162.63409104384783 215 223.42702420659205 29816.536417506097 0.8038253303387819 29754.939659013016
102 991.0595642407761 53.72158592705416 160.54393406472155 211 214.26551999177568 29400.566261060405 0.0 29346.844675133347
48 398.1522466217677 60.7583808776375 161.3597969333761 219 222.1181778110136 30053.41149749958 0.024643960407502163 29992.62847266155
167 1612.055430121448 60.79535206526241 155.63086243253176 207 216.4262144977942 28850.94132857916 0.0 28790.14597651391
120 1147.7823481606529 58.82237687934377 156.03605226992144 211 214.85842914926522 29323.900943545832 0.0 29265.0785666665
81 731.5592087831792 57.512904233530506 164.81550102800279 215 222.32840526153328 29750.740734423445 0.0 29693.22783018992
203 2017.4634688508156 54.219749179086804 147.4156734413252 205 201.63542262041204 28504.24905792804 0.0 28450.029308748955
158 1518.4201117373336 57.95248617835621 156.55173776280492 209 214.50422394116111 29022.37326707623 0.6270726242639739 28963.793708273606
34 295.63960308886755 64.1785679035251 167.85800631229858 223 232.0365742158237 30255.98352305785 0.0 30191.80495515433
58 508.515811927148 60.319552786110044 164.36460546081616 219 224.68415824692622 30050.265920759524 0.6840503084952161 29989.262317664918
136 1349.1567438037796 59.440024722590714 154.3369046376884 211 213.7769293602791 29213.333540145442 0.0 29153.893515422853
137 1350.651683175845 59.26235425008303 160.50683109229772 211 219.76918534238075 29213.67452919103 0.0 29154.412174940953
168 1613.0660100641533 57.40763949320032 159.62508869468766 209 217.03272818788798 28959.38495216023 0.5185875291135744 28901.45872513792
70 622.1074067207418 57.0349210702743 162.70023760443777 219 219.73515867471212 30002.966646716246 0.11853546819065741 29945.813190177778
91 818.8080390109046 58.76277784030588 166.31565228588622 217 225.07843012619207 29820.196214041785 0.41028949869792086 29761.023146702795
74 642.3054987140233 63.347363725224476 165.40206001119878 219 228.74942373642324 30006.355382108824 1.84720514989408 29941.160813233713
135 1341.2370127654822 58.57238098084441 157.41931094438795 213 215.99169192523237 29320.572601136544 0.4028391212691531 29261.59738103443
50 427.3429516940285 63.22526984244966 164.54003109451966 223 227.76530093696937 30245.13021749065 0.0 30181.9049476482
189 1908.5971559378524 59.62625730063727 159.31051785162265 209 218.93677515225994 28767.7680794977 0.0 28708.141822197074
173 1663.4012768697708 53.98227740154316 153.64694396590008 211 207.62922136744322 29021.425533459686 0.0 28967.443256058155
124 1199.2529912689404 55.73886802672233 163.72055673344147 215 219.45942476016384 29494.71269250247 0.0 29438.973824475746
86 753.1343566967878 65.92617993438505 171.2907404007406 219 237.21692033512562 29942.832282494503 0.0 29876.90610256011
198 1970.3690094456583 59.849754549796955 154.41997265371916 209 214.26972720351608 28728.889639557416 0.0 28669.039885007616
152 1454.7636787806346 59.97119948135871 160.46244868690715 213 220.43364816826585 29256.844002399845 0.0 29196.872802918482
122 1185.4610124626206 56.825633107619375 162.914808961642 217 219.74044206926135 29584.1292269868 0.646370560649757 29526.65722331853
42 356.6694523409637 65.35820274623957 168.14605102172175 227 233.50425376796136 30429.676204269996 0.04112057767815713 30364.276880946076
104 1015.4105269942565 60.87530894482252 167.59775835107303 219 228.4730672958956 29779.45734176034 0.22563233168580155 29718.356400483826
31 268.1603819553581 61.25176738477572 169.9602288449592 229 231.21199622973495 30534.33012141914 0.5276349576001849 30472.550719076757
93 835.190893659047 64.05189502847465 161.47545798764278 221 225.52735301611744 29985.81450345121 0.0 29921.76260842274
182 1802.7749260661828 56.74820437499795 159.97017700907693 213 216.71838138407486 29019.674290505962 0.0 28962.926086130952
134 1322.7385706942584 55.504166640043174 164.88055614355287 217 220.38472278359603 29504.924356502543 0.06496185381797659 29449.355228008684
119 1145.4940148501298 53.18145448351122 164.78383587603128 219 217.9652903595425 29692.65551322034 0.0 29639.474058736832
121 1162.120090048439 54.6833967707101 162.6754470339643 219 217.35884380467436 29682.43872281448 0.0 29627.75532604377
172 1656.1010383255573 58.69616058209779 163.22114305298365 215 221.91730363508145 29189.610606899558 0.0 29130.91444631746
99 955.9956844179833 56.21922506366648 167.78244063557574 221 224.00166569924227 29891.35892384119 0.0 29835.13969877751
153 1456.8300920150593 61.8449380547606 162.0571657039402 217 223.90210375870086 29408.171103441775 0.0 29346.326165387003
206 2024.648715743611 60.43878964861793 156.7013488153526 213 217.1401384639705 28851.152274588425 0.10260985890681695 28790.610875080903
207 2035.8958959330241 58.764705711708785 157.20385448961164 213 215.96856020132043 28841.726292653333 0.0 28782.961586941627
32 269.2419422844067 66.25269437664227 170.27263936721087 231 236.52533374385314 30618.90595456782 0.1296786497823632 30552.523581541398
94 843.4395657659237 62.37768120056783 168.9352384835771 223 231.3129196841449 30047.254494224137 0.7753218737793759 29984.101491149795
83 743.7565365294271 56.8573182487203 169.76390398078328 225 226.6212222295036 30169.259516284397 0.0 30112.402198035677
196 1950.3800583534837 58.94319831605626 160.72048906884706 215 219.6636873849033 28964.112917800892 0.0 28905.169719484835
67 566.911843506524 60.54493474240562 168.81580405939886 227 229.36073880180447 30348.968267722357 0.5356945231576447 30287.887638456814
39 350.8915695285348 63.77546432162927 173.94528671308117 231 237.72075103471042 30569.685661705043 0.25007015667262067 30505.66012722674
129 1268.5732034587645 61.15991475342414 162.97664204454435 221 224.13655679796844 29666.523210175917 0.26235644707162464 29605.100938975425
157 1516.4405970162932 61.6390069853644 161.08633608145914 219 222.7253430668235 29423.169558647838 0.0 29361.53055166247
159 1519.923906508402 62.9608151513022 170.11618989455874 219 233.07700504586097 29424.295366812643 0.08862599171857255 29361.245925669627
45 370.4954651845113 66.65811544786527 169.9882858886218 231 236.6464013364871 30574.987778078503 0.0 30508.329662630644
164 1564.7399910807699 62.635250105722456 164.08246795811658 219 226.71771806383902 29383.20532379061 0.0 29320.570073684892
113 1097.9333739238896 60.04127228380085 172.1754058110674 223 232.21667809486826 29853.917556691507 0.0 29793.876284407725
4 66.85021218451791 63.25352085086945 184.83099949834198 251 248.08452034921143 30887.302100861536 0.33194690111038483 30823.71663310957
52 430.8561275301165 58.781710071808504 174.11374499441044 231 232.89545506621897 30529.45751194775 0.33772301366116153 30470.338078862274
195 1946.086310511856 64.5597998561823 160.04566570836977 217 224.6054655645521 29019.50670684156 0.0 28954.946906985377
197 1962.8791304726903 62.13724420112216 160.98646241091535 217 223.1237066120375 29004.2998690283 0.4779419536034766 28941.684682873576
5 75.37870125071194 69.3923723793071 187.26228364310055 251 256.65465602240766 30904.569898484177 1.2867424955165916 30833.890783609342
148 1443.0595769415258 65.46245223551642 164.46597147209025 223 229.92842370760664 29561.795606130523 0.2570719408356581 29496.07608195418
125 1249.0700412818828 59.469272655647224 171.12144879370453 225 230.59072144935175 29761.692624100815 0.0 29702.22335144517
201 2016.5375334790924 61.260429135676844 162.60169521952403 221 223.86212435520093 29026.23459649074 1.0901917323387806 28963.883975622728
209 2041.3106790813922 61.09326964437485 168.09941049344812 221 229.192680137823 29004.905075893206 0.0 28943.811806248814
183 1813.2042055226057 61.80881723798013 167.13823114959538 223 228.94704838757548 29239.62118909265 0.605562898487733 29177.20680895617
49 422.19271370399156 67.65209243303161 182.50132933932943 237 250.15342177236107 30636.027055844825 0.5951661196450004 30567.779797292165
132 1295.2935108337401 65.75648494000404 177.20709045133796 231 242.96357539134203 29799.504070516585 0.1850459237512041 29733.562539652852
27 244.63519884164086 65.61014060052126 181.70839587756367 245 247.31853647808492 30854.883016916054 0.0933590408022269 30789.17951727473
62 544.9878105294106 64.98977454475649 175.5432666287309 239 240.5330411734874 30558.065750234597 0.0 30493.07597568984
200 2005.4224848395452 61.48186268385241 166.87603713380767 229 228.3578998176601 29126.850464497395 0.0 29065.36860181355
71 633.4052029758482 70.19957876037779 180.0902519531329 241 250.2898307135107 30504.107364638494 0.2773182931698557 30433.630467584957
141 1394.4841775626996 67.90831670013635 178.8003756986133 237 246.7086923987497 29763.091284159862 0.0 29695.18296745972
202 2017.1858147836963 62.54715067570534 178.25474454030604 233 240.8018952160114 29146.671383431563 0.0 29084.124232755872
151 1451.143721131244 63.99955119459996 174.55969778663464 239 238.55924898123462 29723.32483461895 0.05483957570504572 29659.270443848654
35 296.16477872797276 70.3179695111922 188.82947972995066 253 259.1474492411428 30882.872558181396 0.4917060559209858 30812.062882614286
116 1124.3527748507233 67.99069796159162 188.41873521362967 243 256.4094331752213 30058.090967713644 0.0 29990.100269752063
150 1451.076670905177 62.849336907596154 177.8695468111085 241 240.71888371870466 29734.447000326316 0.0 29671.59766341872
56 466.4484847831761 67.30189644197779 188.88843611951282 251 256.1903325614906 30720.395942446125 0.18085073777956495 30652.913195266367
115 1104.3736587230421 64.11494222169945 179.87082127658002 245 243.98576349827948 30085.62519896477 0.0 30021.51025674307
175 1687.2285049790435 63.90653738699475 177.10964284508964 241 241.0161802320844 29504.57521353239 0.15369874913653803 29440.51497739627
208 2040.4521918463452 62.813752213344216 175.54201576533907 239 238.35576797868328 29153.585949174376 0.0 29090.772196961036
