# Cpu scheduler: srtf
# Quantum: None
pid arrival_time cpu_bursts_time io_bursts_time nbursts bursts_time tat ready_wait_time io_wait_time
5 51.179204856162634 56.392826176249486 44.43170762843904 7 100.82453380468854 232.78562606093078 46.09785208590346 130.29494779877786
1 25.146531026727125 65.89684692368121 39.669406165823844 7 105.56625308950505 298.4026506780899 103.98392627885221 128.5218774755565
7 64.25011909614493 85.17563079788562 81.66281437268182 11 166.83844517056744 481.1161099131404 91.48891948871041 304.4515596265444
8 73.14349408102426 106.62921443984018 89.63278334531658 13 196.26199778515672 558.9425141813206 67.71936396695881 384.5939357745215
3 43.26696554446711 85.50313714528858 59.96433080988918 11 145.46746795517777 663.0947342560664 194.3319705641794 383.2596265465985
2 40.038296740185714 48.474182964034426 129.68479864266448 181 178.1589816066989 11436.786612082718 0.6629147280838836 11387.6495143906
16 182.46712234172205 43.66622741644613 126.96723172633985 165 170.63345914278597 11548.94786025762 0.6973815074769334 11504.584251333694
38 461.72757563639584 46.26655017585791 113.76843865855842 157 160.0349888344163 11341.744213821492 0.5218268952545486 11294.95583675038
32 414.1421196436465 42.5795236317796 122.14222329891965 165 164.72174693069923 11885.350405641717 0.1265061056230934 11842.644375904318
0 25.146531026727125 54.538340153324725 157.6203817256561 209 212.15872187898086 12378.322124440001 0.7135415204096205 12323.070242766269
35 445.2499988021657 43.07774687304866 123.69490388630705 167 166.7726507593557 12070.635722695877 0.3160928705560764 12027.241882952276
37 459.77344057740277 48.357454158111324 124.19826668746528 167 172.55572084557662 12072.631229670154 0.0 12024.273775512045
98 1068.668461829265 40.30286148826344 113.56908224922708 157 153.87194373749048 11661.287918093323 0.0 11620.985056605065
4 45.66511811637412 52.851520013732106 143.1141427908799 195 195.965662804612 12757.692830816555 0.414684954974895 12704.426625847844
14 149.4438978036564 53.15864296395773 134.47911033128304 183 187.63775329524077 12775.189893293113 0.7785741292673265 12721.252676199885
22 274.0545181603213 48.56876465601049 131.70248552088245 179 180.27125017689292 12660.383021050728 0.0 12611.814256394722
23 284.8915242428011 47.71020306002915 131.74143356919853 179 179.45163662922766 12661.93632567677 0.24660640210163365 12613.979516214647
68 780.7524013317842 46.20996192763418 124.94637950026346 167 171.15634142789764 12282.080720598113 0.0 12235.870758670475
33 414.77961736696403 45.40799508000386 131.77381995683615 177 177.18181503684 12722.738859190962 0.0 12677.330864110962
61 658.5732141439049 42.69043525263094 136.27586723654645 175 178.96630248917745 12754.281694344472 0.42729679439992196 12711.163962297442
88 949.0091353735386 53.160116991506115 127.19709221491824 171 180.35720920642433 12586.770766424539 0.2933838945930347 12533.317265538446
20 248.600720641809 51.49932700955677 144.6209149068185 189 196.12024191637525 13311.307678292338 0.0 13259.808351282776
10 99.78914102062559 54.87254471650137 142.19181376134122 197 197.0643584778426 13507.702280518619 0.5106432467654685 13452.31909255535
94 1020.3768360982411 51.73098618391365 132.14304414437 171 183.87403032828368 12591.067459385064 0.4122085473347852 12538.924264653815
15 174.46926527828464 55.07846379690317 145.19955979142068 193 200.27802358832383 13468.338908115282 0.0 13413.260444318377
46 550.6207056092978 45.28340219464964 131.87667106642797 181 177.16007326107763 13095.575818008283 0.0 13050.29241581363
34 425.46443096812436 52.99327112244858 133.80524321138284 185 186.7985143338314 13242.285394282557 0.5968649304576275 13188.695258229644
41 511.18341264076054 51.4306730917129 136.45896729445974 183 187.88964038617263 13183.75437037374 0.0 13132.323697282027
6 51.60582245076041 55.78973539761888 150.75417605437278 205 206.54391145199168 13665.99002602894 0.7842001922903634 13609.416090439026
42 535.2259858342447 46.74161854578855 139.41272239891475 183 186.1543409447033 13192.801006247504 0.0 13146.059387701716
19 236.2189905759256 53.205275560100176 145.18408736105204 193 198.3893629211522 13528.868534613015 0.0 13475.663259052912
17 193.63250561100963 55.79312120563566 147.43040742867683 197 203.22352863431246 13731.106720112659 0.0 13675.31359890702
62 675.5545912575482 48.905507470197215 134.08670392869954 183 182.99221139889673 13253.88673610799 0.0 13204.981228637791
52 598.4339609642867 42.79452380804538 138.2840838222389 185 181.07860763028427 13343.334037537026 0.0 13300.539513728982
39 502.38579862525404 50.583141620693155 137.95087823267934 189 188.53401985337246 13519.170439760195 0.5651721277642991 13468.02212601174
12 140.72678851314078 53.885638524964094 150.30617020845844 201 204.19180873342253 13888.984928306138 0.13196526587239532 13834.967324515295
25 315.2878369994369 53.1462923661841 143.79854957280094 195 196.94484193898504 13726.632573184288 0.31370598987496123 13673.17257482823
81 877.9304922084531 51.602170933727294 133.52603874451702 181 185.12820967824433 13175.680516797485 0.0 13124.07834586376
55 616.7392181976719 52.945468251090695 142.77731262733195 187 195.7227808784226 13442.814359536436 0.7743921038049848 13389.094499181545
80 860.3765334860503 48.383517528719786 133.286034968497 183 181.66955249721678 13283.29624382953 0.0 13234.912726300809
18 208.32370717499288 55.54022700647145 151.87374381482962 201 207.41397082130106 13951.130692069482 0.0 13895.590465063015
104 1130.965345134173 48.840441408808864 132.02167080744726 179 180.86211221625615 13029.909810626696 0.0 12981.069369217885
85 909.0145873992738 51.90530036802614 133.87910557601458 183 185.7844059440407 13272.022462073004 0.0 13220.117161704971
29 392.3169533439494 55.22861963748872 147.27909702077727 195 202.50771665826596 13791.385359896065 0.31455315766686454 13735.842187100905
26 347.3459270403084 52.82311334293571 142.11594728437817 197 194.93906062731384 13852.339221141472 0.270791678219382 13799.245316120312
21 259.30188951283543 55.04293784653279 148.0422127708827 201 203.08515061741548 13986.253942196414 0.0 13931.211004349881
9 83.52872945376637 56.29873275975072 162.44540823911495 211 218.7441409988657 14203.989886397967 0.16327259547091444 14147.527881042743
84 907.17753233032 48.320444388723466 139.9972647724228 187 188.3177091611463 13456.741902181042 0.2639928719853515 13408.157464920332
24 302.66068522585124 56.34449311722758 152.28772092698685 203 208.63221404421444 14083.308558173838 0.0 14026.964065056609
47 555.6548564163106 56.17755749881618 146.49813192599962 195 202.67568942481583 13833.047759577557 0.0 13776.870202078748
30 400.6908885465275 53.87380061488156 150.99221530078094 201 204.8660159156625 14057.803283448107 0.2764796287115132 14003.653003204512
31 413.94875005686134 59.552867831526996 147.8310687329535 201 207.38393656448054 14057.515631537313 0.0 13997.962763705777
77 836.9886762737445 51.666823068270354 143.9834447657381 193 195.6502678340085 13721.745104328395 0.0 13670.078281260125
40 508.430111628664 53.433773148732676 151.76451972373332 201 205.19829287246597 14071.599866273047 0.0 14018.166093124315
83 905.066670388988 54.45560315781994 145.15954877355188 193 199.6151519313718 13704.493915406034 0.0 13650.038312248207
44 545.9701356713797 59.474534872256875 149.64049736869254 201 209.11503224094943 14074.137287918646 0.4582681409141287 14014.204484905471
86 924.5331216542563 55.83900854090871 143.2117237091487 193 199.05073225005742 13699.067074925662 0.0 13643.228066384758
76 823.9852779335808 53.95747790062337 143.39285464354148 195 197.35033254416487 13803.949237920315 0.0 13749.991760019693
59 645.7164546610326 58.0291549021756 148.0906999858917 199 206.11985488806732 13985.983658645979 0.16577970956529953 13927.788724034242
63 688.4853567615446 52.420955878991656 149.22095760810132 199 201.64191348709295 13976.167001417065 0.22201934778820487 13923.52402619028
45 549.9128904107373 52.96423927548474 148.7574392298013 203 201.72167850528606 14147.743410276064 0.0 14094.779171000571
27 353.0577269974003 55.38169114066694 155.96912929235174 209 211.35082043301867 14347.14851235082 0.0 14291.766821210156
79 849.537190591748 56.49151775022899 148.88397154366504 197 205.37548929389402 13871.27434306255 0.3905666183800349 13814.392258693942
67 776.4453281396542 50.837401534139346 152.4808793909141 199 203.31828092505347 13958.075587328789 0.1940838396037634 13907.044101955047
74 808.0468934072528 53.02252747607767 152.86415275135036 199 205.88668022742806 13949.88020018639 0.0 13896.857672710317
28 361.4964985701841 56.196375194398385 155.20336457858483 211 211.3997397729832 14411.229694225323 0.7202382250994788 14354.313080805832
11 136.08717842615775 63.59257690474434 168.34815251757257 219 231.9407294223169 14645.074146297862 0.30648079226318714 14581.175088600852
70 799.1166471032686 57.80499957727324 148.92584147262392 201 206.73084104989712 14005.242559181732 0.0 13947.437559604461
89 951.0744903222959 53.43132486299015 146.42928524553437 199 199.8606101085245 13875.791153495911 0.0 13822.359828632923
99 1080.3344085686588 57.68798510494367 151.2936088849179 197 208.9815939898616 13751.186793214169 0.4046391643739753 13693.094168944845
66 771.3723328622816 55.52640205920633 152.76702482466808 203 208.29342688387442 14071.156225345714 0.0 14015.629823286512
93 1013.3016690093965 50.517013658673015 146.70892218265635 199 197.22593584132937 13843.504205145306 0.0 13792.987191486634
82 894.2145542527691 56.74572459720512 149.8219462133769 201 206.567670810582 13963.912887191962 0.9004758946431366 13906.266686700115
73 802.3883076834175 60.66894749816173 152.5568323007956 203 213.22577979895735 14060.573127826867 0.0 13999.904180328705
43 543.0473854305785 60.72937530352592 156.39438137416076 209 217.12375667768666 14323.259375214713 0.0 14262.529999911183
13 141.0943719193759 62.147264273384195 170.14672948875616 223 232.29399376214042 14748.88309220038 0.0 14686.735827926994
72 802.2299664802757 52.73110466066251 156.23834172724992 205 208.96944638791246 14108.791186026861 0.8152406540251604 14055.24484071218
65 723.5161005877344 53.040301776353886 160.52356247401335 207 213.5638642503672 14191.658337745528 0.33701299344704694 14138.281022975723
49 573.6544900965308 63.543282347877685 160.41451422302345 211 223.95779657090114 14357.053916527708 0.3951212558414454 14293.115512923987
64 707.887455548326 58.182221207445835 158.7656076743395 209 216.9478288817853 14243.642497061343 0.3234745345084775 14185.136801319384
57 632.4082739642718 56.24570122747216 159.99194748035487 211 216.23764870782705 14325.5782239884 0.21794927871360414 14269.114573482208
48 566.6176512354627 59.95311758230657 157.40885861458645 213 217.36197619689304 14402.572067347197 0.7032329476919585 14341.915716817195
54 612.1174674547283 55.55383407460784 160.9859702494113 213 216.53980432401914 14375.473912645473 0.0 14319.920078570865
69 791.3582268638245 55.146354360805454 155.9985999426655 211 211.14495430347094 14231.58632827623 0.0 14176.439973915423
36 453.9981187646498 61.60043781392849 161.08039923396575 219 222.68083704789422 14569.877212871013 0.15952226516026258 14508.117252791924
91 981.5860354265183 57.5276182517317 155.3029062646405 209 212.8305245163722 14065.759672154552 0.6566810296073982 14007.575372873212
53 605.4267588905354 61.03556338080912 164.47880158189864 219 225.51436496270776 14475.12989035112 0.14831575585390055 14413.946011214448
50 574.6511853614971 60.2331384929611 160.66023307243492 221 220.89337156539602 14522.90530460982 0.26889839443163055 14462.403267722426
75 808.8177859691592 59.750065390419934 159.1994692789921 217 218.949534669412 14304.457453808252 0.0 14244.707388417832
100 1090.8385842706894 55.39990722958349 158.7925014902019 213 214.1924087197854 14037.17430567772 0.0 13981.774398448142
58 636.4405974514943 57.87584715621304 163.19910453367416 223 221.07495168988717 14503.487034907292 0.0 14445.611187751076
97 1064.1844996072277 55.59033215046509 161.4577980123607 215 217.04813016282577 14080.108925880322 0.0 14024.518593729863
51 595.8866010888134 63.190007028371454 164.79602671943326 225 227.9860337478047 14560.258602982698 0.0 14497.068595954335
102 1096.4770763531758 60.811507464613115 163.9004979817288 217 224.7120054463419 14076.152265490306 0.5597812315545525 14014.780976794136
56 628.6061289357079 66.33818134608337 176.7466217953266 229 243.08480314140996 14564.918760698958 0.0 14498.58057935287
92 984.018969579528 61.596752992897024 173.8394057519533 223 235.43615874485027 14225.566875548695 0.07772831571708139 14163.892394240082
96 1062.7874454774012 60.51062546284791 164.38410932631518 223 224.89473478916307 14151.277719496407 0.48874498081295314 14090.278349052738
90 963.5773634634194 59.43895157108063 168.53159243051334 225 227.97054400159396 14256.729719523359 0.0 14197.290767952276
95 1052.214453232215 62.66270894667176 171.08485919486694 227 233.7475681415387 14182.489338299432 0.09199566709639839 14119.734633685659
71 800.5938198071822 60.82718312565485 176.7679088541744 235 237.5950919798293 14451.761363780248 0.39585083314113945 14390.538329821457
60 652.0660478457097 63.095585209868446 184.85475237566268 239 247.95033758553112 14601.769476714993 0.0 14538.673891505126
103 1112.1384771965736 65.23019738121427 172.92586927585782 231 238.15606665707207 14148.2479835379 0.0 14083.01778615669
87 946.1621735986608 65.14203381825929 173.49862818085987 235 238.6406619991191 14316.401074491314 0.0 14251.259040673058
101 1096.2444575370566 65.33539687769722 174.30675727022822 237 239.6421541479254 14174.414717574213 0.22716821334370252 14108.852152483172
78 841.5649261023115 63.04625007660044 186.8426018992172 247 249.8888519758176 14434.807274787852 0.0 14371.761024711259
