# Cpu scheduler: srtf
# Quantum: None
pid arrival_time cpu_bursts_time io_bursts_time nbursts bursts_time tat ready_wait_time io_wait_time
6 12.069476619296763 54.194168338223406 54.42883188289787 7 108.62300022112127 293.06208744673484 46.40044025155291 192.46747885695854
1 1.675759040332685 61.05724277648192 43.60395313038901 7 104.66119590687092 458.3414895554928 210.0457348608732 187.23851191813765
11 22.325989920917817 54.52637911629414 44.17116395034954 7 98.69754306664368 538.628608010598 146.38138253448102 337.72084635982276
5 10.71911352355589 50.27870825106131 24.52560350184821 5 74.80431175290951 680.2149146609185 421.13472740664366 208.80147900321344
13 38.31882915875471 48.121986328214234 33.62508229054488 5 81.7470686187591 673.6085248420156 320.29295569108575 305.19358282271565
4 6.235620233876699 44.5277826523034 29.904456865742702 5 74.4322395180461 837.7310762937071 424.9225921018369 368.2807015395669
10 17.225521146226278 84.19090372883663 84.76133857557687 11 168.95224230441355 870.4261114851656 174.99115163788957 611.2440561184394
15 55.660931406975095 81.35006123280658 76.28637772647642 11 157.636438959283 864.8767121643614 125.84107176190292 657.6855791696519
2 5.223106727754795 63.66357866270788 59.0910406139873 9 122.75461927669518 949.6157448021085 262.343141566011 623.6090245733897
9 16.562965820436855 108.41899911378508 96.10346311930829 13 204.52246223309336 1226.99352640302 204.0203904985524 914.5541367906825
0 1.675759040332685 43.85056285033606 130.8161896667471 175 174.66675251708318 21472.897893868652 0.5460583646428585 21428.501272653673
87 800.6676101880992 41.04185433943822 105.67150189307424 149 146.71335623251247 21678.438085570022 0.2591916454052807 21637.13703958519
22 85.35249828428762 45.118498245496795 125.27279785391723 167 170.39129609941403 23158.686982019786 0.3538398748387124 23113.214643899457
25 108.52176790168123 47.7792209090543 124.62512206365768 169 172.404342972712 23536.293796224167 0.14782548605671764 23488.366749829063
20 69.87360801853544 47.07959396231819 131.59162403904423 171 178.6712180013624 23596.27500206564 0.11046500923974634 23549.084943094083
129 1210.060615462851 43.380134722448325 117.61546210606053 153 160.99559682850887 22534.422173152037 0.35865941308429683 22490.683379016507
30 174.55636231425518 44.719770694651075 128.76144400590545 169 173.4812147005565 23782.373989126194 0.36506109250228747 23737.289157339033
163 1440.6082477074374 40.30868303172063 112.22088145724716 155 152.5295644889678 22952.572738909825 0.0 22912.264055878102
185 1684.223681401186 43.25675321205395 116.5343161629992 153 159.79106937505315 22734.322802886967 0.0 22691.06604967492
157 1385.6787829776833 46.37072562656162 118.38021740076226 159 164.7509430273239 23507.21246268823 0.008934652179959812 23460.83280240948
7 12.205872569745907 48.44014700356961 139.44254955323345 189 187.88269655680307 24958.116710216713 0.33378398998988246 24909.342779223152
16 57.33326060096611 48.622380067164755 134.1220946955787 181 182.74447476274347 24954.203935828507 0.06724570519872941 24905.514310056136
12 23.369474378095582 53.088713568595935 138.03557223796852 189 191.12428580656444 25537.48832815009 0.278042943064186 25484.12157163843
17 66.67659694905967 54.51286913772598 136.8125048364205 185 191.32537397414646 25504.659669658744 0.0 25450.14680052101
56 465.7963720084813 50.30138812873557 132.84605596776612 175 183.14744409650172 25218.349529479747 0.16418011500013563 25167.883961236013
34 230.44129821503412 52.35852250412201 135.92714022939145 181 188.28566273351342 25653.44417101225 0.8605530166878737 25600.225095491434
69 667.4003014790935 50.99370878274208 133.3693208001431 177 184.3630295828852 25620.778194765116 0.0 25569.78448598237
31 182.17799858625636 55.660724241088616 136.63625696142057 185 192.2969812025092 26128.560045762784 1.7215579652691417 26071.177763556432
160 1406.318253713326 46.19337183895099 133.1513448831782 169 179.3447167221292 24926.024940390536 0.0 24879.831568551584
18 69.2554652808388 55.38835687314759 143.93347497545264 191 199.32183184860025 26431.658265247574 0.44342990944274163 26375.82647846499
119 1050.5392009509267 50.419843767775816 127.59773369632634 175 178.01757746410215 25562.301108151165 0.0 25511.881264383388
62 535.2146187692587 49.90135857304921 135.28244799451363 181 185.18380656756284 26087.82122772357 0.0 26037.919869150526
75 711.1264649720414 47.25935310172697 131.77669306315752 179 179.03604616488448 25913.051172679283 0.0 25865.791819577553
174 1617.7848047974985 47.75009073361667 127.31420421281427 171 175.06429494643095 25243.447639347927 0.0 25195.697548614313
161 1409.636252177588 50.249286149489365 125.35506454360288 173 175.60435069309224 25467.989626562292 0.13420464240743968 25417.60613577038
150 1334.1074971624514 46.86316394218637 129.86921741286938 175 176.73238135505574 25708.39597458199 0.6354751607398157 25660.897335479065
48 360.2920755233422 52.28292209583296 139.81057705798025 187 192.0934991538132 26726.486523641295 0.14753668857179036 26674.0560648569
70 669.528079142545 51.578826942172675 139.00741540605947 183 190.58624234823216 26429.753291375746 0.0 26378.174464433578
14 41.0492049483412 54.38959166309579 145.4162174368658 197 199.8058090999616 27131.380969208258 0.0 27076.99137754516
55 451.6107927938515 50.79504945284839 139.34702979814492 187 190.14207925099333 26833.393168332674 0.21122386842648666 26782.3868950114
65 630.9208848889057 51.2657034781574 138.54604315889378 185 189.81174663705121 26694.479631520946 0.0 26643.213928042795
41 298.33060332153366 53.02451553929147 143.20731139501476 191 196.23182693430627 27135.751755535945 0.3236438782134883 27082.40359611844
24 95.3524676992807 53.95545773749132 142.17948929284987 197 196.13494703034124 27362.0498704404 0.0 27308.09441270291
143 1304.6863012996985 51.80928034986636 134.41667375546476 179 186.22595410533114 26191.636544612207 0.0 26139.827264262356
201 1783.6423183708062 48.74298072228861 137.30401658680094 175 186.04699730908956 25774.147599606535 0.797082332678201 25724.60753655158
19 69.38263737594447 53.29446877618303 149.01238857729462 199 202.30685735347768 27491.19488070672 0.6295375611859839 27437.270874369347
105 952.7868101292551 51.28940319817022 132.99800940245404 185 184.28741260062424 26785.09136221042 0.12586104464025993 26733.6760979676
154 1380.4703979198857 49.60442165450332 134.58742418059677 181 184.19184583510008 26480.873518413908 0.0 26431.269096759414
128 1206.2614360528314 55.0353128254304 140.3680871123369 183 195.4033999377673 26668.902298439905 0.0 26613.866985614477
40 282.8092358455795 51.78498545843422 147.23856071396665 195 199.0235461724009 27611.341649078848 0.0 27559.556663620413
32 195.59806808935346 50.36807362885062 149.24790608855204 197 199.6159797174027 27736.740704960714 0.0 27686.372631331866
3 5.6683752707578225 58.91633415863731 163.7658706269943 215 222.6822047856316 27929.766281721375 1.3642951882966958 27869.48565237444
33 214.0179671844299 55.409070660611285 147.85392909181695 197 203.26299975242824 27728.56767145374 0.584774787389506 27672.573826005737
137 1279.0860157819197 52.09917576262074 134.64803332888508 183 186.74720909150585 26685.63289998215 0.0 26633.533724219527
37 259.37803370091996 62.28350764426173 147.74242726173205 197 210.02593490599378 27829.573354566943 0.0 27767.28984692267
61 520.0995186540332 51.54485231862657 143.47596276341588 193 195.02081508204242 27606.421047753658 0.7957297113896402 27554.080465723648
83 762.2888974808533 54.871986688385675 144.80907987284203 191 199.68106656122774 27458.49267546746 0.5177948307845099 27403.10289394828
43 321.8754328241528 55.43788205631259 149.75474458144146 197 205.19262663775407 27911.43609034756 1.6688791123365831 27854.32932917892
146 1315.4216597819159 49.323870059170766 137.02510956384043 185 186.3489796230112 26935.354043089937 0.4385242821897464 26885.591648748574
166 1526.4730266427657 50.60511381965123 135.08755854775364 183 185.69267236740484 26738.41951893738 0.0 26687.814405117722
45 343.5489217715127 57.377433570221484 149.30720267748055 197 206.68463624770203 27943.931790638362 0.34289956264262855 27886.2114575055
208 1823.3087415542273 49.22064504028873 131.37408758554503 181 180.59473262583379 26500.977308976446 0.0 26451.75666393615
94 868.9643060335951 52.10266413725398 139.49746922388866 191 191.60013336114264 27481.176568905605 0.30642722965762914 27428.767477538688
80 742.2593576818739 55.5669376687768 142.41507580243047 193 197.98201347120724 27662.046452227798 0.008320064818008177 27606.471194494196
106 955.7595061973913 52.26364801769722 147.7971968695294 191 200.0608448872266 27494.790886460243 0.4134185164907649 27442.11381992606
149 1327.0442335507178 52.137529535482734 135.6302206771441 187 187.76775021262682 27170.814787872856 0.16756247317039197 27118.50969586421
66 633.7749770738287 55.55999869416795 146.74995103660052 195 202.3099497307685 27894.15014973982 0.0 27838.590151045635
67 645.387099485017 53.66172299569964 145.28059413670547 195 198.9423171324051 27884.395243133804 0.0 27830.733520138103
68 648.7713749495856 52.91737319405828 148.21842987783572 195 201.13580307189403 27883.849358323714 0.0 27830.931985129657
116 1036.0705110106383 53.87865985225264 139.14817041651986 191 193.02683026877253 27531.90751765803 0.8941505659956874 27477.13470723978
96 871.4325854815077 53.64122292562082 148.18048567851383 193 201.82170860413464 27701.637271218595 0.40545072003385485 27647.590597572926
209 1872.2371583837848 47.94524854439174 137.63677617239586 183 185.58202471678763 26706.101803771486 0.0 26658.15655522709
79 735.346917595107 54.15656974737855 146.09547058887463 195 200.25204033625317 27881.626901408108 0.5077450443154703 27826.962586616402
44 332.19470006238316 56.25036749325337 147.6865434598357 201 203.93691095308907 28374.05586247718 0.19456023906582232 28317.610934744862
199 1770.7638740523373 47.70210462219112 136.2677101905524 185 183.96981481274355 26942.568909367612 0.0 26894.86680474542
39 268.1150212266064 54.43241197794616 150.98358112574778 203 205.41599310369395 28516.307459395943 1.8541176795349656 28460.020929738457
49 389.5662068089195 56.67325587652545 148.11482697966213 201 204.78808285618754 28399.0322468374 0.21074862697309982 28342.148242333897
101 931.8113197070049 55.280637649605744 141.5677803033996 195 196.84841795300534 27909.929272376103 0.0 27854.6486347265
138 1288.0003115895968 53.176408780341205 144.37111348932243 191 197.54752226966363 27571.135812933113 0.2684383995024291 27517.690965753252
42 321.0466667166387 55.204391623504414 148.8050053202265 203 204.00939694373093 28539.821704211405 0.033164944210795966 28484.584147643694
190 1722.6195697833205 54.46051271012581 145.23784645822198 187 199.6983591683478 27147.76485073237 0.0 27093.304338022248
51 431.8034755816438 58.857953802521 148.05139412640264 201 206.90934792892364 28453.53066684791 0.17676124290869666 28394.49595180249
85 775.338338229331 49.80396355320172 150.33217286260717 197 200.1361364158089 28115.75467987485 0.23406649968819693 28065.716649821956
86 781.0117585985239 53.88100402298854 150.32720003345523 197 204.20820405644378 28111.81733841103 0.0 28057.936334388058
113 1000.802066229988 50.223581148073364 139.0166732331826 195 189.24025438125597 27929.94162295085 0.0 27879.71804180278
76 722.8420438608492 54.54057494560309 148.89947535042194 199 203.440050296025 28289.016112464735 0.0 28234.475537519153
54 447.820329487052 56.15857369511009 159.40830134596655 203 215.56687504107663 28648.7417839695 0.0 28592.583210274403
90 823.0125056392028 56.625887056260524 146.08515462151897 199 202.7110416777795 28307.25036593797 0.2791635891205715 28250.34531529259
92 846.9023911845551 56.692918501204986 149.8280414994441 199 206.52096000064913 28305.799165087286 0.0 28249.106246586074
170 1595.1450193380322 51.93533543255464 132.51798627249065 191 184.4533217050453 27560.547252761746 0.0 27508.61191732919
159 1396.206996651119 53.64451526920602 139.34834558459966 193 192.99286085380567 27776.857606775993 0.0 27723.213091506805
179 1653.6921253349403 53.28976849494245 144.3044815524447 191 197.59425004738716 27548.926390254863 0.12139123402539553 27495.5152305259
184 1683.886802983269 53.748748910561005 140.17759536385174 191 193.92634427441277 27542.40244207408 0.5368351012780295 27488.116858062232
187 1695.5153853080647 49.32719168107104 143.8990179639622 191 193.22620964503324 27538.217467818024 0.0 27488.890276136954
173 1606.9819381374741 53.22000434787597 143.7956499288889 193 197.01565427676485 27742.753656862114 0.0 27689.533652514234
118 1047.9579496996994 56.279007056048336 150.39461688063372 199 206.6736239366821 28309.02353048261 0.32279173011761486 28252.42173169644
72 692.053346541426 55.61509664236813 152.2537822586391 203 207.86887890100718 28670.011624755865 0.15264894245160576 28614.243879171052
74 701.9173161644928 55.54666568452133 153.8976520287961 203 209.44431771331745 28664.873862117904 0.0 28609.327196433373
27 121.23434589410857 55.71517514223805 157.88489544375753 213 213.60007058599558 29264.065075323346 1.0014461297077162 29207.348454051393
189 1700.2352659562366 47.06001817243257 141.29339797083702 193 188.3534161432696 27713.746027994326 0.44438233937398763 27666.24162748252
50 426.2183200567025 61.614966836670725 153.48216053782474 207 215.09712737449547 28989.23019932361 0.0 28927.615232486944
145 1312.4542165333864 55.54865186402553 144.13821825556596 197 199.6868701195915 28132.42694015706 0.0 28076.878288293035
26 117.95696060791985 60.918836465441416 163.02178581764565 215 223.94062228308707 29351.265876586112 0.0 29290.347040120672
200 1777.731240529246 57.51184791111535 146.4186764075166 193 203.93052431863194 27695.110598962758 0.0 27637.598751051642
168 1550.0226642493822 52.57504335880918 151.30552410118813 195 203.8805674599973 27925.745315046865 0.0 27873.17027168805
47 349.2813265543149 59.87213262951612 151.4669316762397 209 211.33906430575584 29138.066755716238 0.0 29078.19462308673
73 697.9454127013794 51.16914625885978 152.47574444617976 205 203.64489070503956 28835.17255502549 0.0 28784.003408766635
98 887.9202576732516 50.07013829814493 154.41828097731454 203 204.48841927545948 28653.499945907704 0.0 28603.429807609555
77 725.6489115848825 54.05103323225601 155.83904498222634 205 209.89007821448234 28820.707818181127 0.0 28766.656784948875
78 727.3361625883381 53.34906905526527 153.90375905237227 205 207.25282810763753 28819.987753214806 0.0 28766.638684159534
81 761.4719157704249 58.78383557185738 155.52602279262757 205 214.30985836448497 28833.65495164355 1.430811319342979 28773.440304752334
194 1746.802624436582 53.883016247050115 142.66294241853237 195 196.54595866558248 27862.854529407705 0.0 27808.971513160664
64 608.115398064497 56.33762058048157 152.46467132385052 207 208.8022919043321 29006.599723554085 0.2683968667820409 28949.99370610682
147 1320.0923449592194 56.67509240551265 149.5693937173091 199 206.24448612282177 28297.65497039206 0.0 28240.979877986538
89 822.5798588311158 55.358298027429676 154.30279261803153 205 209.66109064546123 28820.591116052714 0.520307693369432 28764.71251033192
131 1227.0162210908818 51.21999584965968 148.46940442169856 201 199.68940027135824 28466.507990166716 0.0 28415.287994317056
8 16.16444546353754 66.9129387201588 165.90601827077998 227 232.81895699093877 29711.885149134436 0.6072908033647977 29644.36491961092
122 1103.0393780440656 54.12329302856183 155.8092347441622 203 209.93252777272403 28633.598228460785 0.14270870653376733 28579.332226725688
193 1731.7469690527012 56.809369135399834 148.54295079221038 197 205.3523199276102 28022.63610466443 0.1222497332137209 27965.704485795824
151 1356.2222052306925 53.32514988707205 148.697385845731 201 202.02253573280305 28436.64904404844 0.10786891709767588 28383.216025244274
57 474.962080462 59.79620952116994 150.71088525648057 211 210.50709477765054 29320.549631702957 0.0 29260.753422181795
152 1365.93302327385 54.29233507936998 151.87888700133846 201 206.1712220807085 28433.48728333579 0.0 28379.194948256423
38 260.18094724410554 60.12269650228049 161.342582103028 215 221.46527860530844 29546.39566581336 0.0 29486.272969311074
172 1598.4451152222034 59.82251251192407 149.14927154306136 199 208.97178405498545 28220.520336545633 0.0 28160.69782403371
71 682.3096262563523 56.7716025315571 150.2576277563213 209 207.0292302878784 29143.251955781387 0.6089669889931884 29085.871386260827
133 1238.8946018086401 55.750024729076294 147.33672692995324 203 203.08675165902957 28605.004276739382 0.0 28549.2542520103
21 71.49743853483425 59.64481069601762 166.15582626929486 221 225.8006369653125 29778.693111895427 0.01999990285797537 29719.028301296563
63 593.8633612676375 57.25760202676226 157.31565638963937 211 214.57325841640164 29301.654829187602 0.564815731436056 29243.832411429416
53 444.89911132535485 55.94615030002582 158.6143120094982 213 214.56046230952404 29456.741684338765 0.3037074971461493 29400.491826541594
115 1019.7899088971387 49.49645291728699 156.04018177463482 207 205.53663469192185 28917.398033800047 0.13609278790772805 28867.76548809486
58 502.1501392973174 59.2636619650882 156.43938069153438 213 215.70304265662259 29443.8552237003 0.0 29384.591561735208
155 1380.55594330999 55.90188875011718 148.82062465551738 203 204.72251340563454 28566.617746390213 0.34090423478528464 28510.37495340534
95 870.0420215722902 59.803245501839825 159.72871243385606 209 219.53195793569589 29088.658351487673 0.0 29028.85510598584
182 1672.9061053665891 60.56919090196536 145.94208623984338 201 206.5112771418087 28309.17888989847 0.0 28248.6096989965
183 1676.8876693347056 58.393863726019354 153.16417464439033 201 211.5580383704097 28306.959356585638 0.26451684570997713 28248.300976013907
23 87.27776783016883 61.61488642467528 167.47455558753956 223 229.08944201221482 29905.637018528054 0.4116532445151506 29843.610478858867
102 940.9330058964429 57.8680294788678 155.88377921510966 209 213.7518086939774 29054.402074338752 0.0 28996.53404485988
52 444.7528480842955 57.31505363296828 157.13743058243566 215 214.4524842154039 29580.152701716594 0.4282101635606068 29522.409437920065
148 1322.032898775517 56.18694873315574 154.21265186315352 205 210.39960059630923 28707.998325881705 0.0 28651.81137714855
36 241.14931461446096 61.53010375803048 163.41551149710352 219 224.945615255134 29793.432594335827 0.0 29731.902490577817
171 1595.342427498712 55.10574777206902 155.7511258426914 203 210.85687361476045 28470.895520583912 1.12047857333323 28414.66929423851
59 507.66657025156974 60.197568789735975 164.62371525627572 215 224.8212840460117 29560.351035504198 0.17982957948947842 29499.97363713497
162 1417.3539637653168 55.9268512614506 158.5672553484677 205 214.4941066099183 28667.039411434926 0.0 28611.112560173464
28 130.48444393442045 58.17039467169121 164.92177574459595 223 223.09217041628716 29966.011518312298 0.0 29907.841123640606
99 923.4755017384698 61.3139277906011 156.31560057073287 211 217.62952836133394 29177.592769069226 0.3270276178493532 29115.95181366077
188 1699.1456350923593 52.38782667567134 152.7228303401717 203 205.110657015843 28411.03740393069 0.0 28358.649577255026
140 1299.554486578578 57.23966408559633 157.74337345594867 207 214.98303754154497 28824.735318843246 0.0 28767.495654757644
191 1726.2695881306215 57.27837805581867 150.63722414970076 203 207.91560220551946 28398.856728741637 0.07898887373698926 28341.499361812064
169 1561.6650348163496 51.91630475763111 152.12016597329665 205 204.03647073092782 28595.761789803808 0.0 28543.845485046182
126 1193.226950560777 62.28409426692597 160.55313556350853 209 222.8372298304345 28982.2090806284 0.34862203199804753 28919.57636432947
176 1636.3913200253237 55.31920696766815 145.50712285139394 205 200.8263298190621 28549.982579995438 0.23586836207687156 28494.42750466569
121 1081.9882510469413 55.65315014684024 158.4599232524412 211 214.11307339928143 29118.044376372043 0.3034184502150765 29062.087807774988
164 1484.2837330087361 57.00349685358456 151.8301674158093 207 208.83366426939386 28726.398421110418 0.0 28669.39492425683
123 1107.0766026428353 55.032635947414725 162.40441143748234 211 217.437047384897 29108.14484448281 0.3266257095392575 29052.785582825847
195 1747.5258748097417 56.73949606710315 146.52477309432845 205 203.2642691614316 28482.209676231316 0.0 28425.47018016421
109 979.8243269432038 61.84803397185653 160.9785144401166 213 222.8265484119731 29263.19414849207 0.26059693190688904 29201.08551758831
203 1805.8213846338592 57.68842255859563 149.1975153817015 205 206.8859379402971 28447.63949820639 0.6647219150945602 28389.286353732678
132 1232.0251591369786 63.79483125983541 155.27091435878847 211 219.0657456186239 29046.14636632074 0.0 28982.351535060905
136 1266.1212026371536 58.757439201068635 160.9634195899718 211 219.72085879104043 29027.679948473222 0.20655433987371907 28968.715954932268
139 1293.7275492655392 57.41739821146049 158.62571583589948 211 216.04311404735995 29009.799776463744 0.0 28952.3823782523
165 1491.4361111046046 55.41249346866032 158.5771959063983 209 213.98968937505862 28813.034149336025 0.0 28757.621655867362
192 1730.4465200273532 56.666421250883865 152.19473457335468 207 208.86115582423852 28577.59258281462 0.2504723022732378 28520.67568926147
141 1304.4042302038658 59.57590531368845 156.8888913003776 211 216.46479661406607 29007.165972640134 2.3822331520907483 28945.20783417435
144 1310.5905723085625 56.33455997642281 156.6436015367455 211 212.97816151316832 29002.767257114014 0.0 28946.432697137603
197 1757.0448263818566 56.1711173575638 157.84322618299694 207 214.01434354056073 28562.87749062032 0.0 28506.706373262765
114 1018.3123821641257 61.359798125676 155.28188989397657 215 216.64168801965258 29317.74983874656 0.014070833043092534 29256.375969787852
156 1382.747579640109 63.24156293995344 158.21339056836257 211 221.454953508316 28965.861820167913 0.4406650486653234 28902.179592179302
60 518.9018177465282 60.290257889247066 161.81984656284635 221 222.11010445209342 29833.33550032279 1.4333317192343884 29771.611910714317
35 230.93885930990916 66.41485795085892 168.3279857476897 227 234.7428436985486 30146.52576576099 0.13082530739853837 30079.98008250274
84 768.5181753915418 59.45009130167084 161.08212268205023 219 220.53221398372108 29615.005119578487 0.22631937803953406 29555.328708898778
93 855.7582991710188 56.43685373792188 166.3125935257503 219 222.74944726367215 29555.027052457295 0.0 29498.59019871937
158 1394.419426143759 58.34478334601248 162.83076482124045 213 221.17554816725294 29019.153864763033 0.0 28960.80908141702
178 1649.7589316897913 59.559913115649195 161.7010147602017 211 221.26092787585088 28772.97215149118 0.0 28713.412238375524
186 1687.770493147755 57.44806668055639 158.42596483579848 211 215.87403151635488 28745.953807712627 0.0 28688.50574103207
103 944.4950520266866 63.08471233720022 161.5726548545256 219 224.65736719172585 29492.21822092637 0.0 29429.133508589177
125 1138.2476711279407 60.2688084777235 158.90774333427257 217 219.1765518119961 29311.134621183715 0.0 29250.865812705997
110 983.2370300670077 54.2573326147352 166.46510656479165 219 220.72243917952682 29469.69192854834 0.12878330057787934 29415.305812633014
206 1818.0177970948291 54.90595425574101 158.48442846254864 211 213.39038271828963 28645.800958072217 0.0 28590.895003816466
153 1372.2228015061492 55.792260562229586 157.5905820252005 215 213.3828425874301 29095.096771312266 0.10031277519010473 29039.204197974843
135 1264.1709015072179 63.21715335911905 161.7185218987274 217 224.93567525784636 29219.45910447153 0.3803776200275024 29155.86157349239
204 1814.2119336330206 58.49229691170732 157.64603017361898 213 216.1383270853263 28694.07674547114 0.0 28635.58444855943
91 845.7450701168367 60.022804663538224 161.53982746058128 223 221.5626321241195 29666.621923247916 0.041075301977571144 29606.558043282406
108 978.1792606955466 60.4929405730323 171.6375106524747 223 232.130451225507 29566.02297454437 0.04408765668881642 29505.485946314653
111 988.8830100258203 63.524955134450096 163.50321932467142 223 227.02817445912154 29556.83397695172 0.0 29493.309021817262
46 347.1991693109414 63.170447907419245 174.63933170829355 231 237.80977961571278 30200.097216158476 0.34150801044347645 30136.585260240616
97 884.3275624324028 62.80123918455777 170.68856126626014 225 233.4898004508179 29679.702084309796 0.0 29616.900845125238
104 948.8771326475189 62.1614166317603 170.62065436008146 225 232.78207099184178 29626.27753477405 0.13558782674545 29563.98053031552
82 761.8773156741837 62.48747916191042 168.5391197417065 227 231.0265989036169 29814.520349216924 0.4079942222592763 29751.624875832767
107 971.9252901623222 61.20413267487914 168.17146127589842 225 229.37559395077756 29610.402516720867 0.1604809842369832 29549.037903061744
112 993.5730200507021 61.561108414561744 164.52683908380317 225 226.08794749836494 29593.815354430608 0.0 29532.254246016062
207 1819.4744233883114 64.51059312818194 162.71967315651278 219 227.2302662846947 28802.40028552905 0.0 28737.889692400855
134 1242.9759985218614 64.79151201949726 172.05080939914978 225 236.8423214186471 29387.710101881374 0.0 29322.91858986187
100 930.7126564016648 65.12473737850955 169.8878599131764 229 235.01259729168595 29706.663145850933 0.0 29641.53840847243
29 148.37521979742368 63.58208744756014 180.08738361443088 241 243.66947106199103 30490.332963671848 0.1755439152730105 30426.575332309014
142 1304.5017276162578 57.96423496707972 169.64262088624884 225 227.60685585332854 29336.900131163282 0.45910512763657607 29278.476791068562
205 1816.263886058836 59.99257398151691 167.35186265126373 221 227.34443663278057 28835.129915996655 0.0 28775.137342015132
202 1800.1085430505645 57.48936865704786 166.88535537729672 223 224.37472403434458 28871.982137572893 0.0 28814.492768915825
180 1657.7705737938757 56.45964396953248 169.03031865909827 225 225.48996262863074 29022.764255430386 0.0 28966.304611460855
167 1530.1770343706194 60.86961297359533 171.58867629435485 229 232.4582892679502 29177.68597577943 0.11515901421785202 29116.701203791614
175 1630.8574188440075 59.63682157213177 171.29952860575594 229 230.93635017788773 29083.376608741528 0.0 29023.7397871694
120 1076.4146068932548 70.66624435537317 175.411863723371 235 246.07810807874415 29644.175909577945 0.0 29573.509665222573
198 1762.2821339755442 63.33220401491318 168.76990960928853 231 232.1021136242017 28976.55293280494 0.47466277223929865 28912.746066017786
181 1658.4248755138765 69.00725224123568 171.13000136045625 235 240.13725360169195 29101.498178137404 0.22833523377858 29032.26259066238
117 1045.8007437238223 66.07885818071627 194.74832785238857 247 260.8271860331049 29741.3322293682 0.0 29675.253371187482
196 1753.0223424663898 58.61886432710656 176.58896760464978 241 235.20783193175635 29040.230987477607 0.2756240149506084 28981.33649913554
88 822.3954583331071 64.58969575917192 192.11329726690113 251 256.70299302607305 29972.384329379798 0.0 29907.79463362064
127 1197.4438085684865 66.06207421580197 184.6323705297461 247 250.69444474554808 29598.866332393824 0.0 29532.80425817802
124 1117.6298492817555 61.27430304879042 185.3685029702215 249 246.6428060190119 29682.559303542395 0.0 29621.2850004936
130 1225.3541256542028 74.17363510343478 187.71934319892995 251 261.89297830236467 29579.87448075101 0.33378247856148846 29505.367063169004
177 1642.8666835395068 66.69635049679762 182.7113413704568 247 249.40769186725439 29163.888141021394 0.0 29097.19179052458
