# Cpu scheduler: srtf
# Quantum: None
pid arrival_time cpu_bursts_time io_bursts_time nbursts bursts_time tat ready_wait_time io_wait_time
12 45.611298490701095 74.4674531116566 57.93916274110397 9 132.40661585276055 466.85454637061355 36.75002112289786 355.6370721360591
1 0.8745502873001882 72.05036394459736 52.0494084820542 9 124.09977242665158 546.0088761328459 125.58816579049783 348.3703463977507
10 38.35573228478964 64.17440970551056 46.97886590748489 7 111.15327561299546 691.2514175939796 213.99377924326944 413.0832286451996
14 55.24954426472189 78.51443151866482 67.71670627052478 9 146.23113778918963 754.8744398047381 220.4081625048816 455.9518457811916
16 59.293416615690845 87.62148805941814 77.70517115701746 11 165.32665921643562 953.5809980953134 140.24975762207072 725.7097524138244
19 73.67467094543262 105.90405135552191 85.32131543493972 13 191.22536679046163 1067.1494906933642 77.96703159129896 883.2784077465432
8 31.91776408790029 109.41909414170055 90.2438497824698 13 199.6629439241704 1316.7528971669235 189.51313323538858 1017.820669789834
5 19.314689691270736 110.02679142730065 80.16237777501564 13 190.18916920231626 1528.1459745177192 372.88613924082864 1045.23304384959
3 8.32914397547549 106.8759179526044 93.71547940402255 13 200.59139735662694 1681.3461832334124 450.37916365822366 1124.0911016225841
6 22.170173428601174 79.90962223908372 74.58546160214776 11 154.49508384123146 2028.9297886806821 690.0145680050862 1259.0055984365122
4 17.71128384684232 42.7798672183759 115.23114125960024 155 158.01100847797613 20400.656748647667 0.16457995678871384 20357.7123014725
7 23.357475310189837 48.33763942529371 117.44275582920834 155 165.78039525450203 21000.329258334248 0.8965813764089354 20951.09503753254
37 280.8652993380753 46.30421581235663 118.06747290833073 155 164.37168872068733 22353.098750027882 0.37726132856391814 22306.41727288696
72 591.731680935337 45.79182933218261 112.73555297898147 151 158.52738231116408 22163.70795293043 0.5530959889499627 22117.3630276093
36 254.63744552443288 45.68698898921561 122.85363073616236 163 168.54061972537795 23494.983112432477 0.4660507776400209 23448.830072665613
162 1395.5066887001976 42.273016647888696 109.16295265776961 151 151.43596930565832 22458.744502302514 0.27920845764606383 22416.192277196962
13 46.44088477412081 48.65141181717321 128.39204996407582 173 177.04346178124905 24047.191556594385 0.9941549752529681 23997.54598980196
0 0.8745502873001882 52.71653528762853 143.34379052039267 191 196.06032580802122 24228.8656746991 2.0521137349556184 24174.097025676514
87 707.4473192292816 42.31078647302878 116.00372610276591 161 158.3145125757947 23718.16775514964 0.0 23675.856968676613
148 1209.8167702543778 46.97037610058276 120.13279989400749 159 167.10317599459026 23596.45687907601 0.14806245701311127 23549.338440518422
34 242.61291604965515 47.05571261893068 128.62294390378565 171 175.6786565227163 24615.886940504577 0.10193480237683161 24568.729293083274
41 364.0458520640027 49.30622435037767 126.07611449221493 169 175.3823388425926 24519.543991385533 0.2715828889556633 24469.966184146197
146 1185.9475039844842 47.1837400495582 120.89355980805527 161 168.07729985761347 23880.091327074322 0.4932390507483433 23832.41434797402
186 1700.485348836683 43.26432820662594 120.06689538444186 159 163.33122359106778 23624.62571947854 0.3475788848766115 23581.013812387046
9 32.667465173535554 52.524884629029394 136.74642977547975 185 189.2713144045092 25460.430139639677 0.26368558649619445 25407.641569424144
63 528.9018413292323 46.7930557687319 126.78190962871648 171 173.57496539744838 25000.76959751869 0.15975120192206305 24953.816790548033
101 851.5551564783602 43.047603076455786 125.711671985006 169 168.75927506146184 24898.718630555948 0.0 24855.671027479486
85 702.6412749779502 48.995615570992214 124.21859840469443 171 173.21421397568668 25117.367680040647 0.0 25068.37206446966
93 757.3461147364305 46.4720729453104 126.74613608504619 171 173.21820903035663 25162.126814287876 0.0 25115.654741342576
151 1231.990854071177 47.17727090572408 124.00748536364026 167 171.18475626936436 24717.8962872617 0.3877892411585435 24670.331227114824
106 887.4969177590904 45.54137463263045 123.9123025973746 171 169.45367723000504 25186.337225759777 0.11433605616662135 25140.681515070974
29 208.24904073792356 42.941605528336225 141.33777401783175 181 184.279379546168 25974.731602965105 0.0 25931.78999743676
96 821.1390998605808 49.74869044300921 131.0530768978666 173 180.8017673408758 25431.112868399003 0.21511997705545127 25381.14905797894
26 164.7527404335335 52.59287203939436 134.25827166544434 183 186.85114370483865 26131.162824111027 0.0 26078.569952071626
60 506.365722141227 48.79161161569248 135.8593042205284 177 184.65091583622086 25798.8695838735 0.3569789829475667 25749.720993274863
90 721.6388432179816 45.87784581535545 129.7114846192467 175 175.58933043460212 25690.87872273219 0.0 25645.00087691683
56 474.1940059671099 50.095345843515545 130.72161989388675 179 180.8169657374023 26033.51165700948 0.9347605790512148 25982.481550586905
84 702.2666749594831 51.798936044979584 130.3913039927506 177 182.19024003773018 25919.509508215095 0.0 25867.71057217012
142 1166.0779405841072 48.2584118425691 129.76207450938014 173 178.02048635194922 25506.27076384954 0.4239889037942248 25457.588363103183
123 1041.096643948863 47.304255141160056 132.18417782493896 175 179.48843296609903 25757.720279074758 0.5252953602603156 25709.890728573326
174 1592.6189772064317 51.50945972918052 124.24784255359546 171 175.75730228277598 25247.96009148884 0.0 25196.450631759657
82 684.8254025097805 47.35962821259081 134.9115149412294 179 182.27114315382022 26169.522975355972 0.3116465682560374 26121.85170057513
136 1135.791285571139 47.14700407478652 133.62677233256625 175 180.77377640735278 25762.60071571147 0.0 25715.453711636685
169 1492.3462907267394 50.67791176720101 130.6918829847161 173 181.36979475191708 25513.574721035147 0.0 25462.896809267942
77 624.7766287271565 49.021598157329656 134.48159944183033 181 183.50319759916 26390.798963715533 0.0 26341.777365558195
158 1294.9606999728521 48.03140204686605 134.03730582488066 175 182.0687078717467 25781.215066968172 0.0 25733.183664921304
18 70.25453760327929 49.02341685559101 144.28261051953365 193 193.30602737512464 27058.842442139045 0.7825874115812894 27009.036437871877
139 1148.4592097452642 47.896317428904844 134.07718177885937 177 181.97349920776423 26018.5367519204 0.09436104862038519 25970.54607344287
51 432.7380660562476 51.05075805591067 138.66367614251004 185 189.71443419842075 26769.23138381318 0.15898169466186118 26718.021644062606
21 90.21745174398794 53.4797164378097 142.2962632189687 193 195.77597965677842 27179.659584452533 0.16169302405859298 27126.018174990673
22 102.22863671363405 49.55393257967773 143.72630490894852 193 193.28023748862626 27208.48084352293 0.0 27158.92691094325
135 1130.9213510160382 48.757623584877926 131.38018538766664 179 180.13780897254458 26247.826884557908 0.6634177324685879 26198.40584324057
141 1157.9639689015974 47.79666345238777 128.84880654270296 179 176.6454699950907 26251.55879509756 0.0 26203.76213164518
164 1414.5110605836728 48.92239012981381 131.8355351887072 177 180.75792531852102 26007.421013255287 0.0 25958.49862312546
71 589.1081255439329 48.40914437393647 138.61571232288304 185 187.0248566968195 26882.910647413355 0.0 26834.50150303942
17 69.20169631562035 49.20758818498992 145.651805279527 197 194.85939346451693 27512.214701518216 0.0 27463.007113333224
105 886.9116980881162 55.05427205982522 136.06316260482174 183 191.11743466464696 26709.09344254784 0.13646908965779403 26653.902701398347
44 395.9475295934009 56.48471979533026 142.9087030418098 189 199.39342283714 27210.687612374866 0.620336418324996 27153.582556161233
46 398.0658735196353 51.0794069536976 138.46946250469054 189 189.54886945838814 27212.634591151385 0.0 27161.555184197692
83 701.9981775711676 54.806714775050686 135.9265998344113 185 190.733314609462 26913.6694006491 0.6184243521653343 26858.244261521893
38 285.20037868075116 50.73750754700565 141.71671269955976 191 192.4542202465654 27352.62559182884 1.023794764659442 27300.864289517158
48 417.727651963442 48.11332942513955 138.00493294599977 189 186.11826237113934 27238.758703435924 0.2859415246086314 27190.35943248617
143 1168.490883471168 52.119497936832495 132.49596433898301 181 184.61546227581556 26492.866297607165 0.8630555853956139 26439.883744084946
2 1.236437697118419 65.07266302569475 166.46685395101323 217 231.539516976708 27739.78672779012 1.4267167224562947 27673.28734804197
118 1024.0991498127778 52.843074001909656 130.878116902715 183 183.72119090462468 26731.94741281011 0.0 26679.104338808207
61 508.1178132649709 53.95965809384533 141.94317185056437 189 195.90282994440975 27288.054529436722 0.0 27234.094871342877
159 1323.029711729516 51.079032626535415 133.9412220575017 181 185.02025468403716 26484.796818317463 0.0 26433.717785690933
103 871.31111867518 50.386718472616145 137.67259251096166 185 188.0593109835778 26946.1988451506 0.0 26895.81212667798
50 431.33625257017223 51.79831225994219 142.51755148188738 191 194.3158637418295 27460.236772452692 0.7086244063472122 27407.729835786413
15 57.91226949606123 54.49821570316915 150.32708934869075 201 204.8253050518599 27850.7472410778 0.08014292490621244 27796.168882449718
154 1251.8807090851583 48.5364017573425 136.07861028795222 183 184.61501204529472 26715.795486985804 0.30704962451727624 26666.952035603943
197 1797.469916716988 51.89092813107949 133.0145838029952 179 184.90551193407467 26172.90689193083 0.030730037565263046 26120.98523376219
121 1036.3102782445455 52.39300387175217 139.05601772310555 185 191.4490215948577 26953.341812834886 0.0 26900.948808963123
43 394.47891878791967 49.90293737503442 147.82072211110906 193 197.72365948614345 27638.088652907318 0.12737513075603601 27588.058340401534
132 1106.8433584206591 49.423054416978204 140.71623910891083 185 190.13929352588897 26936.83933350064 0.0 26887.416279083653
68 556.6998798757766 48.05752080871757 144.6964299259229 191 192.75395073464048 27538.43278028918 0.0 27490.37525948046
49 419.0508896857215 54.96885089465124 141.98648210658115 193 196.95533300123236 27680.045992123058 0.18378618516703682 27624.893355043245
168 1487.1949540334085 51.42822972040088 135.9231432666198 183 187.35137298702074 26668.89231749127 0.3788577305783747 26617.085230040295
152 1232.9996067550424 50.30210296353492 140.7001270813576 185 191.0022300448925 26926.184763182937 0.0 26875.882660219417
98 824.3791135636371 49.35904519532106 138.2771068376923 189 187.63615203301336 27356.941451915398 0.0 27307.58240672008
86 703.4043964746813 52.920673266627944 146.5274579837264 191 199.44813125035435 27557.205924489994 0.0765279495105915 27504.208723273856
30 211.59982634795296 53.12726039705611 147.1265494397185 199 200.25380983677462 28114.745961827255 0.6231166876758039 28060.995584742537
79 648.9518566101414 55.277725281219766 140.42747452828212 193 195.7051998095019 27743.779237428167 0.0 27688.501512146966
88 708.8033134599318 54.60501573131274 144.8461386778635 193 199.45115440917624 27769.117510814587 0.0 27714.512495083287
23 128.50077137611976 57.548998110456566 148.39502200268453 203 205.9440201131411 28365.078577542914 0.6145165091822946 28306.91506292326
39 313.74264982666904 56.51455928432584 147.0130297320769 199 203.52758901640274 28208.436321001576 0.27552713548936936 28151.646234581756
32 237.25686085725434 55.538819579868736 148.7356142981364 201 204.27443387800514 28328.08481469291 0.3631689914036542 28272.18282612163
107 903.4890148101399 50.85729910377429 143.5117261137747 193 194.369025217549 27728.119198803153 0.11031770881106695 27677.15158199057
134 1119.5491784328751 56.69782825467958 140.9474041163124 191 197.64523237099198 27517.200671371807 0.0 27460.502843117127
108 911.227482508743 51.49496558650353 140.68008629893978 193 192.17505188544334 27729.599944222493 0.0 27678.104978635994
178 1638.8569861447243 51.9121759893113 142.7332126283003 187 194.64538861761156 27010.02570665838 0.40262665487671256 26957.7109040142
65 535.3617333536545 53.904269001675374 147.43877180174132 197 201.34304080341667 28126.357644356878 0.1090325868541413 28072.34434276835
24 128.6163498052069 54.3870781969226 147.00067042447463 205 201.3877486213972 28553.073956396842 0.2818674686068334 28498.405010731323
187 1705.4383531126625 52.02228587096491 138.55487052336383 187 190.57715639432877 26982.19708692145 0.0 26930.174801050485
111 948.2476201554562 52.64835993294903 147.13544010570718 193 199.78380003865618 27747.327651730135 0.0 27694.679291797176
70 586.4127638041343 54.69415942944422 150.26719459758155 197 204.96135402702578 28128.57490734451 0.4463972563517018 28073.43435065871
74 617.4183256662245 53.43311880740927 148.94323020675813 197 202.37634901416743 28110.647078095153 0.36220278658208827 28056.851756501164
124 1041.7363629071356 56.95888886221051 148.89771074083941 193 205.85659960304992 27725.59107350751 0.0 27668.632184645296
157 1284.3849468518133 54.11292377362821 141.57495402649297 191 195.6878778001212 27493.610239035483 0.0 27439.497315261848
35 247.5485579126847 57.10815525517074 151.0540643098084 203 208.16221956497913 28533.757161068217 0.1719122247834548 28476.47709358826
149 1214.8286087401486 51.04429518591977 146.7587024673765 193 197.8029976532963 27676.20354879455 0.0 27625.15925360862
95 805.4178789417507 54.06312321124197 148.30933179360187 197 202.37245500484383 28106.08099991647 0.0 28052.017876705224
117 1013.5936179244139 51.52246475819497 149.02077623668842 195 200.5432409948834 27901.008817469858 0.2526910679669072 27849.233661643688
40 360.3391129197448 56.458213926381575 150.3241030710563 203 206.7823169974379 28563.369733064184 0.186626674648096 28506.724892463142
156 1282.591104907901 52.64636315643252 143.42932230230213 193 196.07568545873465 27653.15901017519 0.21098016043742973 27600.30166685831
161 1364.0298575446843 57.373004138274474 142.65560431041547 193 200.02860844868997 27614.56495579244 0.0 27557.19195165416
177 1635.4586186181518 55.677107155064185 143.95305401717317 191 199.63016117223737 27352.745098685013 0.02843968542674702 27297.03955184452
119 1025.8328993128528 52.45331526726556 153.9198663756262 197 206.37318164289178 28058.389880419647 0.0 28005.93656515239
200 1836.7441535113799 60.813118846155575 141.2689678341581 191 202.0820866803137 27266.78966423072 0.0 27205.97654538456
126 1055.1001261030328 52.562584536850025 147.79433025490394 197 200.35691479175398 28051.77718653765 0.19326884848942427 27999.0213331523
173 1577.0268293789445 54.34837667091032 150.41144204170993 193 204.75981871262022 27534.632492439076 0.0 27480.284115768154
62 509.5112163564544 54.64624778063971 151.1191134524669 203 205.7653612331066 28606.417201832497 0.04930324838915112 28551.721650803458
208 1920.3166232172127 55.93251187570985 142.22434147246494 191 198.15685334817482 27228.35996083485 0.14703336196021155 27172.280415597175
47 406.0554170503726 57.977709837873896 157.68951411526166 205 215.6672239531356 28760.171926373703 0.0 28702.194216535834
140 1151.3052869247213 50.39205607739297 147.2852524740829 197 197.6773085514759 28018.154709852133 0.0 27967.762653774742
67 556.4193392967946 53.59550397377527 149.35629169837355 203 202.95179567214888 28614.76100571452 0.0 28561.16550174075
89 715.678927525011 57.38762604886338 150.3160232670894 201 207.70364931595276 28456.740725664666 0.0 28399.353099615815
150 1216.5448451722523 52.52601247780051 154.69794186061551 197 207.22395433841604 28000.311167603966 0.0 27947.785155126163
33 239.92263491972759 55.84005744139323 158.10474183317996 209 213.9447992745732 29002.905116746213 0.07776564365030936 28946.98729366117
58 500.49582534949724 59.318911908487976 153.7829881728204 205 213.1019000813084 28757.07542555211 0.11981817159016828 28697.63669547203
80 665.3049053856261 55.36103143854714 151.6705046610126 203 207.0315360995597 28603.85174625407 1.005234860342057 28547.48547995518
130 1087.9386243432614 53.42029673521294 147.21746923965605 199 200.63776597486896 28190.398517387985 0.0 28136.97822065278
204 1883.176706629403 52.49690773994975 140.43656730611679 193 192.93347504606652 27403.813516729526 0.0 27351.31660898957
66 538.3135155716227 59.886915207768254 149.4850596763448 205 209.3719748841131 28777.826824462063 0.6043509847573887 28717.335558269544
185 1688.5402676956294 52.58327417978873 143.35629265007063 195 195.9395668298593 27632.856543380945 0.0910536117785341 27580.182215589382
166 1437.2574949737152 58.785282902392154 148.6081347039237 197 207.39341760631584 27894.68371252167 0.0 27835.898429619272
112 956.0741162730612 50.405135830589856 146.41348158227615 201 196.81861741286605 28391.533950145567 0.24814700419642577 28340.880667310772
76 623.941627003263 54.65313563871169 157.8830197056372 205 212.5361553443489 28752.037837489377 0.0 28697.384701850664
122 1040.330795232874 57.74161020815604 154.60384203959785 201 212.34545224775388 28352.148018719614 0.0 28294.406408511455
102 859.6847853929225 56.07827253082288 152.9147720432392 203 208.99304457406208 28544.714629295453 0.0 28488.636356764626
176 1625.2907198537898 53.59143586758995 144.45627463103114 197 198.0477104986211 27802.71437662254 0.316271640529294 27748.806669114416
145 1184.805892737028 56.013004231906045 151.8543796277966 201 207.8673838597026 28282.33488755359 0.39619047421365394 28225.925692847468
55 466.8991387346352 55.91518582949648 157.59898709384697 209 213.51417292334344 29024.575632356053 0.10681651562003935 28968.553630010934
116 999.554505811345 54.03360585266175 151.91135845166312 203 205.9449643043248 28496.015340432426 0.6425722122062325 28441.33916236756
75 622.372245617375 54.82243914971362 154.6518827991762 207 209.47432194888978 28875.076763530407 0.0 28820.25432438069
172 1561.1395407450982 54.3792463602896 139.97698733138932 199 194.35623369167894 27957.775093936576 0.27319478244930906 27903.122652793845
27 165.6916572946017 56.68176831247929 159.02360374684002 215 215.7053720593193 29357.50796839662 0.27701193004673996 29300.549188154095
81 683.4824497503888 57.94690402126574 152.47164887150302 207 210.4185528927688 28852.247787030046 0.0 28794.300883008775
206 1914.743838193691 55.37306286129904 149.55668445865638 197 204.9297473199554 27635.071909954095 0.0 27579.698847092797
182 1657.4667588953566 54.11174464606564 148.5660235244754 199 202.67776817054101 27904.236855675656 0.0 27850.125111029585
69 570.0082716402335 50.041283111122745 155.858702082209 209 205.89998519333173 28999.90170123579 0.25154617944212987 28949.608871945227
165 1419.2945363851127 55.861190106120354 146.0764914020351 201 201.93768150815544 28152.16137438332 0.0 28096.300184277192
144 1175.5003455794829 52.19371971464806 147.96755175782212 203 200.16127147247016 28398.395348056038 0.07975087699583128 28346.121877464382
167 1464.214567544163 51.033625831186896 152.86402956843682 201 203.8976553996237 28127.968182765555 0.1568778810119511 28076.777679053364
115 996.7320091923649 57.24993683383647 157.4927970908721 205 214.74273392470857 28606.04875120318 0.0 28548.79881436934
170 1499.954007953375 53.31089439314979 152.00057528449156 201 205.3114696776413 28110.816098804866 0.0 28057.50520441172
57 476.4558160836255 52.556122578275 153.33672194625458 211 205.89284452452955 29136.767141253353 0.5640802609432853 29083.64693841414
78 643.344728986686 60.297729068795256 151.42825490522932 209 211.72598397402456 28977.161647182293 0.0 28916.8639181135
11 41.49390271020067 62.281223200148816 162.4641354546379 223 224.74535865478674 29599.344682039988 0.5711525937668824 29536.49230624608
205 1912.3345432259364 52.29837589482782 148.72664012901734 199 201.02501602384524 27739.876323262928 0.4250053137748182 27687.152942054337
137 1140.7566271929081 59.34762894983745 152.9248797360168 205 212.2725086858543 28525.269303083413 0.06753444588866842 28465.854139687694
53 436.6635453233644 60.049010187458954 159.5291725403432 213 219.5781827278022 29244.907166153123 0.355050124458387 29184.503105841213
153 1233.3517997816423 52.70135353554454 154.92419576932178 205 207.62554930486633 28467.34617626507 0.18588028089561703 28414.45894244863
31 226.18132410876444 59.562531020404734 157.9431738773215 217 217.50570489772628 29478.17584661488 0.5927413220508697 29418.020574272443
99 826.0813369381616 57.5056749988645 157.4488400806354 209 214.9545150794999 28885.03437853552 0.0 28827.528703536653
171 1558.551306707407 57.08218093506496 157.15387159832864 203 214.23605253339363 28159.28248320386 0.0 28102.200302268793
127 1068.543677040718 60.417590788957156 154.89711237201803 207 215.31470316097517 28657.97896114082 0.023292748074482006 28597.538077603793
138 1147.6887323956782 55.16282178198666 154.59600195759222 207 209.75882373957887 28610.87628463531 0.0 28555.713462853317
201 1844.541060266209 59.27312409811695 151.0395860526298 203 210.31271015074677 27960.568570243064 0.0 27901.295446144944
131 1091.76335276624 55.44738187461841 149.9131893566008 209 205.36057123121924 28721.189204904804 0.0 28665.74182303019
203 1881.3084439022036 55.14425510665217 155.19008221973107 203 210.3343373263832 27934.944155964975 0.0 27879.799900858332
183 1666.8343844732103 54.01186027840504 155.3115640795233 205 209.32342435792833 28167.381848682184 0.0 28113.369988403796
25 136.68043076737803 58.21142705436395 165.00588359320116 223 223.21731064756506 29700.867870831597 0.5163489460401252 29642.1400948312
191 1737.114411459821 60.042618378658766 153.56902191958622 205 213.61164029824502 28112.992456755226 0.0 28052.949838376564
195 1776.6566918161361 53.02759506337555 152.3108331034986 205 205.33842816687417 28088.468810463208 0.0 28035.441215399824
109 918.3978094630912 62.771041538240716 162.54977047497493 213 225.3208120132157 28978.572216001805 0.7245512162847945 28915.07662324729
64 534.5256021146733 61.509549942424535 166.91497493562446 217 228.42452487804894 29364.149236013098 1.1713646336397687 29301.46832143704
20 82.66995445533456 63.44546914633735 169.8726569217355 227 233.31812606807284 29829.54117541458 0.3547691292838522 29765.74093713896
189 1711.666047713813 60.33921847784768 152.58151893595567 207 212.92073741380335 28203.813608344502 0.2879178068251349 28143.186472059828
54 450.4305074528645 57.14174209413658 165.67610360012992 219 222.81784569426657 29475.876729125477 0.4204339610585066 29418.31455307029
194 1767.501373273596 57.743983235373726 151.82936082692103 207 209.57334406229472 28164.253319792522 0.0 28106.50933655714
196 1782.255120846404 52.666270003289625 152.16414906155592 207 204.8304190648455 28150.73754167771 0.10769036584315472 28097.96358130858
28 176.34822088578503 59.99102586108371 166.8610872931471 225 226.85211315423078 29769.73150444964 0.47802089810687676 29709.26245769048
129 1086.8473375482588 61.08660559090983 156.68239556924252 213 217.76900116015238 28863.791897385923 0.0 28802.705291795013
110 944.4328311566107 57.76217030755394 162.50731138399894 215 220.26948169155293 29025.446842107907 0.1118906783510738 28967.57278112199
163 1412.8278166507057 55.67260908002776 156.31689954209406 213 211.98950862212183 28609.428995569942 0.6641324098411587 28553.092254080093
188 1707.048397936709 60.55202785024058 155.2254518017372 211 215.7774796519778 28317.20211040459 0.0 28256.650082554348
147 1209.2908044616775 54.39043470301195 160.46383856932812 215 214.85427327234007 28828.78017372637 0.0 28774.38973902336
128 1068.7287195308559 58.535643447171694 161.20099005312505 217 219.73663350029673 28987.410075399606 0.39904835829725016 28928.475383594134
114 977.0759022119685 63.57620242030169 161.87086221054932 219 225.447064630851 29107.709887700115 0.0 29044.133685279816
45 396.0581730335791 64.38204640387171 171.0840407365985 227 235.46608714047022 29712.357244293595 0.040398370020739094 29647.934799519695
179 1644.2174648727378 54.90849268227271 163.98706643881124 215 218.89555912108395 28471.875024160603 0.0 28416.966531478312
125 1044.6304915660394 59.05559860664794 164.3683111809627 221 223.42390978761063 29097.768717483126 0.0 29038.71311887648
104 886.204463594797 65.62454710026259 171.61755310208895 223 237.24210020235154 29262.954700253886 0.0 29197.330153153634
175 1624.490127828801 63.14351290491519 162.41210111469826 217 225.55561401961347 28528.705281055594 0.5127624592316806 28465.04900569144
73 615.3034055270513 60.83686357569303 167.18106225732774 227 228.0179258330208 29557.799294758577 0.0 29496.962431182892
198 1808.051691534428 57.849532060946494 164.6088962477825 217 222.458428308729 28368.39730084289 0.2989392403171678 28310.248829541622
155 1264.570017872378 64.49686618578835 163.10483743068545 221 227.60170361647386 28914.113334381127 0.3315649527946789 28849.284903242547
120 1035.6727079346185 63.94350448560813 168.2662469884526 223 232.20975147406074 29145.413383697403 0.1854720432884278 29081.284407168518
184 1672.816881750971 59.154144559588 166.1703870467541 219 225.32453160634208 28523.78653322985 0.0 28464.63238867026
52 436.46528131823186 66.42508785230311 175.37213091314453 231 241.79721876544767 29763.442656337225 0.45905209531309765 29696.55851638961
94 758.6490193920013 60.2493267094488 169.08356920072873 229 229.33289591017757 29474.265533019225 0.0 29414.01620630975
100 828.9751243371092 64.9571526555511 168.01126204020804 229 232.96841469575915 29411.447258885753 0.0 29346.490106230212
199 1834.1572917406352 63.48711173008459 165.78335014494016 221 229.27046187502475 28406.99934087315 0.0 28343.512229143056
202 1879.7879842947482 60.913734019101874 167.6712621169108 221 228.5849961360127 28365.842507979734 0.0 28304.92877396065
207 1919.4991645112189 65.30665607955957 160.11880481588014 221 225.42546089543976 28329.719479370695 0.0 28264.412823291146
91 736.7286091892842 62.79933385422663 174.90569467189312 231 237.70502852611978 29518.36946292689 0.04058888894167012 29455.529540183725
92 743.6090570980273 67.62008350411789 172.18721348095846 231 239.80729698507633 29513.873342827817 0.0 29446.2532593237
59 504.56777962508414 67.05392180523766 170.28472899185738 235 237.33865079709506 29761.31933159406 0.0 29694.265409788823
180 1650.4314892260252 66.27423187715995 167.96322998702004 225 234.23746186418 28623.715892274773 0.0 28557.44166039761
113 976.7317934470261 60.98304326177069 179.84797106057007 233 240.83101432234076 29318.91635881596 0.0 29257.933315554208
193 1765.6822593392453 66.45509618154958 166.86636930994283 227 233.3214654914924 28532.076501184274 0.0 28465.62140500272
160 1341.502694171775 58.13338506726223 171.2398585029087 231 229.37324357017093 28960.44518643354 0.0 28902.311801366286
97 821.3638349451057 63.33800940716202 180.21647563355293 237 243.55448504071498 29490.8768746505 0.0 29427.538865243354
209 1925.3085262761858 61.867756276841995 175.20510547951687 229 237.07286175635886 28392.409056436332 0.0 28330.54130015949
181 1655.1534761112525 59.41546283346517 175.81032229019058 231 235.22578512365575 28664.736467953477 0.0 28605.321005120004
192 1745.7344758242207 66.30481300639546 174.64101354939083 231 240.9458265557863 28576.484105619 0.0 28510.1792926126
42 385.61376815225657 67.33933377700824 187.34927446787125 245 254.68860824487945 29938.479710371674 0.0 29871.14037659466
190 1735.0322744359246 62.316753274305185 174.14234852597943 233 236.45910180028466 28591.27222287796 0.0772750219853151 28528.878194581648
133 1115.825032865116 66.79154802241818 179.56602279736555 239 246.3575708197838 29212.326812248764 0.0 29145.535264226346
