# Cpu scheduler: srtf
# Quantum: None
pid arrival_time cpu_bursts_time io_bursts_time nbursts bursts_time tat ready_wait_time io_wait_time
14 97.95901142938902 40.83527088229125 30.04578350133367 5 70.88105438362491 390.9623596090312 123.44498967820468 226.68209904853524
4 30.7770255122243 89.53410245510824 75.87832575209562 11 165.41242820720385 570.6177211262127 56.15790314759764 424.9257155235069
1 0.793769095214445 103.61895999412403 87.56174600923487 13 191.18070600335886 751.3535267815384 92.8978315869298 554.8367352004846
18 115.5880027707521 77.58362472725078 61.8771830085934 9 139.46080773584418 668.3787206757202 91.33643981359602 499.4586561348733
12 68.8151877102533 94.65743552117604 77.57932006767071 11 172.23675558884676 849.8725172193377 107.59716072104466 647.617920977117
13 84.93354801639944 74.25844586590583 61.60765952609805 9 135.86610539200387 948.2708813328612 218.9049101656589 655.1075253012965
10 65.1228868684571 57.836032696865736 56.54848595272213 7 114.38451864958785 1000.6497503853523 513.0305273313593 429.7831903571273
21 124.36324716326187 86.19372596443269 82.99665243249916 11 169.19037839693186 1218.1040044045083 293.03766633164594 838.8726121084294
20 118.79361793655943 108.49807796016043 93.34674984573634 15 201.84482780589673 1518.7702042569692 166.83069768255746 1243.4414286142514
7 34.007341864268504 110.0388365359583 82.68699452531052 13 192.72583106126885 1659.135072093449 379.3556735562757 1169.7405620012153
115 1073.2747646496418 39.08172115046374 103.8639122703184 137 142.94563342078214 20110.871184276333 0.22950388833669422 20071.559959237522
2 9.858389024026163 46.30524591546938 126.14987977580012 169 172.45512569126953 21276.47892872873 0.6424052791465051 21229.531277534115
9 55.952422909501486 42.12038298364827 112.64430887810019 157 154.76469186174847 21280.614278761084 2.079931175807488 21236.41396460163
145 1456.0864301053307 37.55162103099923 110.35996508373664 147 147.91158611473588 21746.74133236485 0.0 21709.18971133385
71 692.1917853852601 45.95860916965175 124.64284514617702 165 170.6014543158288 24071.698434294874 0.05445068349104076 24025.68537444173
80 767.9556334797765 46.92747042453973 121.57847577860713 165 168.50594620314683 24097.804570741526 0.2659063873569494 24050.61119392963
99 978.5398464153278 45.61724181814765 123.02863365642766 165 168.64587547457535 24195.575700393827 0.0 24149.958458575675
149 1484.6242788500522 44.61237912056164 117.89589002529743 161 162.50826914585906 23813.225045824987 0.0 23768.61266670443
32 278.401280349669 45.35102166815112 127.80702087333042 175 173.15804254148156 25053.80040083335 0.0 25008.44937916521
19 117.35547883644121 44.358118533805175 134.50236387417084 181 178.860482407976 25366.162180965013 0.2505518757795926 25321.553510555426
53 506.19573406889776 43.021184585352096 125.4668091376285 173 168.4879937229806 25010.78140882328 0.0 24967.760224237943
34 283.715218942913 52.23587774139544 129.84064548025768 177 182.0765232216531 25374.994505131453 1.339401325294375 25321.419226064772
67 675.2315786306773 47.655551007347135 128.6072108657858 173 176.26276187313294 25194.848358294817 0.34734995411054115 25146.84545733337
129 1288.8938681161762 45.80427767112564 124.03514728385241 167 169.83942495497803 24609.03217567096 0.0 24563.227897999837
135 1380.0451866940248 48.531077418050735 127.48568397997015 167 176.0167613980209 24628.45125613993 0.502227050529882 24579.417951671356
88 854.9047462688311 48.05940290138146 130.8188862380981 173 178.87828913947953 25267.561827271646 0.0 25219.50242437026
38 383.0131067970905 49.67767002240471 132.06405239669638 179 181.7417224191011 25765.508379891744 0.23496009763783832 25715.595749771706
15 101.60540075662088 50.61398200923933 137.99822830573143 187 188.61221031497075 26138.944053264197 0.4728372004490211 26087.857234054507
5 33.89276669610562 54.789742455192446 145.09149223046236 195 199.88123468565482 26238.766300539068 0.27926903390614655 26183.69728904997
119 1104.54847330431 47.596952652294455 131.60085061436777 173 179.19780326666225 25371.08032006712 0.18869909256000028 25323.29466832227
60 585.2038558742411 50.49157360965171 138.52185109403862 179 189.01342470369036 25968.43567189259 0.0 25917.944098282936
121 1163.940158958726 48.78703823907681 128.72670828460036 173 177.51374652367718 25395.16271219324 0.11757167435257543 25346.258102279815
48 476.15848692988925 50.81880020482955 134.29676778913768 181 185.11556799396726 26117.58884862066 2.1047542842432563 26064.6652941316
31 273.785685740074 48.22487816686525 140.40912147911357 185 188.6339996459788 26449.33166850047 0.5379874403238318 26400.568802893275
40 405.643126905753 54.01461543960807 135.25025148531884 183 189.26486692492693 26357.502634191085 0.7897145351803374 26302.698304216305
29 207.43183108102343 49.18460265751335 142.22248637254367 187 191.40708903005702 26584.862439336765 0.32624397997597043 26535.351592699273
45 443.31511920956837 52.20029985880681 138.60327022284145 183 190.80357008164827 26381.641031897296 0.1181055259060031 26329.322626512592
92 871.2081718668953 51.108254210543684 133.9171579741039 179 185.0254121846476 26110.579275417167 0.0 26059.47102120663
72 699.1686070530927 46.99342150483811 140.6849610424096 181 187.67838254724768 26302.744668096413 0.08324840631416919 26255.667998185272
203 2016.8486744190695 51.541295685490496 129.37228091668467 169 180.91357660217517 25004.67518063917 0.09741349224145779 24953.03647146145
33 281.2533057539572 50.46676270230649 135.82445288345636 187 186.2912155857628 26745.251539067318 1.1260330487044143 26693.658743316304
43 419.20809475067944 48.19766976893707 143.09297860377515 185 191.2906483727122 26639.591875004477 0.0 26591.394205235545
0 0.793769095214445 59.36103828631207 164.3666681285097 219 223.7277064148218 27123.752510900576 0.10307330135879056 27064.288399312907
127 1259.1526171362925 45.82130287171842 130.4925684992605 177 176.31387137097892 25945.82693013787 0.0 25900.00562726615
123 1223.0989992316952 51.76953288453786 131.21816616045032 179 182.98769904498818 26161.952854170213 0.5121259776262832 26109.671195308045
144 1453.3718800176275 46.50574556097115 132.5015131235256 177 179.00725868449672 25960.528280916067 0.0 25914.022535355096
55 515.616131667724 50.20061951855112 138.72361254374636 187 188.92423206229745 26930.14091339426 0.24251014963806483 26879.69778372608
179 1813.5586111983491 44.42425688821789 132.75156427784117 175 177.17582116605902 25751.261159005386 0.0 25706.836902117164
6 33.92656433129005 55.15194900517556 151.25416400180063 205 206.40611300697617 27549.64688030822 1.1096731117813832 27493.38525819126
167 1683.4752454907048 47.71725771763026 134.66054562865716 177 182.3778033462874 25981.604986150072 0.19453656363089067 25933.6931918688
191 1918.6296890890112 49.604377253752546 125.85199926855616 175 175.4563765223087 25748.748813138885 0.3021799285502311 25698.842255956584
28 195.59777486369134 53.48743824068304 144.65897349493991 195 198.14641173562296 27500.012942674177 0.12530223594808376 27446.40020219755
91 868.2337857234585 47.63527798561573 138.4514085963528 185 186.08668658196854 26849.489461296096 0.0 26801.85418331048
116 1076.4182091900134 46.22605784594842 135.46425197658246 183 181.69030982253088 26653.253174709374 0.15925963728227543 26606.86785722615
117 1082.5005156154136 48.90568993174749 130.68012838167382 183 179.58581831342133 26649.202013110465 0.0 26600.296323178725
58 544.9927371432397 54.380982776800614 140.7330992817996 189 195.11408205860022 27221.56057442123 0.47856647542744213 27166.70102516899
22 134.60622030496714 51.43604560772469 151.84583873790402 197 203.28188434562867 27642.96089249678 0.2573804173350709 27591.267466471723
77 751.9314103915434 50.13344028891671 140.09555296453078 187 190.22899325344747 27053.015900973332 0.6792395171788712 27002.203221167238
81 773.9194997268154 53.99996702609552 142.34548960696634 187 196.34545663306181 27057.19181110771 0.1367289296221088 27003.055115151994
142 1412.5376352825956 46.261400126416376 132.7043070072059 181 178.96570713362226 26436.720932558575 0.0 26390.45953243216
141 1412.3652838099194 51.14900709936404 134.31690533684093 181 185.46591243620503 26437.82740648182 0.4364037603399993 26386.241995622127
164 1628.7901609123182 46.6205802885242 133.09652704785535 179 179.7171073363795 26225.59382762085 0.1856156268227096 26178.7876317055
184 1898.8881127128673 46.90506076701931 130.90396888412727 177 177.80902965114655 25981.809820459195 0.0 25934.904759692177
148 1468.4625043482279 49.940419013597534 133.08263471266352 181 183.02305372626105 26458.064063751674 0.0 26408.12364473808
24 172.00229795084604 54.45228854884645 150.9163954997592 199 205.36868404860564 27925.92915432231 1.0207863718448777 27870.45607940163
192 1923.4907283171287 52.216334122484994 133.7643611798596 179 185.98069530234457 26207.200863160397 0.0 26154.98452903791
75 707.3622924916982 54.78383852105576 142.7517551778426 191 197.53559369889837 27498.348837593097 0.2071214615559711 27443.35787761048
158 1546.8107767630877 46.1216333603655 138.02491287394224 183 184.14654623430775 26691.093613861678 0.6374756950160645 26644.3345048063
64 635.7287913019234 52.314876687224334 143.69610753728466 193 196.010984224509 27667.15614105936 0.23053646308142106 27614.610727909065
125 1241.269950840574 50.1936307355281 135.67888195575955 187 185.87251269128768 27094.928689557226 0.0 27044.735058821694
195 1958.747677865317 44.69004095457479 136.07401013002487 181 180.76405108459966 26419.12413342063 0.0 26374.434092466046
39 403.17864663202323 56.91330530949018 147.70530595365568 197 204.61861126314588 28004.236243460367 0.0 27947.322938150868
156 1534.0053154427785 54.183245703208385 141.31417969383992 185 195.49742539704826 26903.422317029388 0.0 26849.23907132617
160 1571.903737175887 54.99216764486213 136.0785622879415 185 191.07072993280363 26900.70016936205 0.0 26845.708001717187
47 471.4903646785476 55.725870107186076 144.1732551086543 197 199.8991252158404 28021.002994880375 0.0 27965.277124773187
193 1924.7511513684335 51.83984393592239 133.7944169684871 183 185.63426090440953 26631.90324911054 0.0 26580.063405174613
171 1738.059227680471 50.12507134141098 137.8398537604812 185 187.9649251018922 26862.051648665652 0.0 26811.92657732424
154 1525.702330673049 52.08753276373249 142.50598311528682 187 194.59351587901932 27102.884946675495 0.3606076487692462 27050.436806262995
108 1032.947595468 55.54115859983885 145.10222631719068 193 200.64338491702955 27715.443085954066 0.25683388126071804 27659.64509347296
151 1501.48072896803 48.13716086568434 137.06157897560027 189 185.19873984128455 27297.52990317818 0.7908478166386885 27248.60189449586
56 522.4120665157614 52.04646271023028 155.17937100420926 199 207.22583371443955 28278.197860473167 0.3088635850353967 28225.842534177897
131 1319.5033946446524 48.94002054104969 144.75493229796928 191 193.69495283901898 27505.09356930558 0.0 27456.153548764523
79 767.3870678496 57.62137408072317 148.96055506265853 197 206.58192914338167 28106.957406654914 0.1296214997013294 28049.20641107448
62 621.9030222482337 50.3533762066237 142.77615109843777 199 193.12952730506146 28266.059013528815 0.0 28215.7056373222
63 630.3050329174171 52.73309596461442 154.1530997664763 199 206.8861957310907 28270.53453335915 0.18239889485130334 28217.61903849968
25 179.17983275217975 59.27793056368243 160.3180252418214 207 219.59595580550382 28748.13094936193 0.47297410104869186 28688.3800446972
147 1461.1546731092826 53.78638306262193 148.11429274226745 191 201.90067580488943 27499.610479024264 1.0412546714369455 27444.782841290216
8 48.48644671471221 61.88203983679029 158.81177377931184 217 220.69381361610212 29025.59749343554 1.3958872053286626 28962.319566393417
138 1396.0482610891736 53.92315512530792 143.1577170946993 193 197.08087222000722 27691.32583327683 0.38859916191950106 27637.014078989614
50 499.0509107348724 56.654379456358534 146.16293359918885 203 202.8173130555474 28608.790636588514 0.5211094111855346 28551.615147720975
26 180.20211481751417 55.8912468857872 154.6237437215235 209 210.51499060731072 28940.18132886207 0.0 28884.290081976265
83 841.6030881365193 54.14701495053444 145.3883990914465 199 199.53541404198097 28290.00027987384 0.8075433532926581 28235.045721570008
168 1692.792525977409 53.592426207049286 142.8907937454889 191 196.4832199525382 27452.519471157008 0.34988798030849466 27398.577156969644
23 158.59497789965357 60.840487028466164 157.87669711457704 211 218.71718414304323 29087.882890918587 0.13600362722939963 29026.90640026289
46 458.9776972203955 53.2388795284454 152.34336999428908 205 205.58224952273451 28799.451540704085 0.0 28746.21266117565
165 1632.5643634704707 57.92222837606074 147.74395870158895 193 205.66618707764968 27652.745296336514 0.29174300247723295 27594.531324957985
188 1908.4796526720206 52.61697139031087 141.8788488014763 191 194.49582019178717 27397.455802265125 0.0 27344.83883087481
202 2010.4365073261292 51.48067025815962 143.10289373745763 191 194.5835639956173 27362.856997598697 0.4222987380792347 27310.954028602457
76 723.7532720341404 56.22072278022944 149.15025692160387 203 205.37097970183328 28682.35229339574 0.35552708721047566 28625.776043528283
98 955.0380679704961 56.86433008855209 149.97796910776037 201 206.84229919631247 28460.785414667316 0.1962479301703297 28403.724836648606
180 1842.8260145703425 52.75069153164183 146.94746469539785 193 199.69815622703968 27584.25155120454 0.0 27531.500859672888
11 66.96393296417628 64.1759643948643 162.49942514334987 219 226.67538953821418 29382.33279111783 0.07041724068881194 29318.08640948226
59 557.5471034395212 50.086090634361184 153.7521003418351 207 203.8381909761963 29000.775718434015 0.0 28950.68962779965
208 2052.3265389012777 57.13267146784157 148.7415354649906 193 205.87420693283215 27519.48571577897 1.225010846567784 27461.12803346456
134 1351.920042784461 52.052810407262086 148.45046222302406 199 200.50327263028615 28227.219633089375 0.0 28175.166822682106
101 986.2285668535387 51.4459998462735 148.16708881387046 203 199.613088660144 28620.468584254784 0.11777476794532049 28568.904809640553
27 194.00985997440122 61.410504593891346 160.84032581183462 215 222.250830405726 29464.523596772833 0.3241079387398713 29402.7889842402
199 1976.5212088509895 51.674750792332155 143.4518623999727 195 195.1266131923049 27706.246104609665 0.18523019140502583 27654.38612362592
172 1748.4856324673203 52.90519072717279 145.7799170399668 197 198.68510776713958 27937.60034865476 0.0 27884.695157927574
94 902.9724667442973 55.71795453147044 155.04793135422966 205 210.76588588570013 28793.848177319767 0.0 28738.130222788306
96 927.4407344695153 57.57955483141197 156.76898839165966 205 214.3485432230716 28792.59599748984 0.0625017139124111 28734.953940944506
42 415.08497050578137 54.85463238983313 157.0305833734991 211 211.88521576333227 29312.690196536707 0.4359640025782028 29257.399600144287
163 1599.2737015854286 52.69850719029366 152.16352011645074 199 204.86202730674432 28150.725336790638 0.0 28098.026829600338
104 1008.1938827618479 59.69555992292409 151.63724862629792 205 211.33280854922197 28763.308050374224 0.0 28703.612490451276
185 1900.6178337248375 51.85584206732442 147.15178219625773 197 199.0076242635821 27877.995035854154 0.1261248476075707 27826.013068939228
166 1674.4876818304126 55.85337989715663 145.35563701241213 199 201.2090169095688 28109.36413752797 0.0 28053.510757630796
196 1968.8102426917017 52.052152514511185 143.58364017025553 197 195.63579268476673 27853.894930487888 0.07376380089340273 27801.76901417248
198 1974.7547430437537 55.007522804131135 151.88194717413674 197 206.88946997826787 27856.48925858222 0.0 27801.481735778078
95 907.7200730090791 58.82647521259641 155.80375732892443 207 214.63023254152083 28946.568847431576 0.6579202008323364 28887.084452018156
41 410.1355029574845 59.226099233348016 159.46889488866577 213 218.69499412201384 29452.059480073374 0.0 29392.83338084002
206 2049.9737879468994 55.4633026666334 146.3206696396353 197 201.7839723062687 27820.093264382653 0.0 27764.62996171601
161 1586.7697525030019 55.561812210653365 151.20807322163148 201 206.7698854322848 28304.74060130195 0.0 28249.178789091315
100 982.7117091919291 59.75829576263683 153.24313501617937 207 213.00143077881623 28918.715178905724 0.0 28858.956883143084
49 479.9144069308756 60.757840200121976 155.5628116792696 213 216.32065187939156 29426.70022806885 0.0 29365.942387868727
183 1876.0693337825896 53.461114673651025 155.00142866613803 199 208.46254333978905 28033.48505391314 0.18228445751992695 27979.841654781965
37 339.8333572281353 65.86292954377774 158.31714599029544 215 224.18007553407318 29573.972669405095 0.0 29508.1097398613
52 504.2333463869959 56.662193734912755 163.66021836453115 213 220.3224120994439 29419.139531392644 0.0 29362.47733765773
109 1042.7905171190814 60.62305828288867 154.85228494360467 207 215.47534322649332 28893.34785147039 0.0 28832.724793187506
57 536.6059344684801 55.77624823914843 159.8609582203165 213 215.63720645946495 29438.39626033075 0.0 29382.620012091607
200 1998.7245504845614 55.18730768839248 150.07249734805856 199 205.25980503645107 27979.220660701627 0.058598164398972585 27923.97475484885
73 702.4028457006883 59.38637748419106 160.04778332400815 211 219.43416080819918 29277.806473461354 0.0 29218.420095977155
204 2035.480570961914 57.248676712800965 147.85697610756387 199 205.1056528203648 27965.621661174813 0.05707379248519828 27908.315910669528
78 763.6828273293596 62.81515943635313 155.3052023009382 211 218.12036173729132 29254.739820343657 0.0 29191.9246609073
3 13.071499889609234 65.44424504902659 175.7775180872037 237 241.22176313623032 30018.24468348971 0.042912175481363946 29952.757526265195
143 1421.086726231917 56.17914952767024 150.93907195727073 205 207.118221484941 28619.666114976782 0.0 28563.48696544912
86 852.945309784053 58.3554140856747 153.3522841280869 211 211.70769821376157 29211.777264754273 0.0 29153.421850668594
194 1929.4507755524126 55.110054750404466 151.96556264737188 201 207.07561739777634 28137.47642463115 0.0 28082.366369880743
66 674.8238455601489 59.35831451692769 156.37873939176237 213 215.7370539086901 29413.586459754628 0.23890734380108825 29353.989237893897
178 1796.1507011628435 58.12283417353222 151.96200179872733 203 210.08483597225955 28327.673878881313 0.20592281560516312 28269.34512189216
16 109.11147237718556 61.40421685437178 167.21563049606172 225 228.6198473504335 30024.019989328655 0.39278803798424633 29962.22298443629
139 1396.1602705833843 56.32134068682731 153.88000271487564 207 210.20134340170299 28750.21470914786 1.254613158982238 28692.638755302054
187 1906.3596141475064 54.496968051891706 150.41881999970974 203 204.9157880516014 28256.52691847592 0.0 28202.02995042402
84 842.1247933647144 56.05112701861958 161.88730941185477 213 217.93843643047438 29325.240981887957 0.0 29269.189854869324
107 1031.0900387764905 54.21046455913257 157.24604348777396 211 211.45650804690652 29137.543286573564 0.4458665508082049 29082.886955463633
85 844.6896936031262 54.2818161781382 156.2919078964269 213 210.57372407456512 29330.29458880615 0.10101921897830834 29275.91175340903
114 1065.5368988582431 58.78665828104433 156.87706468834713 211 215.66372296939144 29130.10886397997 0.35480737481225333 29070.967398324097
68 680.7330845300827 61.20465480892843 166.18663122926802 215 227.39128603819643 29517.080203552938 0.0 29455.87554874399
70 685.9597036352045 57.57569911475138 161.76660407046927 215 219.34230318522066 29516.02444085328 0.0 29458.448741738528
201 1999.0600493670145 56.92847779489197 151.19420246227082 203 208.12268025716276 28207.573273884453 0.18640862363440647 28150.45838746592
120 1121.6922439525588 58.99794401934199 159.2843139372227 211 218.2822579565647 29105.656375095867 0.0 29046.65843107653
82 814.0991365298995 56.86082164766967 159.47099349592293 215 216.3318151435926 29443.059214826204 0.3164008742101032 29385.881992304337
124 1237.9129527920222 58.707760089346195 161.08759367286245 211 219.79535376220866 29025.451354000445 0.10379905544982648 28966.639794855655
189 1909.2837212250333 57.98299159028638 155.87612527622304 205 213.8591168665094 28355.91309626264 0.2686715950217149 28297.661433077326
150 1488.4993872947523 55.761572506260045 157.03390673228682 209 212.79547923854687 28799.414554711464 0.6032877907350667 28743.04969441448
170 1722.6514602820403 58.331073782660454 157.43382922957193 207 215.76490301223237 28567.060635894362 0.4367643880243577 28508.29279772367
93 902.004314081053 60.6644684340804 158.476470556171 215 219.14093899025136 29395.5999568531 0.032591058221441926 29334.902897360786
159 1551.5685691546755 58.910819587223926 158.32441897136988 209 217.23523855859384 28767.143543856524 0.0 28708.232724269295
137 1382.8085197191367 59.627494792676444 158.0827799843717 211 217.7102747770481 28946.609414626426 0.33468121407190665 28886.647238619677
122 1188.7186118248671 59.720748906802086 154.73263198790846 213 214.45338089471056 29141.754478054176 0.0 29082.033729147388
103 1003.3713875345574 57.609929815895775 159.5166084624822 215 217.12653827837795 29336.33504230429 0.0 29278.725112488395
186 1903.340285376392 56.76518318742386 155.97047606960564 207 212.7356592570295 28443.099217543222 0.0 28386.334034355787
197 1974.1150445315795 57.4844325363421 157.17657249611884 207 214.66100503246093 28396.38871726071 0.011297344727609016 28338.892987379648
174 1765.9093028069701 57.248693168155896 157.74976685343677 209 214.99846002159262 28612.83502927479 0.0 28555.586336106644
175 1772.6294423256516 61.18533767643345 156.0940276700901 209 217.27936534652358 28608.68033460763 0.1509471383781147 28547.34404979282
136 1382.7132379280215 56.222709018255046 156.93848804806464 213 213.1611970663197 29021.023200320426 0.0 28964.80049130217
36 334.65327021101734 59.1499067953911 165.97907545803665 225 225.12898225342775 30075.176758868267 0.0 30016.02685207288
146 1459.9456681864458 55.77807531193234 158.56970729192864 213 214.347782603861 28962.263777658824 0.08752252745944133 28906.39817981943
30 265.824637505549 64.14995661404741 172.1927583838451 227 236.34271499789253 30159.220256273013 0.0 30095.070299658964
110 1056.2226137145717 62.52647957614474 157.36221178447457 217 219.8886913606193 29372.18062547071 0.0 29309.654145894576
90 860.9978964961147 64.06712520761496 158.9199570899011 219 222.98708229751605 29570.694190770628 0.0 29506.627065563003
177 1782.4353632055818 58.67035655035081 154.3139391601089 211 212.98429571045972 28674.794712370036 0.0 28616.124355819673
207 2051.232310418896 55.05077689911513 156.08136896717355 209 211.13214586628868 28410.73945768687 0.38510440951904457 28355.30357637824
17 110.32572939262566 59.22898384030735 173.42283501089025 233 232.65181885119762 30357.63756982302 0.0 30298.40858598271
182 1875.151647375787 59.534009240106435 154.37872062794634 211 213.9127298680528 28601.86667229417 0.0 28542.332663054054
74 702.9252203187837 62.457427898364415 161.9707226161297 223 224.4281505144941 29805.493684788427 1.2115799443793094 29741.824676945685
130 1318.7185203086128 61.66287728194495 163.72318516415294 217 225.38606244609792 29190.48497835937 0.0 29128.82210107742
176 1782.2586995452018 53.34365843265975 158.73378076537793 213 212.07743919803767 28731.659782536986 0.03796366119217964 28678.278160443126
181 1858.0567030519715 54.55573539770651 156.99198066524022 213 211.54771606294673 28672.639472944124 0.0 28618.083737546414
105 1011.5560239502719 61.03506337969889 163.95023259108007 221 224.98529597077896 29523.26906596739 0.11798070084239498 29462.116021886854
169 1721.9948983190227 60.966361827172584 163.54034596490376 215 224.50670779207633 28831.150662346477 0.0 28770.184300519304
173 1749.4793882167573 58.81613983124595 158.9139969230976 215 217.73013675434356 28808.403218913605 0.015467592666027485 28749.5716114897
133 1331.198634263241 58.65644580621709 164.67343662145151 219 223.32988242766862 29234.562198197396 0.0 29175.90575239117
102 996.5920772972871 60.24719782544691 172.57930009598155 223 232.82649792142843 29584.326124437197 0.0 29524.078926611754
190 1917.9848999093454 57.73949660272658 160.1359656732867 215 217.8754622760133 28668.536961550628 0.0 28610.797464947907
126 1245.6636265882255 61.645406057143305 161.86549503867516 221 223.51090109581844 29341.359923877895 0.0 29279.71451782074
54 509.4032995996567 65.66805716367077 171.98031608623455 229 237.64837324990532 30079.978844705693 0.0 30014.310787542017
111 1060.917197045094 64.47508079513172 165.25796740966572 223 229.73304820479743 29532.76823227551 0.1086626775845616 29468.1844888028
118 1085.394472303946 60.878922985861 166.47685000033738 223 227.35577298619836 29518.05893668259 0.0 29457.180013696736
153 1521.2870529881047 59.89987751483714 161.82983013810642 219 221.72970765294352 29085.233406113894 0.0 29025.333528599065
65 670.1406008943117 62.85045534205886 170.12301129679338 229 232.9734666388523 29959.435571711914 0.14631484515598459 29896.438801524706
112 1061.40837574329 61.104136591268926 168.8489481245738 225 229.95308471584275 29568.63716108169 0.8388948591098142 29506.69412963131
209 2086.3539032327317 57.20047378076188 159.99240711675733 217 217.19288089751922 28559.382904245624 0.0 28502.182430464865
140 1399.9432064354187 64.35913147486262 166.47170533403403 223 230.83083680889663 29248.980983248002 0.0 29184.62185177314
132 1329.4063006493473 63.34218691155379 164.30135662428432 225 227.64354353583812 29334.869006123117 0.24141326647281858 29271.2854059451
128 1267.2315050239222 63.78052036294948 168.09696909084033 227 231.8774894537898 29417.917933660578 0.26527812338190415 29353.87213517425
205 2047.4526825390924 63.31781260375018 163.32874470798072 221 226.64655731173093 28645.57807362005 0.0 28582.26026101629
97 933.7933818377941 64.02881399088233 169.02461954675218 231 233.0534335376345 29760.11374205754 0.0 29696.084928066648
35 300.35575114484 69.28588105429353 174.95601144909247 239 244.241892503386 30395.392480412564 0.0 30326.10659935828
162 1590.451031487899 58.1829161749308 171.23300486019716 227 229.41592103512798 29125.125703668564 0.0 29066.94278749364
155 1531.5662248325357 65.49401255874514 171.6483854947161 229 237.14239805346122 29196.738531555282 0.0 29131.24451899653
157 1541.2071828546457 60.634299023332865 171.41208987426853 229 232.0463888976014 29188.145187102033 0.0 29127.510888078716
113 1061.704387152804 64.43841003063643 169.61320897804595 235 234.05161900868237 29677.804203987565 0.0 29613.365793956935
152 1519.5266600785471 59.03095533682625 172.20586947698453 231 231.23682481381076 29222.44850137292 0.5346761043001607 29162.882869931822
61 588.9844114209722 68.41028061453629 177.04768176895095 241 245.45796238348726 30155.317154242246 0.0 30086.906873627722
106 1013.0820312600724 65.94182106403538 178.32988577114648 237 244.2717068351819 29732.95457523458 0.0 29667.012754170533
89 856.0775749916085 68.33777027577686 181.53914072019677 241 249.87691099597362 29901.174702840613 1.450923671646251 29831.386008893187
87 854.606219431518 68.84336957122133 181.7324878568738 243 250.57585742809513 29908.43093382421 1.4113238027803163 29838.176240450193
69 684.7900690519949 66.27117062688421 181.68812115735938 245 247.95929178424362 30080.165139434685 0.0 30013.893968807806
51 500.9478139744351 71.95062345060661 186.12569876620432 251 258.0763222168109 30270.440307650766 0.954455393971898 30197.53522880619
44 430.4948670626581 67.88577807316035 196.03708989356062 255 263.92286796672096 30344.378386206412 0.354786837430936 30276.137821295823
