# Cpu scheduler: srtf
# Quantum: None
pid arrival_time cpu_bursts_time io_bursts_time nbursts bursts_time tat ready_wait_time io_wait_time
5 19.662671682628314 45.99537042841245 33.92697033368583 5 79.92234076209829 259.48372832485836 76.70265314175774 136.7857047546882
12 55.84816844582932 55.44308924432078 43.33310599835184 7 98.77619524267263 364.8798876428105 55.04057955745221 254.39621884103747
10 49.49790128797571 92.09452133089292 89.27893116121201 13 181.37345249210495 829.8126926037344 64.61816154681733 673.1000097260242
1 1.6444073636871162 111.27426432392427 103.72680368794792 15 215.00106801187218 959.6500411444429 121.20268325816326 727.1730935623553
6 23.62520861515241 122.28996812561977 104.85970712034846 15 227.14967524596824 1009.9577196358855 112.17294839516377 775.494803115102
62 529.8173650738452 39.71773412460125 106.66190603032068 151 146.37964015492193 11199.10903348318 0.0 11159.391299358578
2 4.718396632629624 51.45107587869126 137.54681158400507 183 188.99788746269633 12223.473135996885 0.40924269606165176 12171.612817422138
42 283.3783690891283 45.43453881668299 120.64585297797441 165 166.0803917946574 12159.370785778448 0.0 12113.936246961766
41 272.85110500612143 45.413882759896104 122.26504892435136 169 167.67893168424752 12451.564778758371 0.0 12406.150895998477
32 185.26193056815154 48.73294550950596 126.22233914101739 171 174.95528465052337 12549.334154595992 0.16347037926760777 12500.43773870721
28 141.48688294956926 42.853150959592334 129.5171663263873 173 172.37031728597964 12650.376250064155 0.15301548181875546 12607.370083622745
26 133.29683674615595 46.46653994866559 130.25665284763687 177 176.72319279630247 12911.68231822093 0.06825274752725363 12865.147525524737
21 95.08064004249223 49.0385762115759 137.59191216984985 181 186.63048838142578 13130.838429476324 0.18369282484236749 13081.616160439902
3 13.534573908556553 54.8011587493809 143.77818776944994 191 198.57934651883087 13228.025833619908 0.0 13173.224674870526
0 1.6444073636871162 53.30889776967791 152.10631103370832 201 205.41520880338626 13248.667261162274 0.92530281878126 13194.433060573812
47 361.4618151892748 48.08769761362895 124.03449528846093 175 172.12219290208986 12905.722952228882 0.0 12857.635254615256
102 950.3026072436445 43.756493241598164 129.51639894198712 171 173.27289218358527 12635.597548530664 0.2296352281500731 12591.611420060915
65 568.9217523788371 49.59236016169574 133.70305697120978 177 183.29541713290553 13065.074342510283 0.0 13015.481982348587
8 32.858184177135726 55.33399983298707 143.5767144607469 195 198.91071429373397 13765.455357390136 0.14752227685767139 13709.97383528029
101 928.7437954220605 44.427303232679805 128.6145292356427 175 173.0418324683225 12909.497147215103 0.0 12865.069843982425
34 200.92066891717116 50.73591183316985 137.93964637515202 187 188.6755582083219 13642.126773844417 0.0 13591.390862011247
104 971.1326853189446 48.59721846038894 128.62263769238294 175 177.2198561527719 12905.054651176448 0.0 12856.457432716057
53 383.20618923823594 57.00147874657301 141.0899332962831 185 198.09141204285612 13581.388680602076 0.0 13524.387201855505
9 48.881656367002236 55.32879312629211 145.20795993194187 197 200.536753058234 14001.416323744204 0.0 13946.087530617917
50 369.23098849653 51.90173052662025 139.3675863303214 187 191.26931685694166 13690.643081685808 0.0 13638.74135115919
51 375.9958365033831 51.33228056063007 138.2586373298528 187 189.59091789048287 13689.053776494487 0.473378333830226 13637.248117600027
55 426.89666388184764 49.639586635182994 138.83313746421047 187 188.47272409939347 13685.255685561004 0.2378113913184734 13635.378287534497
74 656.7197598503806 46.93790888819835 135.1481591491179 183 182.08606803731624 13460.491360731081 0.0 13413.55345184288
70 622.2478751612199 51.12078091097864 140.47060944586977 185 191.59139035684842 13571.24933547548 0.2756413636302568 13519.852913200873
43 304.4342095761294 53.876090801682 142.46993669482296 193 196.34602749650495 14029.511877332663 0.2747785276611694 13975.361008003318
37 222.33499663390248 51.22170982824636 149.72544760571387 195 200.94715743396023 14125.245250883338 0.434763885916027 14073.588777169169
45 330.32639711090616 56.66810155556279 139.26931345964078 193 195.93741501520356 14033.792727424317 2.5546626368577563 13974.569963231901
67 570.8170755034569 53.796791067513624 135.12602388593973 189 188.92281495345338 13808.13844723477 0.0 13754.341656167258
103 954.4125031841635 51.58575294588472 137.56540857978018 185 189.15116152566486 13495.874743373279 0.18188776790645989 13444.107102659485
44 308.8667339109127 52.50868205124894 143.5435597109316 195 196.05224176218053 14146.547692582122 0.0 14094.039010530876
94 850.5949735304181 50.33418878285613 135.68544263002426 187 186.01963141288044 13643.837749561113 0.0 13593.50356077826
4 14.065437445593783 52.852497896171045 153.65045199875075 211 206.5029498949218 14489.375503043237 1.2491068800898546 14435.273898266976
58 469.32851668631986 56.802263423051606 145.8147961374567 193 202.61705956050832 14038.013168179572 0.0 13981.21090475652
30 154.9256972363254 55.135378129119296 150.13737333682974 199 205.27275146594906 14355.39855535462 0.016021637769824792 14300.247155587735
96 892.2929292353938 48.37316545743791 141.30905121318622 187 189.68221667062414 13631.792022314803 0.0 13583.418856857366
84 792.0011981346206 51.08612809920556 143.64011065055286 189 194.7262387497584 13769.983953443189 0.0 13718.897825343976
66 569.0619219302499 51.44330096140906 146.34487755527454 193 197.78817851668362 14026.801082659236 0.26567355391102865 13975.092108143916
68 581.7035160472167 54.926848856420605 143.23166516195354 193 198.15851401837415 14027.091567302241 0.0925239760747445 13972.07219446974
15 71.87856211056815 55.89238654764601 152.12137525206293 205 208.0137617997089 14545.759599643769 0.0 14489.867213096122
100 926.6053253054495 52.09839006228211 140.46797089954455 189 192.56636096182658 13717.324295118158 0.0 13665.225905055877
95 860.4825934571078 47.83405148131383 145.89426429542732 191 193.7283157767411 13835.80429713352 0.0 13787.970245652205
48 366.3063696189514 50.59829969319965 151.35230010159682 199 201.9505997947965 14342.573233290877 0.0 14291.974933597683
16 72.52057163126129 56.313933301406934 152.8189728299264 207 209.13290613133333 14641.648255814158 0.2520112243933852 14585.082311288359
11 50.20222679506065 57.863599313261176 156.99309320411294 209 214.85669251737409 14665.114833663689 0.31574075652785893 14606.935493593899
17 75.39626963627867 52.57114316532123 152.75842531195923 207 205.32956847728047 14653.908836569573 0.0 14601.337693404252
20 92.1606880946021 58.74524720073483 154.48834588521623 207 213.2335930859511 14670.995007188885 0.21961683091524264 14612.030143157233
13 58.7518699469322 59.23265862463501 152.69816621471335 209 211.93082483934836 14710.545997999177 0.5419231922384142 14650.771416182306
40 232.98275000413582 51.44435072083892 152.33919293927622 203 203.78354366011513 14553.463421612623 0.26033530381533865 14501.758735587973
22 99.42282271713803 55.12713669947472 158.14722114052967 207 213.27435784000443 14688.486725149583 0.0 14633.359588450108
57 462.3272092497122 55.90790570058785 150.32614102041194 199 206.23404672099977 14328.515770312211 0.0 14272.607864611615
52 377.48965590030593 53.472300642536304 150.68022013629295 201 204.15252077882923 14432.457200020955 0.9541918446710724 14378.030707533751
33 191.83669915020616 60.21318191067241 157.14797598865286 205 217.36115789932535 14624.069056303186 0.0 14563.855874392517
56 440.5926600473299 59.24793917931351 148.54972215867537 201 207.79766133798887 14406.134308409506 0.417805742823532 14346.468563487377
39 229.6282675480325 61.505845614498995 154.71841954901222 205 216.22426516351123 14620.221485447517 0.07220247990636608 14558.643437353106
91 826.6503571271825 51.47165482016568 143.51093970513617 195 194.98259452530186 14028.4886803718 0.5596588857832785 13976.45736666585
92 833.4917448502221 53.061154122668 145.8972364206218 195 198.9583905432898 14025.33918677311 0.0 13972.278032650445
85 793.2699871918982 51.996766926889386 148.9645674461458 197 200.96133437303516 14110.550382031433 0.0 14058.553615104545
87 804.2650705759272 57.98643342784386 149.6994869809745 197 207.68592040881836 14104.033120284195 0.0 14046.046686856347
18 75.9147591059072 66.41333068142345 158.13246210759556 213 224.545792789019 14879.883070926784 0.7447985133759261 14812.72494173199
35 204.4084418192705 56.47743068264676 157.81973038380735 209 214.29716106645407 14760.675506388985 0.0 14704.198075706332
75 659.0142516449608 58.583413653845604 147.5539722062375 201 206.13738586008304 14319.523540086931 0.08258928532006848 14260.857537147773
24 118.66114279773763 59.098509326501556 159.23994849672692 213 218.3384578232285 14889.60517915992 0.0 14830.506669833423
38 223.4232770483174 66.10241239750178 156.8058924333367 211 222.90830483083846 14809.173073451682 0.41927279176661614 14742.651388262422
83 769.6257830927588 55.56707414472173 151.5666850791642 203 207.13375922388593 14315.22397365746 0.4540601142389278 14259.2028393985
63 540.7360816801064 56.73303508019952 154.6321283098129 207 211.36516339001247 14557.42921592199 0.0 14500.696180841785
90 822.6551243016195 60.555002936837816 150.3341995566579 203 210.8892024934957 14279.932893610478 0.0 14219.377890673639
14 60.74138774668734 61.765666798299215 159.54372067686734 219 221.30938747516655 15044.686639387279 0.040749649147699074 14982.880222939828
93 838.6343073052873 55.47814937864596 150.95131611490828 203 206.42946549355423 14271.573062271182 0.0 14216.094912892539
80 730.3459286089366 57.15825969364471 149.6206236899675 205 206.7788833836122 14387.8566523649 0.5107156991440434 14330.187676972111
69 618.5723890923033 53.12622899687403 147.7326371386827 207 200.85886613555675 14508.102860989437 0.27043747957793585 14454.706194512983
73 646.4464010725984 56.74691161488916 159.46477086037487 207 216.211682475264 14498.8174960316 0.0 14442.070584416713
88 808.0496824718966 55.91175363026883 151.99496638032625 205 207.90672001059505 14341.50800370727 0.41480641074986124 14285.181443666259
60 497.93017318121287 56.92828793510603 152.79236291515795 211 209.720650850264 14683.676021513313 0.459350495854153 14626.288383082354
76 678.2213110468786 58.01153426604896 156.74826336724027 209 214.75979763328922 14521.040091783247 0.0 14463.028557517193
29 143.73177250099246 59.65768360734351 162.05962299428944 219 221.7173066016329 15060.259449685169 0.03508050327755541 15000.566685574544
23 99.84989125407263 61.31791805176816 167.07511703852722 221 228.39303509029543 15104.914723151996 0.4306911379537297 15043.166113962272
59 478.7481684504093 59.46285383339318 155.47417395156504 213 214.9370277849582 14732.719328339208 0.0 14673.256474505817
98 910.7439042588122 55.75682133151009 153.17175713207135 207 208.92857846358135 14311.190972228991 0.0 14255.434150897485
49 368.31802291932473 60.15354401286572 165.52454346241723 217 225.67808747528292 14878.841776938467 0.0 14818.688232925595
7 30.733176238072293 64.42648492663396 172.69489716439776 231 237.1213820910317 15244.70686147656 0.24857598825406058 15180.031800561666
79 728.3071437892789 61.12021946554746 161.4817476193801 213 222.60196708492757 14550.671353786956 0.0 14489.551134321413
19 82.64009683952813 61.545642322170565 170.04282937802844 227 231.588471700199 15211.281941931296 0.15598720862712412 15149.580312400509
81 745.5905398096144 57.13153399908114 160.48917348574437 217 217.62070748482552 14592.470262952422 0.0 14535.338728953338
71 623.6858393364056 58.94954754653994 166.2349411828263 219 225.18448872936625 14716.259813655472 0.0 14657.310266108934
86 800.8116614377456 63.24915680060278 161.6387512431676 217 224.8879080437704 14548.959938933736 0.0 14485.710782133136
54 394.23937599725025 61.41422658269536 166.23883831911604 225 227.65306490181138 14977.873089810193 0.4100921296658271 14916.04877109783
82 747.3084744743904 64.30781203756347 165.6436779224985 221 229.951489960062 14642.448910246632 0.0 14578.14109820906
99 912.043489407453 60.923907109896426 164.58911816909756 219 225.51302527899398 14479.217743315092 0.0 14418.2938362052
36 220.59030493220507 67.38528593110618 171.33855613904745 233 238.72384207015358 15194.831216550516 0.0 15127.44593061941
46 334.85655564553906 63.20924201146266 182.325460055231 233 245.53470206669365 15103.976327758244 0.3741115917825937 15040.392974155004
31 163.4553195382627 63.13996595067026 177.3278619424915 237 240.46782789316174 15279.067044157877 0.0 15215.927078207205
89 811.5344389987247 62.453717413055976 170.03127541249853 227 232.4849928255545 14640.82164280573 0.0 14578.367925392666
27 138.2505123566269 64.91401982625672 183.9787844244408 241 248.8928042506975 15324.388840051766 0.0 15259.4748202255
97 896.6533490122802 63.5147194274163 171.0988017545285 229 234.6135211819448 14571.948307259596 0.0 14508.433587832182
77 690.534127359543 61.03734088340264 173.43628178577376 233 234.4736226691764 14785.726485596251 0.16870738823274678 14724.520437324609
78 724.8054982946891 70.55724078855216 177.16613047183773 233 247.72337126038985 14753.059468148924 0.0 14682.502227360377
25 127.68776863147656 71.12021591982148 179.78305511100186 245 250.9032710308233 15354.15709210808 0.0 15283.036876188258
64 541.9953986392733 66.61712099961976 173.2705451196438 237 239.88766611926346 14940.839461445677 0.03991426194943415 14874.1824261841
61 515.0725559972223 66.87812378140815 174.5106350906558 241 241.38875887206393 14972.67157532737 0.0 14905.793451545962
72 640.8186867338746 68.42537100418174 184.31438120910659 243 252.7397522132883 14853.21753093555 0.0 14784.79215993137
