# Cpu scheduler: srtf
# Quantum: None
pid arrival_time cpu_bursts_time io_bursts_time nbursts bursts_time tat ready_wait_time io_wait_time
1 1.2222929281267798 69.36095118140952 40.90054055953392 7 110.26149174094343 274.1595290169231 85.81021183564715 118.98836599986643
2 4.158236428643878 70.85274381791966 43.10978762136447 7 113.96253143928412 349.3352760624012 142.5268129748523 135.95571926962924
3 10.05978158425036 74.73102075788637 66.13494621790161 9 140.86596697578796 415.37318088979873 130.19828963726513 210.44387049464717
6 13.615889920512295 88.8079671311809 55.248089437565305 9 144.05605656874621 511.1557782457713 150.7515517427924 271.596259371798
4 12.05545079696429 132.82947382137178 129.6086682243347 17 262.4381420457065 1643.1171250272487 408.5873226121701 1101.700328593707
25 192.05358015041455 48.67833994305502 113.68615888389456 161 162.3644988269496 11693.876156485918 0.33489330804673045 11644.862923234816
20 146.24167382961608 48.65407873465126 125.64756229546944 165 174.3016410301207 11900.488191921715 0.0 11851.83411318706
7 32.14099402533594 48.429861385649644 136.2783290357194 179 184.70819042136904 12306.045130678314 0.023957077627756007 12257.591312215038
22 149.62103045254358 46.24973249077372 125.63240332652958 169 171.88213581730332 12206.48681104263 0.0 12160.237078551856
5 13.01757962523411 52.909510351057286 141.9492257850174 193 194.8587361360747 12619.407063036399 0.24354808432417485 12566.254004601013
69 538.4350038499964 40.6156263335813 125.5657724348186 163 166.1813987683999 12138.1361643254 0.0 12097.520537991817
71 567.8858997801663 43.89785604519855 123.87661546550875 163 167.77447151070731 12155.58530437831 0.0 12111.68744833311
0 1.2222929281267798 58.540232743583566 158.56540903686852 207 217.10564178045206 12861.724680609776 0.38260554892755394 12802.80184231727
88 781.7179661801222 47.159092411343394 122.20825482434064 163 169.367347235684 12193.251112479917 0.0 12146.092020068576
45 395.62601009712716 49.99050058575872 127.08249061729825 173 177.07299120305697 12771.693580451485 0.0 12721.703079865722
23 162.22715817374473 51.12947778161935 133.2722821837626 181 184.40175996538193 13065.185446671616 0.3527419236532978 13013.703226966343
81 698.899935061 46.100190497779224 122.58873757967184 169 168.68892807745107 12607.279948409023 0.0 12561.179757911235
18 130.5499436092528 52.85300508836721 133.76591626929445 185 186.61892135766163 13255.237729187875 0.0 13202.384724099507
78 667.1314673443019 43.49867490287123 124.36790921037878 171 167.86658411325 12736.363933849107 0.23797336891027498 12692.62728557732
94 888.877702272649 50.40120027797732 130.34873409926203 169 180.74993437723936 12610.932102282724 0.0 12560.530902004743
53 451.7030289372779 51.51128896414475 137.22481930305125 177 188.73610826719596 13077.134133394151 0.6258778350096463 13024.996966594998
35 254.40670546974908 50.9463246239508 136.26512662610918 183 187.21145125005995 13353.009337931668 0.27903163152484467 13301.783981676193
13 91.88544660082502 53.56625770132332 143.7408957129907 191 197.30715341431397 13550.524710036207 0.7015575428650607 13496.256894792012
44 384.8314631096936 47.3225798965867 132.71567325730305 181 180.03825315388974 13295.635999160719 0.44035414674300455 13247.87306511739
102 978.0199014637394 45.542130401232846 128.2082012130738 171 173.75033161430665 12729.802102865931 0.0 12684.259972464704
89 817.7109039162492 50.065071354515396 129.51141320902354 175 179.57648456353894 12985.669134667412 0.27851495685445116 12935.32554835604
91 852.6283000005943 46.11541491416822 132.07215937766136 175 178.18757429182958 12994.65805095418 0.0 12948.542636040009
28 228.04935692177986 56.24749674235998 140.1063244754104 189 196.3538212177704 13690.754325625621 0.4699420052373 13634.036886878022
31 235.4245631573251 53.47247593296233 143.58649239971743 189 197.0589683326798 13689.36511654842 0.04395427795859064 13635.8486863375
60 480.21664024176835 50.38243666319813 136.5333082344013 183 186.91574489759938 13446.16717292565 0.007406990072354347 13395.777329272378
63 494.5612488956057 52.58849668159728 136.91590376204155 183 189.5044004436388 13455.286584170826 0.0 13402.698087489227
38 271.1522902345816 52.9729777070102 140.49170262138108 189 193.4646803283913 13735.124686295543 0.32288959082848123 13681.828818997703
58 474.02916169746925 45.57723208276064 140.80685507616823 185 186.38408715892888 13562.00068663803 0.0 13516.423454555275
65 514.1661365958576 50.00442707130359 142.55791279066005 185 192.56233986196364 13566.981007529354 0.0 13516.976580458044
9 46.06509955105882 57.21772191061608 152.80935041999103 203 210.02707233060715 14040.345491554302 0.32441752029797044 13982.803352123383
67 528.220739141734 53.832761508514366 133.11725390973362 185 186.95001541824797 13568.412424153177 0.0 13514.57966264466
14 97.01524345620591 55.142441302394985 151.59798391492797 199 206.74042521732295 14033.76699277794 0.789159149302094 13977.835392326248
12 72.83348663973696 54.284033483395596 156.0443619973166 203 210.3283954807122 14131.068296600151 0.4448416261623578 14076.339421490595
39 276.4653366179637 54.578872750564514 145.58342268420927 193 200.1622954347738 13950.157793686001 0.0 13895.578920935437
15 103.34244199885372 56.48832711671453 155.70916058230011 201 212.1974876990147 14146.878327091768 0.7225480717993378 14089.667451903257
84 715.2873714008801 48.15055989618093 144.4547312444239 185 192.60529114060486 13573.57796114863 0.0 13525.42740125245
74 660.101413865924 46.410787088446384 140.8538541239452 187 187.2646412123916 13669.1669071496 0.031132080555153152 13622.724987980604
27 210.62020875773118 52.46459483550131 148.17100439800763 199 200.6355992335089 14207.591227843806 0.519109864867346 14154.607523143428
17 120.8698162463058 55.19619363332404 151.46780255841574 203 206.66399619173978 14302.557652065627 0.5780154663776358 14246.783442965927
30 234.66702967295646 55.178615465811134 150.32014154650255 199 205.4987570123137 14209.910866766506 0.0 14154.732251300691
61 490.63034947362775 53.83565521769577 146.6920907486813 193 200.52774596637707 13972.738384829241 0.2385286643325344 13918.664200947222
70 555.8199637376326 50.42285703488542 145.03124780058778 193 195.45410483547323 13964.677683452821 0.35521102585801145 13913.899615392078
101 969.8134780985961 50.75953228913816 138.24361538535715 187 189.00314767449532 13574.541196396662 0.0 13523.781664107531
73 643.5337912319058 55.363342504647115 141.97134412419217 193 197.33468662883928 13945.350975982748 0.0 13889.987633478102
57 468.89247361052725 56.29167112657255 144.71263781636483 197 201.0043089429374 14146.998016637288 0.26069219936937316 14090.445653311344
48 411.5095596556217 54.34980563045087 153.19042610578086 199 207.5402317362317 14237.704044608225 0.0 14183.354238977778
46 401.4512106694593 55.899259668557576 147.18288245115207 201 203.08214211970966 14311.722007352166 0.41755909023288496 14255.405188593375
21 147.00972498246242 52.56685677239217 158.83363554450398 209 211.40049231689613 14590.96832864637 0.0 14538.401471873978
86 750.3153863482248 54.94884523570396 145.14630108311368 195 200.09514631881763 13996.299952721503 0.0 13941.351107485798
19 131.32352654043896 62.55150510326139 158.8854823550675 211 221.4369874583289 14637.35098272969 0.5112907249405794 14574.288186901487
104 989.3319428144384 52.39408459535565 144.74871795260924 193 197.1428025479649 13821.970102018922 0.8911051430043244 13768.68491228056
26 205.29259253294381 56.28389364281089 155.23625873144232 209 211.5201523742532 14618.570438216335 0.0 14562.286544573522
92 861.0988327120252 54.693716274315676 144.0637944853078 197 198.7575107596235 14033.24738663226 0.4191462033742255 13978.134524154559
36 264.9066847909961 59.78846085917993 159.8984909306572 209 219.6869517898371 14635.316240864027 0.0 14575.527780004855
37 266.6389285590151 55.770945307308715 153.31819545164853 209 209.08914075895729 14637.193884683702 0.0 14581.422939376394
8 43.14206082670481 62.817706923839005 170.32575398068823 223 233.14346090452722 14917.679278122476 0.0 14854.861571198635
50 435.31606459801645 59.029104855669246 156.55615473610365 207 215.5852595917729 14538.392273423196 0.22294143758915652 14479.140227129943
33 243.55858806349278 61.845764064698045 159.22797791380924 213 221.07374197850726 14765.753103860861 0.4474115148809119 14703.459928281281
42 320.8722424057294 59.568410600227246 155.29823075921536 211 214.86664135944258 14695.002567921902 0.0 14635.434157321675
76 665.1135372082936 61.098545376691824 153.06890596085745 205 214.16745133754927 14384.072970263689 0.2969923856412606 14322.677432501352
72 585.0892922958317 59.84283203890894 156.11685352612275 207 215.9596855650317 14486.079765163704 0.45512957913388163 14425.781803545655
62 491.6976894895481 53.50882774681547 161.7389276578099 209 215.24775540462537 14582.680551706113 1.324390021975887 14527.847333937323
85 728.0155543191561 57.02490187322108 148.0574520335287 205 205.08235390674977 14358.102684983602 0.0 14301.07778311038
10 63.649352217355656 61.12145912501436 168.83316506074573 225 229.9546241857601 15024.470430862944 0.05978172487914435 14963.289190013053
16 116.9961932634699 62.53236133638699 166.86542643985044 221 229.39778777623746 14976.416756305976 1.1749339082032009 14912.709461061388
77 666.0361055290937 55.71319477772883 158.43177783825587 207 214.14497261598473 14444.051267788005 0.30795556869088614 14388.030117441584
11 71.14322543965154 63.63608664373134 172.61788523253924 227 236.2539718762706 15080.325686135868 2.872807224751142 15013.81679226739
97 933.8122951816944 56.92980532071917 154.21660715906893 205 211.14641247978813 14226.856991989871 0.2713451273953069 14169.655841541757
41 305.6965786102055 58.4142511015861 160.450559814142 217 218.8648109157281 14872.762546893275 0.4147615273541305 14813.93353426433
49 424.65675526423934 57.018499068299775 160.63705443990526 215 217.65555350820506 14770.587486965362 0.02466516104237826 14713.544322736023
87 758.663126024567 53.06410953361029 159.26474002028158 209 212.32884955389187 14437.934368827882 0.0 14384.870259294268
54 461.04916886573557 60.63548503693899 156.71816476134882 215 217.3536497982878 14749.179548510816 0.0 14688.544063473882
47 408.371129960719 56.096208275174234 161.40932556778714 217 217.50553384296137 14824.29483682952 0.0 14768.198628554348
93 884.8810043927805 55.642604548811036 155.14721901506556 209 210.7898235638766 14356.105803412573 0.0 14300.463198863763
100 963.8763539318558 60.42206524652319 153.54012453446217 209 213.96218978098534 14300.442973747382 0.3110933351740641 14239.709815165683
51 439.2111502817833 65.16852182188283 163.72632796776603 219 228.89484978964882 14843.933373964865 0.0 14778.764852142982
40 276.6904429369203 63.764482626136626 163.40527674435234 223 227.16975937048892 15012.18798615814 0.05297893565978029 14948.370524596345
52 442.1984275836541 62.712965943946585 167.32013743262132 221 230.03310337656796 14878.969525164091 0.11858268709738695 14816.137976533051
55 462.4598893618249 59.9937757413683 168.47550987185753 221 228.46928561322582 14861.745178721714 0.0 14801.751402980346
43 378.49626490162007 60.787998831607055 169.01204617955221 223 229.80004501115923 14948.283382205924 0.0 14887.495383374313
98 961.0360947373875 59.38139314274832 159.01794057536205 213 218.3993337181104 14370.445813955152 0.0 14311.06442081241
99 963.4398174277147 61.274188775306335 159.8458484246173 213 221.12003719992362 14372.689487631167 0.0 14311.41529885586
80 695.1305136721409 60.76518590414147 155.53087585740738 217 216.29606176154886 14642.910680245814 0.0 14582.145494341674
96 913.8125415106142 58.69146454651049 159.79839277398108 215 218.48985732049155 14439.609869267908 0.0 14380.918404721402
75 660.460771753225 55.8308744804335 156.79768323247362 219 212.62855771290708 14694.962189102658 0.0 14639.13131462223
66 520.9795425584367 64.86351623042337 171.24213685446998 223 236.10565308489333 14855.279926843457 0.0 14790.416410613034
29 234.63522651406248 67.72141372602216 172.39603251785678 231 240.11744624387893 15150.385689580244 0.14609197385948391 15082.518183880366
82 700.3497079303587 66.40057769838145 164.88132774182586 221 231.2819054402073 14688.699308348481 0.748956627365942 14621.549774022737
64 497.2419684348211 58.76537393374429 163.48905471647586 225 222.25442865022018 14892.610334850038 0.0 14833.844960916293
32 243.37315973039304 69.89653884469367 180.2012870784874 235 250.09782592318103 15176.14434624567 1.1707474513901275 15105.07705994958
59 479.9097442645542 66.44397706466455 175.87119970933654 229 242.3151767740011 14940.898712052936 1.0749457647254417 14873.379789223547
24 191.13194756752623 63.054467478747256 179.6163001359503 239 242.67076761469758 15250.609012360454 0.9403893518992845 15186.61415552981
34 249.5083214984587 66.54520727724669 177.82215285292034 237 244.36736013016707 15193.206913272546 0.0 15126.661705995304
79 673.7634219991436 59.36786327470387 171.46024718528884 233 230.8281104599927 14795.436387754402 0.07773500041741954 14735.990789479285
83 706.4737614078033 66.47462626583697 171.13101003153767 233 237.60563629737462 14766.440060908144 0.10016508981584593 14699.865269552494
103 984.0525046753235 63.37458439861221 174.0430449813578 233 237.41762937996998 14504.340433979061 0.0 14440.965849580456
90 845.9104588506822 64.43011777977738 177.17561918167317 237 241.6057369614506 14649.184572717895 0.0 14584.754454938122
95 898.5652911377183 63.243971046011644 175.52436204019145 237 238.76833308620306 14598.526835129189 0.0 14535.282864083178
56 464.40929112017005 66.84404639433863 185.7464199387928 249 252.59046633313147 15041.607142885001 0.0 14974.763096490662
68 536.617680477931 68.41662888616521 183.88759040311436 251 252.30421928927956 14972.860091706641 0.6055476172274439 14903.83791520325
