# Cpu scheduler: srtf
# Quantum: None
pid arrival_time cpu_bursts_time io_bursts_time nbursts bursts_time tat ready_wait_time io_wait_time
7 53.006514607415625 59.92841733865953 42.11381870863836 7 102.04223604729789 362.9668459091013 82.1804428496816 220.8579857207602
16 110.47036690961647 69.08431636114834 70.68194707895955 9 139.76626344010788 488.07324130671157 24.30760791748682 394.6813170280764
11 82.3967262801915 81.19260025851068 63.45826035163235 9 144.65086061014304 560.7986806834045 77.40369999714041 402.20238042775344
14 101.18205039788243 90.20454315759666 89.77483559734173 13 179.97937875493838 945.4115595875217 78.24435640993971 776.9626600199853
1 10.678818969850642 131.30098703953087 103.4679244167068 17 234.76891145623767 1089.971337979208 87.19425707095105 871.4760938687261
0 10.678818969850642 48.85042820876056 127.27110253989764 171 176.1215307486582 10750.698892489418 0.7876636422650751 10701.060800638392
3 23.220260267493316 47.2590718294154 123.64001296255661 169 170.89908479197197 11237.521145393717 0.29960426987602773 11189.962469294429
79 605.2261815652727 38.083429147318405 107.64528466849644 147 145.72871381581487 10969.119227295227 0.008421225948723077 10931.027376921958
8 61.26895197270566 50.47847441158759 131.8642570995416 175 182.34273151112922 12366.739028152062 0.0 12316.26055374047
59 481.6900473914719 44.58097218070544 124.21915680016032 163 168.80012898086574 12122.078913181456 0.0 12077.497941000753
40 301.5330977638232 44.44497781240215 123.93787302960877 171 168.3828508420109 12643.72365647609 0.0 12599.278678663688
45 348.0114847651623 49.82053037027182 125.76736610095473 171 175.58789647122657 12670.9732598136 0.22013735497552034 12620.932592088353
28 183.07923363430328 47.519112846811225 124.12235201152411 175 171.64146485833533 12858.607065986624 0.1211171545326124 12810.966835985282
2 13.024545636564515 53.26982299236311 147.26557604631296 201 200.53539903867596 13042.372747814487 0.9577116413774611 12988.14521318075
33 232.61541553514496 50.7817240469692 129.41591926592614 175 180.19764331289534 12908.6531946773 0.13503726272796257 12857.736433367601
66 526.5396770493975 46.18446811193484 126.05457494019721 171 172.23904305213205 12686.94589879524 0.0 12640.761430683307
53 445.8281280693862 47.711341506833286 129.77070588808047 173 177.48204739491376 12804.910166901356 0.02464637579646478 12757.17417901873
10 75.14869701187585 49.182069273542695 138.9029006895444 185 188.08496996308708 13277.954037445244 0.10578730705739758 13228.666180864648
39 297.5395982857176 48.26883880935205 133.56252553680213 177 181.83136434615415 13060.693359468863 0.0 13012.424520659513
57 465.7907434190194 48.45262005068204 129.31362465535815 175 177.76624470604023 12958.597480548908 0.8708127569959743 12909.274047741234
62 497.9953066127342 50.68828404060471 131.00441113023402 177 181.69269517083873 13080.628617266424 0.0 13029.940333225819
37 272.92653499746814 51.50153609403085 134.93704255499696 181 186.43857864902782 13327.335747137642 0.0 13275.834211043617
13 90.1514944382326 48.277193844448675 138.83183656166452 189 187.10903040611316 13608.747438613616 0.0 13560.470244769167
5 48.75855025181364 53.29377788314802 151.3567991302462 195 204.65057701339424 13652.011095402606 0.24744407700678295 13598.469873442455
60 493.43588883862986 49.161996228774925 131.72431053340767 179 180.88630676218256 13209.102508859398 0.11047721485658712 13159.830035415765
83 652.5042557266125 50.46355333156225 130.89516037654437 177 181.35871370810662 13076.728048870655 0.0 13026.264495539093
26 170.38462070908938 56.014914273666406 135.39599513625535 187 191.41090940992177 13640.204412409023 0.22443370459825474 13583.965064430748
25 170.25554687376862 53.59603334633144 139.1532246602047 187 192.74925800653614 13646.353736742798 0.8435253980761104 13591.914177998391
104 800.4012602979604 47.586976358065186 132.3391629860635 177 179.92613934412867 13049.211111142966 0.0 13001.624134784903
42 322.8761848950815 50.46735778946772 139.81672082291266 185 190.2840786123803 13552.244864175826 0.0 13501.777506386356
43 324.745306873775 52.36326076389483 141.11489806354848 185 193.47815882744328 13553.304074298507 0.0 13500.940813534611
6 50.69745834250276 56.83249140572662 151.51405319490215 199 208.34654460062876 13894.876020213616 1.0676895027100386 13836.975839305182
4 33.487011488490836 58.04012985201519 151.2617325744781 203 209.30186242649327 13970.398213548582 1.221920866029997 13911.136162830542
12 85.5035378546357 53.01445108191534 148.5747688023422 195 201.58921988425755 13939.373128109193 0.0 13886.358677027276
65 518.4928068464203 52.714534103629944 135.91893708691148 185 188.63347119054146 13551.716593123438 0.45403063361573004 13498.548028386193
9 74.24630284638914 49.3906318229047 151.02057697095833 199 200.411208793863 14097.835200992247 0.5989964066488369 14047.8455727627
56 465.69425807925165 51.96220558392007 139.218819574389 189 191.18102515830907 13777.533598368764 0.38808513884305285 13725.183307646
80 610.6861209920869 51.11074780142265 142.39799403334646 187 193.50874183476913 13639.824014509904 0.0 13588.713266708484
19 135.1214596593163 49.39783658856122 143.43871253637894 197 192.83654912494018 14138.111891204146 0.08833491437349039 14088.625719701213
30 192.66429762501616 55.5246023172679 140.0922459088848 195 195.61684822615268 14087.451995083216 0.06801960382011885 14031.859373162126
47 401.3347385362877 47.3537806266383 145.33593180251762 191 192.68971242915592 13887.443176841223 0.0 13840.089396214584
50 409.1557435839386 50.9750842707751 144.0282637545275 191 195.00334802530259 13891.058816670553 0.0 13840.083732399775
97 727.1108827908754 50.30890779942913 142.13141871823854 187 192.44032651766764 13608.637817866853 0.09786360281373163 13558.23104646461
76 594.8217726914145 49.526686809963884 134.6822063386385 189 184.2088931486024 13753.684622074812 0.0 13704.157935264848
84 671.3158246751608 51.539079040977455 139.417152201473 189 190.95623124245037 13713.35939004848 0.0 13661.8203110075
49 408.26067865467394 57.11798319010435 142.99221481341846 193 200.11019800352278 13986.577967243335 0.0 13929.459984053236
91 711.8289041536952 49.42810693089619 141.45121940163364 189 190.87932633252979 13693.93189540939 0.020859920853126823 13644.482928557643
24 169.53653937909155 53.24058728908367 143.37483175735304 199 196.61541904643673 14270.873021789641 0.3757042165602229 14217.256730284
74 578.6827471619787 52.40839847988777 145.31491603534363 193 197.72331451523144 13933.55720548712 0.5770143611066487 13880.571792646122
81 631.1434593353034 54.12424555870494 144.460668160987 193 198.58491371969194 13911.835496115305 0.38841492005383316 13857.322835636538
68 539.8698227408074 53.43541075581791 147.61902993102257 195 201.05444068684045 14025.874761402622 0.7454000910857985 13971.693950555724
20 152.6322459866511 55.507983369394346 152.81439905646664 203 208.322382425861 14420.823869468388 0.0 14365.315886098999
52 431.61201690434274 55.53552511868947 146.61067691539034 197 202.14620203407983 14144.305765130805 0.7307501084612227 14088.039489903651
71 562.6087794849717 60.04432145824513 148.1218521826631 195 208.16617364090823 14018.68847767506 0.0 13958.644156216815
17 110.56889683282553 57.591332951715 157.2644099159434 205 214.85574286765842 14474.42810450886 0.09480838048368412 14416.741963176668
36 271.2652795030849 57.11665438328679 145.0325461943572 201 202.14920057764397 14361.900068962972 0.0 14304.783414579682
15 103.08767157480338 57.8112339852297 159.92553581892838 209 217.73676980415814 14596.484947918454 0.022790233913156044 14538.650923699317
69 553.9221747907259 56.5367980507023 148.6362185853206 199 205.1730166360229 14172.86024670456 0.010416814013751718 14116.31303183984
70 557.6034583523477 57.48989312900607 147.97881837712316 199 205.46871150612924 14171.46179130026 0.1651285579148407 14113.806769613338
48 406.1210461581118 54.49967229741913 150.95227093440994 203 205.45194323182906 14377.85423655131 0.0 14323.354564253892
87 683.1789862750489 53.71723056142609 150.9778138289597 199 204.69504439038582 14105.544669514633 0.13276690351210618 14051.694672049693
22 163.56495078945792 59.48614085540421 153.235158636999 209 212.7212994924032 14657.885010890646 1.2118626523822513 14597.187007382863
35 262.1684818318562 56.03042846743324 150.9992261671118 207 207.02965463454507 14578.370826266635 0.5204992615086326 14521.819898537697
51 428.1321937362052 52.20877396621708 152.20966465592318 205 204.4184386221403 14435.462757381356 0.0 14383.253983415134
75 591.1280794260717 62.06059221852473 150.6961143633945 203 212.75670658191927 14291.609817916175 0.0 14229.549225697641
101 764.6233181768636 55.583971230165396 151.79112790420228 201 207.37509913436764 14131.272596080584 0.0 14075.688624850423
63 500.7671492732773 56.76107597738831 150.73172798377763 205 207.49280396116592 14400.571548139844 0.0 14343.810472162455
98 728.2343654249233 57.30363811446828 153.59139884041332 203 210.89503695488156 14208.815644153849 0.22492272090062215 14151.287083318488
58 473.81428380346256 60.144865727806774 155.3133804563192 207 215.45824618412598 14474.295089818865 0.02965707224484504 14414.120567018812
102 776.3221283272686 57.70220625995499 151.10463102103603 203 208.80683728099103 14180.806716051326 0.15032343518919333 14122.954186356183
27 178.20344421010833 58.538271275471566 164.808772376379 215 223.34704365185053 14825.198900902753 0.0 14766.660629627275
90 711.4181625005143 58.27749952904691 146.53815990204654 207 204.81565943109348 14318.58821615122 0.0 14260.310716622178
96 723.5779018683775 54.752088922781 154.62388224101105 207 209.37597116379206 14318.333526228154 2.0496017563878013 14261.531835548982
29 188.91001667356522 60.31881593388094 165.25600566477686 217 225.5748215986578 14874.619932963586 0.8896055108434382 14813.411511518858
89 693.4725667165172 58.2638744582906 153.2917385554307 209 211.5556130137213 14386.888376514084 0.0 14328.624502055794
82 649.7449781345063 55.401346443859694 161.55915627778978 211 216.96050272164948 14465.221798220138 0.0 14409.820451776273
85 672.9212571909344 55.83196480453771 152.5622111735484 211 208.39417597808608 14446.26405743287 0.0 14390.432092628329
88 690.6782422455703 55.63510612040278 159.00432806403472 211 214.63943418443753 14435.06118926107 0.0 14379.42608314067
92 715.445159808479 59.22371412730057 158.74656910399545 211 217.97028323129604 14411.279608909574 0.0 14352.055894782266
93 719.5760693617796 57.08833505561115 155.4539472121866 211 212.54228226779773 14410.018539099981 0.0 14352.93020404437
61 494.38169665305855 64.06169521835572 158.53793548330037 215 222.59963070165605 14657.698533067047 0.07642080244130511 14593.56041704625
32 217.41543213201322 61.950358916659255 163.93497381543875 221 225.88533273209805 14950.497435340074 0.0 14888.54707642341
18 131.10115849128334 65.68726770680594 166.80559392021834 225 232.4928616270243 15060.699556748692 0.3208466360415514 14994.691442405841
72 568.4127664855436 55.884169993498936 162.418204861688 217 218.3023748551869 14637.422180690766 0.0 14581.538010697275
21 159.23207286704405 60.76706748100644 171.16755284353536 225 231.9346203245418 15048.047851558398 0.6147903963051533 14986.665993681083
73 577.6111792619861 57.326516444514695 162.3154627606113 217 219.64197920512598 14633.765332860581 0.18498216176965343 14576.253834254294
55 460.8075900869614 59.99587361711112 166.05576398761698 219 226.05163760472809 14755.259979528155 0.0 14695.264105911043
54 460.1638145232132 61.81410109526902 165.86752690184966 221 227.6816279971187 14786.282128426612 0.8498854063630574 14723.61814192497
103 792.0341837056602 58.475109739488694 163.70738908174783 217 222.18249882123655 14469.168429787262 0.0 14410.693320047772
86 682.5618511467331 58.40154288600371 163.2677068074053 219 221.66924969340903 14584.807431557045 0.09263975042665606 14526.31324892061
94 722.7406793159165 60.3011913542271 164.46228820867574 219 224.76347956290283 14547.735124132998 0.5909747955479361 14486.842957983228
41 302.14775887740643 60.670092418663415 168.92321229335266 227 229.59330471201608 14985.061414709644 0.22014628140999548 14924.171176009577
23 165.82492728678685 62.632710980316155 176.5035524915244 231 239.13626347184055 15129.091984282963 0.14544574978276614 15066.313827552865
34 250.38774162364757 67.43603595312686 170.12534001216756 229 237.56137596529442 15050.976082108455 0.0 14983.540046155327
100 758.684108542555 59.562614243477896 163.78047048063848 223 223.3430847241163 14559.689786304389 0.0 14500.127172060913
31 194.20522906046213 59.31863619664334 170.81879632842134 233 230.1374325250647 15129.649967447029 0.0 15070.331331250385
99 739.8412081287435 59.59351869311338 171.29327482184618 227 230.88679351495955 14605.638938067328 0.0 14546.045419374223
78 604.0931718296467 61.235156167467586 178.60204747657528 231 239.8372036440429 14756.593208165948 0.4153541808512955 14694.942697817622
46 371.0195116879712 65.70794050223915 176.85639388405892 235 242.56433438629807 14991.153141868848 0.0 14925.445201366609
38 284.11030280043576 65.01976580032793 176.77351442094255 237 241.79328022127046 15080.755422438382 0.0 15015.73565663806
67 539.7059749322458 65.76132850582914 174.89918139987356 233 240.66050990570275 14826.874386948006 0.0 14761.11305844218
44 336.91669522359734 68.1941793630356 180.80194568310492 243 248.99612504614052 15050.664984103183 0.4613914432998172 14982.009413296842
95 723.3529953152199 70.91143182082004 182.22412504483813 247 253.1355568656582 14686.308883526242 1.462452905424584 14613.934998799996
77 603.6179593144835 69.82857740336374 186.25127911141823 251 256.0798565147819 14810.870589894424 0.0 14741.042012491054
64 506.1472675690848 65.06076759624244 200.89107503714726 261 265.9518426333897 14918.744754174299 0.0 14853.683986578055
