# Cpu scheduler: srtf
# Quantum: None
pid arrival_time cpu_bursts_time io_bursts_time nbursts bursts_time tat ready_wait_time io_wait_time
6 22.366018454651044 87.74947969681111 63.88894230165868 11 151.63842199846977 689.804185867099 88.4101368069246 513.6445693633633
1 8.002823868824798 89.7350177483024 87.40948453110626 13 177.14450227940864 760.9906927633496 108.52109513882769 562.7345798762194
5 19.81639264537537 96.59770495481982 81.04575968326597 11 177.64346463808582 923.0732365871564 204.4140291651837 622.0615024671529
9 36.09965067715953 113.9892896142981 89.64874890198934 15 203.63803851628742 1058.8902039586053 84.29457640945054 860.6063379348568
10 44.157832691407215 160.19741089219795 147.3890251031504 19 307.5864359953483 1580.3302307553424 137.8578591583599 1282.2749607047847
19 122.06421610347513 45.13382878061067 119.46919396383059 163 164.60302274444126 12006.071412721372 0.4714839481704445 11960.466099992593
82 612.2854943112236 42.87047756600449 116.05122306503654 153 158.92170063104103 11516.248799837318 0.6710901366678854 11472.707232134639
58 397.57115381376565 42.9075248711712 115.33458598437073 157 158.24211085554194 11808.640996378948 0.1590606970734143 11765.574410810705
52 351.9585283829236 46.604839623624734 118.89610779488952 161 165.50094741851422 12101.83975204725 0.2542320838412593 12054.980680339788
69 514.8386593704869 49.703101399669 121.50227615583832 161 171.2053775555073 12114.347910182123 0.6233242839768991 12064.021484498478
57 397.1846441563984 44.05991333298954 122.2009764686957 163 166.26088980168524 12240.086080893716 0.0 12196.026167560723
4 18.265065292054818 49.27282571325538 133.66161721670463 181 182.93444292996 12685.48604389986 0.5621708352960013 12635.651047351308
59 419.1502471447916 45.28214412417954 121.75709081229824 165 167.03923493647778 12376.945979478198 0.0 12331.663835354013
40 296.40890012027165 49.31117698030823 123.45658132777119 169 172.76775830807946 12631.126058154592 0.02036227773146493 12581.794518896551
29 224.87153028490494 47.30748187597893 125.60815035496266 171 172.91563223094164 12721.887284240329 0.39015137313660375 12674.189650991211
49 332.721997262414 49.62617146257424 125.04087599183104 169 174.6670474544053 12649.9859271427 0.10854208610868454 12600.251213594014
3 11.639755536846495 51.798743689119696 142.6558513074542 189 194.4545949965739 12982.472769129059 0.1490818169310728 12930.524943623002
75 562.6375872526556 45.6262367145348 126.61276897993567 167 172.23900569447045 12510.70696902199 0.0 12465.080732307457
30 227.88546334481126 49.15957676717455 126.07531012197455 173 175.2348868891491 12863.668810231664 0.16997831490698445 12814.339255149589
17 102.55321265679635 44.97259721138122 130.63649186891942 179 175.60908908030063 13095.46953871846 0.3280765085284685 13050.168864998548
8 31.58950857682473 50.55088603231222 141.5322717462583 185 192.08315777857052 13243.928430156306 1.0072181053473628 13192.370326018652
2 10.786455881318325 56.32363513230277 147.9158201955708 199 204.2394553278736 13520.465795470138 0.6339236955511431 13463.508236642287
48 331.6009069191171 47.99749412046567 131.5158060924943 179 179.51330021295996 13300.630991117334 0.0 13252.633496996868
80 608.8047732725347 51.756978562130854 130.92588001674406 175 182.6828585788749 13026.885477232696 0.28073174654832656 12974.847766924018
16 75.85775737701461 52.344902110025906 146.03334641631218 189 198.3782485263381 13656.35420030291 0.9735559043817972 13603.035742288503
23 156.2314125838247 53.51897106240761 140.08016926559802 187 193.59914032800563 13676.768843655695 0.0 13623.249872593293
60 424.79126719849734 50.182583898389396 135.01771847606884 181 185.20030237445826 13418.889830592478 0.0 13368.707246694084
24 161.78260887970478 54.594162779206385 136.72272433293153 187 191.31688711213795 13685.30582687931 0.0 13630.711664100107
94 760.8517600125421 45.721679433187184 137.24217229102916 177 182.96385172421634 13107.0161219354 0.0 13061.29444250221
43 315.29390902206404 47.352199322719216 135.09183885630412 185 182.44403817902338 13652.755509602765 0.0 13605.403310280048
63 437.06782518743563 45.54103599317784 137.19653486173235 183 182.73757085491016 13543.791241650568 0.0 13498.250205657383
64 446.71170145231355 50.27534115697313 132.20767911348798 183 182.48302027046108 13543.315773703122 0.0 13493.040432546153
11 52.081515928196296 49.71807492246191 149.75550158127797 195 199.47357650373982 13956.980085365632 0.10714144542703252 13907.154868997743
7 30.28413143948614 56.64716500170201 155.85110883375646 197 212.49827383545843 13980.087975946768 0.2599884520643023 13923.180822493003
102 846.2094573194445 48.453742535516575 134.77083105061277 179 183.22457358612934 13200.449886485823 0.0 13151.996143950308
45 324.7684430973927 47.96034921856616 137.23138837558437 187 185.19173759415054 13769.54690355923 0.0 13721.586554340663
25 189.12858596840528 58.99752634674029 139.5934228912394 191 198.5909492379797 13948.384558706042 0.5067217767283978 13888.880310582574
13 62.23432931748229 50.298659072469384 147.51596984111976 197 197.81462891358908 14096.767600504514 0.0 14046.468941432046
81 612.1209523504244 45.27295996245313 140.19140051963925 185 185.4643604820924 13599.317191113143 0.0 13554.044231150696
73 543.1047027174508 52.4865636617315 139.2149147930158 187 191.7014784547473 13729.170497607167 0.0 13676.683933945442
62 430.7160207240298 48.581056167232326 140.12183035089592 189 188.7028865181283 13853.67975623512 0.0 13805.09870006789
46 327.23943424999857 54.149503768383845 143.19517105198952 191 197.3446748203733 13969.86509011361 0.0 13915.715586345223
0 8.002823868824798 55.285920582955384 160.18771190483423 213 215.47363248778964 14298.902458924591 0.4606548098857637 14243.155883531754
65 466.30921918616457 47.28307725593359 136.380780838583 189 183.66385809451657 13843.37938262637 0.14151347203926434 13795.954791898395
84 626.3316020988127 54.81549679056034 137.09027794331374 187 191.90577473387407 13695.710542218776 0.0 13640.895045428211
21 130.91775815179565 53.89851171942079 145.5101677032981 197 199.40867942271882 14194.046509638256 0.7697074306736909 14139.378290488165
99 827.3279403433864 49.02758834073517 139.10796420823266 185 188.13555254896784 13500.786969790877 0.0 13451.75938145014
70 522.1810268753089 52.541968186808504 146.0217324344816 189 198.5637006212901 13837.9198390233 0.37293093901098473 13785.00493989748
93 759.4306986052148 53.08971165249677 142.49287997247407 187 195.5825916249708 13631.79048531844 0.0 13578.700773665947
32 240.93472520847482 52.181125220699 145.14119436523205 195 197.3223195859311 14159.271255098442 0.0 14107.090129877743
66 474.3058273409606 52.90105392869441 142.69265596744594 191 195.59370989614035 13939.961577854847 0.0 13887.060523926157
87 660.0362574319321 51.866713296926044 142.67589051905514 189 194.5426038159812 13774.500349008129 0.0 13722.633635711198
56 375.7776637847169 54.578962392977374 144.10117812154388 193 198.68014051452124 14063.407896885185 0.6675688895824123 14008.161365602627
104 873.9476120068783 51.39171513121089 135.97001895571722 187 187.36173408692815 13577.407026185165 0.3980749701113382 13525.617236083843
26 206.71325336695296 54.62696085457102 144.84003733281128 197 199.46699818738222 14245.722321813457 0.523555328090481 14190.571805630798
72 538.9095582627954 56.32854167573881 144.42787971397686 191 200.75642138971568 13914.896942447893 0.0 13858.56840077215
90 701.4556427623497 54.74166423340278 139.9482021869125 189 194.6898664203153 13754.38125763094 0.08263618422211039 13699.556957213315
96 782.2486402070552 50.6196295233729 137.44578315871382 189 188.06541268208676 13703.04849212872 0.00143971014847466 13652.4274228952
83 614.4833633527667 53.05041920524375 141.5516833233149 191 194.60210252855865 13872.232414509359 0.0 13819.181995304114
35 255.54908618200915 56.91575452459237 145.673927605643 197 202.58968213023536 14242.13209354721 0.0 14185.216339022616
14 64.10374936965597 60.82151918982128 157.1259489679463 205 217.94746815776764 14459.169316467483 0.5726770946787383 14397.775120182989
47 329.68130052386016 59.14982995447569 151.92007644387755 197 211.06990639835323 14220.633618827527 0.0 14161.48378887305
71 527.2284000391313 51.52786868370769 142.8928878504866 195 194.42075653419428 14064.303346805027 0.0 14012.775478121315
61 425.38882248849796 55.94070610474979 144.91166315760077 197 200.85236926235058 14174.860478475734 0.9074383703039075 14118.012334000678
98 796.7778280538914 53.81798681580288 144.09109385817635 193 197.90908067397925 13825.295235911059 0.0 13771.47724909526
53 352.11903246356536 56.40476958772343 145.9781833013051 199 202.38295288902856 14279.507920427162 0.18372498446262853 14222.919425854978
36 260.44386820885876 51.68967938560319 148.6080331775526 201 200.29771256315576 14374.297146540132 0.38683668504108937 14322.220630469494
28 223.7583506538049 61.015388657026385 145.92515172994163 203 206.94054038696794 14439.43872280249 0.14036199560064233 14378.282972149858
92 755.9093477049529 53.66175994280933 145.29432671170682 195 198.95608665451618 13915.452518268221 0.0 13861.79075832542
38 271.33205517692414 55.96700567190558 147.6296204783594 203 203.59662615026502 14429.423378106738 0.0 14373.456372434835
15 67.78702810947173 52.13123223105376 150.66254423399613 211 202.79377646504986 14642.497689473354 0.0 14590.3664572423
37 262.121268419205 55.28792298425174 151.5315413845178 205 206.81946436876956 14484.444345759075 0.0 14429.156422774822
12 60.90454927623766 58.0460233088051 156.3176672158883 213 214.36369052469337 14696.005925813824 0.0 14637.959902505023
88 686.4314365152441 57.58276826798079 144.98980508128733 199 202.57257334926808 14073.954143712912 0.0 14016.37137544493
89 689.535344169636 55.6362194430258 150.27350830467037 199 205.90972774769622 14071.987162046726 0.22258501757323756 14016.128357586125
33 241.7992602315211 58.96813919128249 150.34294770128713 207 209.3110868925696 14541.211342118797 0.0 14482.243202927511
50 340.56154786499815 59.27587519286112 153.85319418285928 205 213.1290693757204 14444.912648610589 0.8011562106291876 14384.835617207098
97 789.3242736295284 52.815751792769184 151.6661421995949 201 204.48189399236412 14040.388343219662 0.0 13987.572591426897
20 127.64685177942795 63.35728394891034 161.726609210365 213 225.08389315927536 14704.453909224125 0.16691283848911098 14640.929712436722
68 481.9595708342161 57.057296099104065 150.45971497002125 205 207.51701106912537 14354.346676492878 0.19004880906084054 14297.09933158471
55 362.54215608080966 60.51035937880914 158.22884557406695 207 218.73920495287607 14479.928810134345 0.0 14419.418450755538
103 863.3290785563128 54.617098140333844 148.97548131824567 201 203.59257945857954 13985.897613680518 0.0 13931.280515540184
41 297.19374261408757 57.49422742715702 155.11560711386636 209 212.6098345410234 14553.247845440103 0.0 14495.753618012954
22 143.11757288943443 60.18519512226065 160.4925829602626 215 220.67777808252328 14739.905317449622 0.09413923031888771 14679.625983097045
91 734.6839177193232 59.83178147079488 159.23488780296583 205 219.06666927376068 14158.087461757728 0.0 14098.25568028694
31 234.75217421268127 53.45449310891087 157.6395833259445 213 211.09407643485537 14664.585212174867 0.0 14611.13071906595
95 764.4574971732442 54.892507850355464 156.38246209973713 205 211.27496995009255 14136.124135459948 0.0 14081.231627609595
101 844.8520485829843 58.34413443212933 149.6969349473776 205 208.04106937950695 14071.404441615075 0.0 14013.060307182946
78 593.673194370575 59.53291822540547 154.2401457551323 209 213.77306398053776 14334.86991758453 0.0 14275.33699935912
34 252.68247309185125 58.23841826336102 161.95528971794207 215 220.19370798130302 14678.947381496124 0.0 14620.70896323276
18 119.20466602182417 59.66329074913781 166.64548265112228 221 226.30877340026012 14828.710965200931 0.0 14769.047674451795
86 654.2311312555051 60.656829292830714 160.72805334933696 211 221.38488264216767 14306.348330599218 0.8802328370953774 14244.81126846929
76 581.8437173500872 56.31458898552138 160.59974885514941 213 216.91433784067084 14389.140435543113 0.27284879599767464 14332.552997761595
79 600.2034902508944 64.8786578453593 166.0478225149212 217 230.92648036028046 14410.309053754867 0.0 14345.430395909509
67 480.38259438429674 62.99218888969739 160.98885329464574 219 223.98104218434315 14533.33374475677 0.35013458170459444 14469.99142128537
85 639.4916235668773 58.38311242556534 162.67714236956436 217 221.0602547951297 14375.288078654426 0.0 14316.904966228867
44 315.4887968366687 63.62847568771498 167.92413052985944 223 231.55260621757446 14709.545558519596 0.0 14645.917082831887
100 844.0573498730986 60.625871926657396 163.88618336642486 217 224.51205529308226 14187.420459615905 0.0 14126.794587689254
54 361.17056722526877 58.57502137125446 167.2755614046631 225 225.8505827759176 14680.620245727892 0.0 14622.045224356636
51 351.12903888512886 55.32188514493395 171.49786087225553 227 226.81974601718946 14700.197332903384 0.0 14644.875447758453
74 548.9446441664696 59.68349188893757 166.83591976278942 225 226.51941165172698 14506.099286878045 0.0 14446.415794989112
77 581.8794754751126 58.278749153074386 168.20719891579785 227 226.4859480688723 14481.90001412229 0.6507128759864145 14422.97055209323
39 279.49824467705236 59.73075487233396 176.01442436329702 239 235.74517923563099 14800.692114527032 0.2596112590111943 14740.701748395686
42 305.76349114637065 67.12472678150664 187.91120169443064 247 255.03592847593728 14787.419724657964 0.015579991136974058 14720.279417885315
27 223.12802785739206 67.74393285792655 195.65688351722636 255 263.4008163751529 14877.395777041444 0.0 14809.65184418352
