# Cpu scheduler: srtf
# Quantum: None
pid arrival_time cpu_bursts_time io_bursts_time nbursts bursts_time tat ready_wait_time io_wait_time
1 6.925360083014326 38.166531032183634 24.962378040224543 5 63.12890907240818 107.41307663869887 18.950264243720394 50.29628136279484
3 12.320421685927672 66.58752606374325 65.80808826880661 9 132.39561433254985 434.7052636691722 75.42351823217788 292.6942193732511
7 28.720982765031934 83.11530036204636 61.301259968314156 11 144.4165603303605 441.930240454439 43.773481734006616 315.04145835838597
12 56.95951764498758 81.38291327056315 70.94606079928934 11 152.3289740698525 600.1934024775302 87.40228239195574 431.4082068150113
13 67.35669088392534 93.82433770310011 66.26240506963042 11 160.0867427727305 699.88543052584 131.02438430205422 475.0367085206857
9 46.88440383558643 47.93149834163495 117.42456785099425 159 165.35606619262919 10918.92606786978 0.3389061010936132 10870.655663427051
8 35.73203926266021 45.52598141953018 128.4329063630959 169 173.9588877826261 11606.9079482927 1.535358810020277 11559.84660806315
0 6.925360083014326 50.162892088098914 134.57744928880552 185 184.74034137690444 11641.810757982643 0.40037770867589906 11591.247488185865
6 24.254462996071073 47.895251815311674 135.47064606580904 175 183.36589788112067 11780.248201978055 0.46513039544349155 11731.887819767297
53 547.359004738907 42.36464886105674 116.51039451559242 157 158.87504337664916 11511.197988052932 0.46257203684524484 11468.370767155031
16 108.26290000192897 50.09488691461886 129.21960273656217 169 179.31448965118102 11960.482389472132 0.0 11910.387502557513
22 164.427431932534 41.13856764986322 119.56228957308633 167 160.70085722294954 11941.27647618441 0.1693974324817873 11899.968511102064
63 603.8134473466641 44.16239913518374 121.96957909479751 161 166.13197822998126 11825.987728069007 0.2943979138482291 11781.530931019975
26 186.57163156519863 41.875044264895664 126.05714744430072 171 167.9321917091964 12252.475608188599 0.0 12210.600563923701
2 9.559329468776625 53.85934518200903 139.95361157822782 193 193.81295676023686 12477.803182114183 0.7873599954119683 12423.156476936763
20 161.4004481229464 49.494454087360936 128.53790366907762 173 178.03235775643856 12361.879208704035 0.0 12312.384754616667
10 52.48046268948757 48.70547420183611 134.92173699863022 183 183.62721120046632 12701.038763225588 0.6941813984180953 12651.639107625333
41 408.1102867781076 47.385828363442506 133.13214648296227 173 180.5179748464048 12545.699546387066 0.0 12498.31371802363
25 182.2134423331668 45.36284374744331 132.0604378346583 179 177.4232815821016 12796.951764527457 0.05724950528122008 12751.531671274724
58 585.0874825781312 49.29614718877047 124.50747861622784 171 173.80362580499832 12500.816271960988 0.008140824515294298 12451.511983947707
40 405.8051939567015 48.27730899058758 132.1108487454805 177 180.38815773606802 12804.526795211406 0.9285172007795381 12755.320969020046
14 72.75970990220316 52.81309204391457 145.45169710285242 189 198.26478914676704 13176.80376940338 0.0 13123.990677359465
30 235.4877195885699 51.356833752561826 138.87603089537882 183 190.2328646479406 13111.497185901297 0.0 13060.14035214873
35 316.0534343934625 50.97451591795034 134.1476999933302 183 185.12221591128053 13146.567519682 0.0 13095.593003764052
43 420.086680580288 50.984343233304344 130.76030357881132 181 181.74464681211566 13071.656406393406 0.6126916472987887 13020.059371512802
23 167.43432494526073 53.84028653205498 138.91268533125054 189 192.75297186330556 13419.047439875392 0.0 13365.207153343328
48 485.46554434049443 51.98943972616697 136.63390121691242 183 188.6233409430794 13207.8443872401 0.0 13155.854947513933
33 288.5685484465069 52.8226253753935 138.10198409825398 187 190.9246094736475 13410.104403307065 0.0 13357.281777931672
68 692.7524448486436 46.72835292777844 135.25663199943637 179 181.98498492721484 13021.436890973264 0.0 12974.708538045488
79 800.0348674478464 49.04764823055857 132.05405828907124 177 181.10170651962983 12919.150061958208 0.0 12870.10241372765
61 599.1719316828503 50.582828829773014 127.9583127314086 181 178.54114156118163 13131.372065986114 0.0 13080.789237156332
50 502.5448843184442 52.47823724368707 144.24444114317004 185 196.72267838685713 13328.748160752613 0.5735821406848345 13275.696341368244
100 980.6117315483406 49.19563224473135 135.39682485016684 177 184.59245709489818 12921.691930348188 0.518140177277246 12871.97815792618
56 558.4341317402128 51.37123550528655 136.23630285658356 185 187.60753836187013 13358.080076792698 0.5040467697299391 13306.204794517678
21 162.1404857009206 51.10865970782652 144.31444976994874 195 195.42310947777526 13772.692957312624 0.0 13721.584297604795
24 171.67163788501452 54.60000670215208 149.7508524383637 195 204.35085914051575 13772.318585875955 0.09337536468143526 13717.625203809115
92 923.4817580495171 49.10767597021335 132.63072902072176 179 181.73840499093512 13028.938984782366 0.0 12979.831308812156
59 590.563206145125 51.206312043179366 139.87579492514234 187 191.08210696832174 13462.903031261003 0.0 13411.696719217822
42 413.8854877430075 52.96002398542866 144.8727199260364 191 197.83274391146506 13646.098540155634 0.3230700254870271 13592.815446144714
37 341.3431668996205 47.592307422527234 142.48949085475658 193 190.08179827728384 13737.634753578595 0.0 13690.042446156069
39 375.2545325351904 50.44297397361616 146.4067618590598 193 196.84973583267598 13755.580775430511 0.0 13705.1378014569
49 487.4829412224843 50.93725542265195 145.08288385230168 191 196.0201392749537 13652.45515549209 0.0 13601.517900069435
29 207.79153509279553 49.450004342785554 149.49975430060314 199 198.9497586433887 14014.758605806885 0.0885773187157497 13965.220024145377
34 309.26999542857357 61.16224579815947 145.9789235531579 197 207.14116935131733 13932.726790598212 0.0 13871.564544800047
64 608.3720899296476 49.84148143926793 141.878504392419 191 191.71998583168698 13658.621337054607 0.0 13608.779855615341
73 749.613135563024 54.18315279652949 145.60559299176967 189 199.78874578829914 13549.651830386982 0.0 13495.468677590445
90 914.1185042192739 54.485146547090146 142.2072247945214 187 196.69237134161156 13433.020675437469 0.2464431334682331 13378.289085756913
69 718.6225499611119 51.69081682582153 140.46835811366535 191 192.1591749394869 13641.577640088428 0.4137497204758347 13589.47307354213
71 744.5861866061774 56.234036469695624 143.22433416976588 191 199.45837063946146 13633.389298210403 0.0 13577.155261740707
55 555.0071664501454 52.86013559895043 151.2289621584356 195 204.089097757386 13854.486344913483 0.0 13801.626209314536
15 78.45921365331564 55.759386334153255 155.68498614054076 209 211.44437247469403 14334.742770625528 1.048673533847861 14277.934710757523
75 761.2894443679768 54.7400768556457 145.34068545172693 193 200.0807623073726 13727.876543394406 0.0 13673.136466538757
46 470.4530338441391 54.682320095417055 151.07525014110655 199 205.75757023652355 14024.906496885738 0.4757819194465469 13969.748394870878
70 744.288376270533 53.78583144766907 149.42975476399906 195 203.21558621166815 13801.490877363447 1.3955501941438797 13746.309495721634
74 757.0422511361003 56.197367419971776 144.34749098419613 195 200.5448584041679 13807.732349100548 0.0 13751.534981680586
32 285.4690380477352 54.387288032539225 149.0937999054763 205 203.4810879380155 14289.928730204514 0.47304648836524166 14235.068395683604
102 1009.2119656618648 53.42246089837282 140.77613040150007 191 194.1985912998729 13571.738994314908 0.0 13518.316533416528
72 747.2600103721242 56.330824101378234 144.37457849602154 197 200.70540259739977 13881.253870664283 0.0 13824.923046562903
47 480.212373700203 56.25972142572867 151.60307385306515 203 207.86279527879387 14167.7290644627 0.0 14111.469343036973
93 924.3417614730494 57.55972891983921 146.93523794237402 195 204.49496686221318 13745.673933754619 0.0 13688.114204834774
81 811.0403341204359 57.966634206330646 147.96140379705173 197 205.9280380033824 13860.344085700792 0.0 13802.377451494462
36 323.5076000888056 57.884076564529536 157.25704499433215 207 215.1411215588617 14351.87216380924 0.0 14293.988087244714
31 261.7492388624225 55.180156845225994 154.31901676129104 209 209.49917360651702 14418.51610934403 0.00329884049648399 14363.332653658312
97 965.8368010721375 44.63000357882079 140.9433301830819 195 185.57333376190275 13731.470204762627 0.49381651259545833 13686.346384671213
45 433.25508305057707 61.12161275670745 151.99204842380578 207 213.11366118051325 14306.456131231998 0.0 14245.334518475298
94 945.5211328048782 53.05047774019293 150.09073354143135 197 203.1412112816243 13796.405690214937 0.3665878697175913 13742.98862460503
19 148.05608423759622 54.65976604682111 164.2222921892152 215 218.88205823603636 14610.645307847248 0.17449063287102717 14555.811051167553
28 203.17014415140105 57.02783683916322 162.54023985175468 213 219.56807669091785 14564.255713180502 0.0 14507.22787634134
66 661.848522108917 56.608001233632706 153.36047651588163 203 209.9684777495143 14113.695493798585 0.17107045378509156 14056.916422111168
83 836.5769204796228 55.796127656319065 151.79314920510467 201 207.58927686142374 13970.988686073702 0.19279341540925543 13914.999765001972
88 888.1159356316 55.77339229689548 149.98240487462158 201 205.75579717151706 13947.843082664225 0.2463662285404098 13891.823324138799
95 951.0579288756633 62.98627409504064 150.10717248227596 201 213.09344657731657 13906.99985476327 0.0 13844.013580668225
86 843.2553164344766 57.54860796870912 148.13492010012905 203 205.6835280688382 14025.72393598096 0.7123619578660509 13967.462966054385
87 862.855478720564 56.453675065020924 145.5096679579326 203 201.96334302295355 14018.98472386162 0.050173851400359126 13962.480874945197
103 1015.9294180117647 47.88225401629359 149.1983432983895 201 197.08059731468308 13870.52834452986 0.0 13822.646090513561
17 115.3333431739985 58.0586982619129 162.56382015296597 221 220.62251841487893 14773.463315014626 0.4422153439307692 14714.962401408782
80 809.9301651767657 58.21866906509489 153.28449884977564 205 211.50316791487052 14090.75882069317 0.12568109039273168 14032.41447053769
4 16.689191172251352 67.50473291465039 178.26800491479707 235 245.77273782944746 14893.752147619425 0.46791699611137716 14825.779497708661
98 970.436470598681 55.90794656503051 153.50532524423576 203 209.41327180926623 13947.670946961336 0.42653100607981287 13891.336469390222
27 202.37756066115037 62.18047370540366 164.03436202984676 219 226.21483573525043 14717.961575528834 0.1975603699774524 14655.583541453452
104 1016.0060625238777 57.51339493087355 153.58407300113558 203 211.09746793200912 13916.829705066153 0.06960852533086381 13859.246701609944
67 688.6827605465966 58.19318705666429 155.60075465048578 209 213.79394170715005 14247.494974707084 0.0 14189.301787650422
38 362.8834153203769 58.10102778353585 165.83799934356915 217 223.93902712710502 14597.28819921789 0.2866386186423142 14538.900532815709
52 545.5514358541459 57.744767336130366 154.01423019736032 213 211.75899753349069 14416.159618857464 0.21327534940144233 14358.201576171932
57 576.2443008215806 56.515640581896456 160.92706094332817 213 217.44270152522463 14394.127222113215 0.051431389074309664 14337.560150142242
62 601.5330414326282 60.509866144744734 162.00309246890072 213 222.51295861364542 14377.553452946553 0.5920728069527286 14316.451513994849
99 978.8254404239281 57.024853709628815 150.35806166272377 207 207.38291537235256 14015.93185123749 0.0 13958.906997527867
60 597.9321066824714 63.46705504256546 159.30367724983094 215 222.77073229239642 14410.123023369371 0.0 14346.655968326806
44 432.4434912803845 58.584718962971145 163.24132959630182 219 221.82604855927295 14578.365037870108 0.0 14519.780318907138
5 17.458946913604045 67.84188032071073 182.50360838265783 241 250.34548870336857 15000.81354939895 0.5136362995422132 14932.458032778699
65 643.5159102640279 61.54802049967632 159.08433017259892 217 220.63235067227524 14399.000700411836 0.5368164377243829 14336.915863474433
89 911.7265285330717 55.637719793598144 158.3085162658984 213 213.94623605949653 14141.874404284436 0.0 14086.236684490837
18 132.167291937555 64.49489007097107 171.2627408275958 231 235.75763089856684 14924.561988923644 0.0 14860.067098852667
96 953.0364949634977 59.29664739489135 156.57238574055867 213 215.86903313545002 14107.284102271311 0.21884819561228142 14047.768606680813
84 840.198106462117 55.01825163161761 169.26606275177542 219 224.28431438339305 14255.435001436488 0.0 14200.416749804874
78 797.2311431509323 60.88524808159159 168.17220430052183 221 229.0574523821134 14309.374941685785 0.35968602548655326 14248.130007578706
85 842.0724466591237 59.43030407741264 166.88816796463712 223 226.31847204204973 14284.150603989405 0.0 14224.720299911996
76 775.3625027724909 61.601378054718964 171.57163683756005 225 233.173014892279 14357.381889753076 0.0 14295.780511698355
82 836.1959135242026 60.55763960587113 174.99065125809867 225 235.54829086396978 14302.900917324401 0.11980923815576716 14242.22346848038
77 795.648039858041 58.10512356460445 169.40767737286725 227 227.51280093747172 14349.347091403455 0.3290489580354006 14290.912918880813
51 534.9647042324796 64.01942102371744 183.04669424685096 237 247.0661152705684 14627.930753940489 0.4434420026650514 14563.467890914113
91 916.8856422124312 64.31956465615407 178.2268233556466 231 242.54638801180064 14252.651932346269 0.13488780292550473 14188.19747988718
54 551.339098932259 67.997795039115 179.30371619336273 239 247.3015112324778 14620.748573455972 0.4815871411642547 14552.269191275687
101 1005.3996177906472 61.83742206168737 175.39236219274446 233 237.22978425443182 14170.110453056837 0.0 14108.273030995151
11 55.29923577838088 71.09083891821376 191.73226931324837 263 262.82310823146213 15124.994167904393 0.0 15053.903328986185
