# Cpu scheduler: srtf
# Quantum: None
pid arrival_time cpu_bursts_time io_bursts_time nbursts bursts_time tat ready_wait_time io_wait_time
2 35.43389092948665 32.548343540552416 28.700778798757113 5 61.24912233930954 119.51695175292126 21.487455522668782 65.48115268970005
19 89.45096909253385 28.715301968430992 17.09787061162533 3 45.813172580056325 341.92650784226464 198.7176194853035 114.49358638853016
20 91.87665949262224 47.103588034612706 30.54179668722093 5 77.64538472183364 406.5207612857587 239.0478690830201 120.36930416812591
15 84.25203444739422 28.247477910387445 14.772463851320872 3 43.01994176170832 427.59781722338266 268.1954277952757 131.15491151771954
17 86.77455709772303 59.3258165442856 57.024334301640394 9 116.35015084592601 483.69593356896064 58.54246748169875 365.8276495429763
5 39.08843339045627 52.9068890745132 35.62555982730329 5 88.5324489018165 617.4786992532123 292.30684554547116 272.264964633228
8 50.37014775147322 75.7038205607938 65.0360791608752 9 140.739899721669 666.2987081091412 178.7316458295683 411.86324171877914
1 10.29151290970354 98.50245763199541 68.3933000641599 11 166.8957576961553 791.03663282497 256.22307931389884 436.31109587907576
4 38.56293273866184 129.56700732230914 110.56481353739633 17 240.13182085970544 1219.8307580395476 146.5039149502598 943.7598357669787
6 40.85328153576525 102.99662592075455 100.21249298474233 13 203.2091189054969 1529.7880784300487 409.07958693901304 1017.7118655702811
42 347.5043702524229 41.66210020824722 115.54963095269352 153 157.21173116094076 21551.253519076072 0.6125387794163544 21508.978880088413
35 288.8760471738121 39.684613364605354 120.00002271905545 161 159.6846360836608 22672.9240714715 0.44015502570005083 22632.799303081203
104 993.2090110958477 41.26367245384921 113.43560980717734 153 154.69928226102653 22339.312215418733 0.0 22298.04854296488
18 89.37944987957142 48.89133039083598 129.93717225912212 173 178.8285026499581 23461.46554933116 0.048988821813509276 23412.525230118506
82 827.9704471165068 43.841929174107065 122.77706999271679 159 166.61899916682387 23048.443326415178 0.6701576180840902 23003.931239622976
0 10.29151290970354 51.09560526355888 147.7835360163185 203 198.8791412798774 24022.127136287403 0.4543957864796617 23970.577135237363
34 285.45895661500344 47.716651309127705 129.09591678648368 173 176.8125680956114 24409.82158457538 0.0 24362.104933266248
49 424.494289447552 47.05060878340329 125.5743264654782 173 172.62493524888148 24688.423598738984 0.6780402116519326 24640.69494974393
127 1154.72927644038 42.88037339619534 123.4541784018155 167 166.33455179801086 24488.417744263774 0.05528147711288511 24445.482089390458
111 1032.7008026614262 50.58098294773812 124.92409106188494 169 175.50507400962306 24694.82338068172 0.23343109588972766 24644.008966638088
13 66.13593238532769 52.93578925448566 140.75074990847645 189 193.6865391629621 25680.035842590813 0.8213875694128916 25626.278665766913
94 907.8862716939791 49.64539971023446 124.6177197416461 171 174.26311945188056 24845.34540377479 0.46955996735482586 24795.230444097208
7 47.16083506892926 52.5352002836624 142.78468540874212 191 195.31988569240445 25715.341704843824 1.1761515511944793 25661.630353008968
47 415.94720009650035 51.644018733003094 132.65989597891482 179 184.30391471191794 25538.039396869674 0.06437930975346262 25486.330998826907
101 973.8750283227032 47.024115508611004 132.9904028662574 173 180.01451837486837 25220.532221741745 0.16411901363028392 25173.343987219512
92 880.0177061610946 50.18348913352414 128.40401300785174 175 178.58750214137586 25419.335543169618 0.3899715312356875 25368.762082504854
136 1302.0363598513372 47.71761911505943 130.44482675407735 171 178.16244586913677 25104.47031798509 0.0 25056.75269887003
36 295.50147409177987 53.23138746618212 139.33319454055692 185 192.56458200673904 26164.482567416624 0.15408815119570818 26111.09709179925
85 839.5450847165155 47.12630403718496 137.16719774849054 177 184.29350178567552 25644.987039959364 0.28530315329544464 25597.575432768877
141 1407.826519974591 48.948225810022485 129.5745941092228 171 178.5228199192453 25143.98074208206 0.0 25095.032516272047
43 349.17211682015295 53.650311286326904 134.75348280488217 185 188.40379409120908 26237.877185023026 0.015050639332002902 26184.21182309738
28 206.70327596311398 53.042296209510425 146.72605829345997 191 199.76835450297042 26667.147474151483 0.5595792286912342 26613.545598713292
16 86.45390849640961 56.45657303780838 149.8709756259622 197 206.32754866377059 26883.874934661126 0.0 26827.418361623313
167 1763.2484074552103 48.456161434313564 125.42519136868611 171 173.88135280299963 25249.6941520877 0.3545496049950998 25200.883441048387
61 562.1255882022023 51.77669741725004 139.15375175069923 185 190.93044916794923 26471.67053070731 0.0 26419.89383329006
87 849.4952661870228 51.287406306708775 134.45845403134646 181 185.74586033805522 26186.706485437426 0.0 26135.41907913071
78 733.6610725225034 57.75504811070079 139.00182121516238 183 196.7568693258632 26373.646366778867 0.4170250111781115 26315.474293656986
80 780.835143716067 48.52996970947715 135.46759890947718 183 183.99756861895435 26365.385979827428 0.4639995497250311 26316.39201056823
137 1313.116019318192 48.56798650528579 134.92159294315164 177 183.4895794484374 25913.102273559565 0.0 25864.534287054266
123 1121.670109387375 51.41140525937567 131.40311455841234 179 182.814519817788 26114.734682906557 0.0 26063.323277647174
62 564.3723393361097 48.37635287476276 138.71489885360342 187 187.09125172836616 26739.43869013198 0.14999976281319505 26690.9123374944
71 639.7197707300561 53.328428458228004 140.45269982045366 187 193.78112827868168 26784.579714502444 2.129304420805738 26729.121981623408
3 36.77366847102029 57.922654272898185 148.6901796052124 205 206.61283387811056 27390.72020338234 0.5292834487101459 27332.268265660736
29 216.04475141311727 53.39794452926091 142.58402265457502 195 195.98196718383593 27255.40311265436 0.3323284744534476 27201.672839650644
81 816.3950030047914 47.458893653331984 137.3997691697057 185 184.85866282303766 26688.845377761176 0.0 26641.386484107832
188 2030.5178064528875 44.857814310372746 128.2375114499515 173 173.09532576032427 25538.728335887354 0.016568745124686757 25493.85395283185
70 631.875751666585 51.78350249567027 138.5035708747347 189 190.28707337040493 27033.50429243784 0.0 26981.720789942174
95 920.7625889116719 49.7617391769205 133.27940399074694 185 183.04114316766743 26749.845955617882 1.0572004854542456 26699.027015955515
157 1676.939660655766 52.93211569472675 135.71140537601144 177 188.6435210707382 26007.629626491253 1.0966105207614874 25953.600900275756
22 107.3985999555444 61.04116377453254 152.5974813358921 201 213.63864511042462 27629.150397707166 0.027576084617066954 27568.081657848026
140 1353.7137219108392 47.40954908175773 136.4138138149843 181 183.82336289674203 26447.080033118506 0.25193514139868967 26399.41854889535
150 1571.5452954204734 48.81682092859338 132.75639700114488 179 181.57321792973823 26243.079065360966 0.0 26194.262244432375
38 311.53103291690934 56.02161199939676 144.61633154239004 195 200.6379435417868 27519.361417782377 0.09818256395539038 27463.24162321902
131 1206.5062527240943 53.39774347004154 140.5839299985403 183 193.98167346858187 26671.73969347658 0.1609748215532818 26618.180975184983
119 1095.3064166649835 50.76200676618432 139.84221182271278 185 190.60421858889714 26850.02465176822 0.006127875126821891 26799.256517126913
74 651.8482632115881 49.99045405200623 145.16058732449963 191 195.15104137650587 27318.328563674713 0.15383438052504061 27268.18427524218
25 163.4237405652891 56.81911726090975 152.58342449996834 201 209.40254176087808 27814.967110010915 0.0 27758.147992750008
57 527.0058178434044 55.009942080710246 144.10563880436058 193 199.11558088507084 27466.116166340966 0.0 27411.106224260257
26 179.77929797993517 59.28025611156026 152.9830552843324 201 212.26331139589269 27879.901319873945 0.0 27820.621063762388
105 1002.4079811196641 49.633950942473 143.45687158799626 187 193.09082253046927 27073.05738315636 0.42998185565977565 27022.993450358234
41 332.85037734212244 47.545687268357725 149.73658269008368 197 197.2822699584414 27773.23314056775 0.13085368436645695 27725.556599615025
53 492.72534163697685 57.1887998351737 147.7940705908183 195 204.98287042599202 27654.46273521644 0.3018296690369766 27596.97210571223
11 58.50306605591768 56.49031159099245 152.7994447263365 209 209.28975631732894 28126.265272235563 0.03441609618357688 28069.740544548382
122 1118.461990057878 49.822215449451534 138.68599723864588 187 188.5082126880974 27098.787827151806 0.6432625422614819 27048.322349160087
54 500.8608492361025 55.22951191157116 146.63629025919633 197 201.86580217076752 27875.595340749733 0.0 27820.365828838156
156 1676.8120110941431 49.008332793202264 140.4615228691598 183 189.46985566236208 26704.090288934178 0.42382350706930083 26654.6581326339
24 146.1943804923984 59.75502540187788 155.96732181077172 205 215.7223472126496 28243.702347976672 0.3188460191829563 28183.628476555612
115 1082.0650419044814 48.040805892876804 141.3925451952652 189 189.43335108814202 27310.621292257805 0.2043010570887418 27262.376185307836
33 266.6873556615126 52.71426743229882 152.3426505013785 203 205.0569179336773 28308.26783833096 0.0 28255.55357089868
143 1476.3526505663826 49.10077685021433 137.0276266030678 187 186.1284034532821 27134.516051912393 0.14234301881901956 27085.27293204337
10 58.40421968970982 64.25225832631894 160.18210434700333 213 224.43436267332225 28574.968390486913 1.2317402952071177 28509.484391865397
55 515.9046504416466 56.25532917358425 147.92538033544207 199 204.18070950902631 28121.04856023524 0.21690633568573503 28064.57632472596
124 1134.1079804656986 55.80144780019657 141.72710623621822 191 197.5285540364148 27544.061356626942 0.0271895937444242 27488.23271923301
60 559.8126077354078 55.612402212227295 146.3127293934851 199 201.92513160571244 28149.431787358328 0.12134798038255212 28093.698037165723
48 422.4240279821892 54.74950543901698 151.26881318990283 201 206.0183186289198 28313.697345705703 0.5206352589091239 28258.427205007767
39 328.71386429621697 52.76298074204974 154.87844656567327 203 207.64142730772306 28419.167358650328 0.0 28366.404377908282
90 868.6235902205359 51.92131667319311 146.85955700042936 195 198.78087367362247 27886.315335433348 0.7658094046406632 27833.628209355524
52 490.1944944895809 54.10692624462748 147.942772129234 201 202.04969837386153 28310.443595755536 0.0 28256.336669510907
179 1880.7664080063194 53.144428961879896 139.41297129598607 185 192.557400257866 26921.2214360464 0.0 26868.077007084517
121 1101.6404415232462 53.248372078884955 141.83795673774102 193 195.08632881662595 27735.544092898715 0.0 27682.29572081983
76 663.2674311083435 53.65295256246661 142.96179440168407 199 196.6147469641507 28222.82560758187 0.9330718985398789 28168.23958312086
89 861.8659683874765 57.2106132106011 146.5808208130534 197 203.79143402365452 28077.323249358094 0.0 28020.11263614748
174 1834.6264258616638 53.53322438713357 135.44252865680937 187 188.97575304394292 27131.738260633036 0.0 27078.2050362459
66 589.7115726239443 56.09420243252839 149.36819615194216 201 205.46239858447058 28381.901706731627 0.0 28325.807504299093
21 94.69166306237987 55.91943649363284 160.5686048546618 213 216.48804134829464 28887.042212750865 0.0 28831.122776257245
154 1641.1040247583812 45.4887257428386 137.24112696852868 189 182.7298527113673 27342.315490305387 0.42883699884464477 27296.397927563707
32 266.04707366278325 61.412481709091324 152.19793283224337 207 213.61041454133476 28722.05550918836 0.3332294330198806 28660.30979804626
161 1705.164234368788 55.57095213359535 140.23825961439616 189 195.80921174799144 27331.31156621794 0.0 27275.74061408435
129 1174.356328212422 55.398683392830954 143.4137231341155 195 198.8124065269464 27949.95543250413 0.05174846339446049 27894.505000647903
191 2047.2780727442412 56.2946708709103 142.49041995561697 187 198.78509082652727 27086.181570792683 0.20561973782855603 27029.681280183933
152 1611.9077036469043 53.122826223280654 142.49320769580035 191 195.61603391908102 27536.32046384074 0.0 27483.19763761746
155 1668.112383984028 50.193628278322336 144.27567934137764 191 194.46930761969998 27518.735464647358 0.0 27468.541836369022
162 1733.1959303091999 54.53657113012113 144.08449890026796 191 198.62107003038915 27510.66045930245 0.0 27456.12388817232
64 568.6668648060923 60.183655843549495 149.0986865139693 205 209.28234235751876 28733.627967669017 0.0 28673.444311825457
12 62.761619895934594 59.013550178206366 159.30209589833692 219 218.31564607654326 29242.686734183622 0.0 29183.673184005416
189 2041.9826661700738 49.34646631917908 141.08658793366757 189 190.43305425284666 27265.00710910244 0.11428868598409281 27215.546354097285
30 240.90414728922516 57.99071458523505 158.12326068138995 211 216.11397526662498 29070.5118511045 1.08238064225975 29011.438755877018
130 1196.821011276371 59.12920045022442 148.7550104037744 197 207.8842108539988 28129.25090077774 0.1933095322342524 28069.928390795285
27 189.69212186892565 56.73102031840507 162.44226041710039 213 219.17328073550544 29139.705078742973 0.4491843086028098 29082.524874115967
142 1408.1092386461062 54.41347115237015 146.3812748991827 195 200.79474605155286 27924.073438152074 0.10934641602261763 27869.550620583683
110 1032.4917834405255 59.286509855329236 148.02818372250863 199 207.31469357783783 28309.668415363925 0.09082548074229635 28250.29108002785
68 613.386309483424 56.52895362071963 154.62534822493984 205 211.15430184565946 28738.372701246313 0.0 28681.84374762559
51 486.5038414388379 57.44924249204891 157.56224084955196 207 215.01148334160084 28872.555766139725 0.4383205616068153 28814.66820308607
23 111.0227532213479 58.81068710518561 164.03349608251347 217 222.8441831876991 29294.695305344434 0.31026244606908904 29235.574355793186
204 2224.777533539486 53.936334606482596 141.78898936783187 189 195.7253239743145 27190.03413199879 0.0 27136.097797392307
185 1981.7431312124545 52.691088792669795 137.04120388209148 191 189.7322926747613 27452.69942549676 0.0 27400.00833670409
186 2010.5701628725187 54.56781855758996 139.14805222839934 191 193.71587078598935 27452.819047414996 0.0 27398.251228857414
102 984.8817322990067 56.960843343290264 147.94356437192167 201 204.9044077152119 28483.750960651003 0.08651516802694914 28426.70360213968
65 584.0482091243731 60.32413991756137 153.29897861908344 207 213.62311853664477 28913.56322801124 1.4915925102011443 28851.74749558347
177 1839.8189611946027 53.3608429867854 145.26109799356644 193 198.62194098035184 27663.344813632095 0.0 27609.98397064531
44 376.0565301238523 56.482652984871265 157.4033628073032 211 213.8860157921745 29147.824774499124 0.0551415486145288 29091.286979965622
120 1099.8092721438852 56.8233280004833 150.75075768373065 201 207.57408568421397 28450.016559240208 0.0 28393.193231239722
100 959.7357668452695 53.97797403544131 149.28632620091645 203 203.2643002363577 28625.4993248497 0.22313674282861484 28571.298214071434
208 2273.958914880302 55.41824692368349 136.21789462649292 191 191.63614155017643 27339.380727242828 0.34381590939710804 27283.61866440974
149 1562.4379848277156 53.82478733109777 149.0712568663681 197 202.89604419746584 28057.54348068227 0.0 28003.718693351184
86 843.7666617381698 62.3454406107789 145.8250744452358 205 208.17051505601466 28777.004267080916 0.6783179508850026 28713.98050851925
91 878.1024300144195 56.67344611682328 158.23084327459827 205 214.90428939142157 28775.041747241678 0.0 28718.36830112487
14 68.14582123189228 63.684138444638606 171.34550096691603 223 235.02963941155468 29600.97647800967 1.1434339808560594 29536.14890558418
9 55.73467242577818 63.03255914073752 170.66015385486875 225 233.69271299560626 29637.135522518838 0.6356364342722713 29573.46732694382
183 1946.250880487466 51.7096898191264 148.4706494300991 195 200.18033924922548 27766.410371708527 0.11914798221414458 27714.581533907203
107 1009.61364424334 54.830095641758305 154.80624084868305 205 209.6363364904414 28769.035036843907 0.0 28714.20494120214
31 245.54314391996735 65.30740056329518 162.10022750759157 217 227.40762807088674 29540.48544595411 0.0 29475.178045390807
50 442.43414231285806 58.82255852315334 160.41497873261903 213 219.2375372557724 29344.52940135958 0.0 29285.70684283643
153 1635.3748249851612 54.16040236859871 151.4250284789943 199 205.585430847593 28162.114903733844 0.0 28107.95450136524
114 1072.4224925357996 51.3047529712077 155.20931311013567 205 206.51406608134334 28746.164517114965 0.0 28694.859764143755
77 663.9306303891404 58.58644969377079 159.61880047874723 211 218.20525017251802 29209.980047935904 0.8392000742395567 29150.55439816789
58 544.4801534645718 56.61542717165533 157.45001971411676 213 214.06544688577208 29330.787316943457 0.0 29274.17188977179
46 407.415673030722 58.14707645322271 161.77561563129308 215 219.92269208451577 29473.90717897872 0.0 29415.760102525503
148 1549.5967167663746 54.83146082500398 149.66050791825114 201 204.49196874325514 28333.462735812675 0.0 28278.63127498767
106 1003.4730207763034 59.883678039961815 151.5208634938138 207 211.4045415337756 28906.039730794084 0.1409517195039598 28846.01510103461
109 1014.4694916675667 63.22754866982217 154.43545820034754 207 217.66300687016974 28898.08733723678 0.0 28834.859788566962
172 1827.0419614946604 49.12156982797046 150.74152518315194 199 199.86309501112237 28091.225104749312 0.012672563201931553 28042.090862358124
178 1869.0415621934708 55.773363712119426 148.78238427026037 199 204.55574798237984 28068.310691258223 0.2337440487051481 28012.303583497407
135 1278.8604026379821 55.726135176165926 156.21377655707343 205 211.93991173323937 28674.19129060331 0.0 28618.46515542715
196 2175.919691977084 56.642980992773545 144.44904352388343 197 201.09202451665695 27782.0414718046 0.4256755829478607 27724.972815228877
97 944.409941824335 65.07274557913713 157.68038971429343 209 222.7531352934306 29027.126114707244 0.7991500412856567 28961.254219086815
145 1505.956704063678 54.4092310004794 157.13942253956063 203 211.54865354004005 28471.323336728958 0.0 28416.914105728472
138 1327.1363923740143 59.7872912162785 152.84566518419788 205 212.63295640047636 28656.48025764489 0.29950314812344914 28596.393463280485
163 1742.3254571058999 54.740127701818736 150.80635274878685 201 205.5464804506056 28246.761415479534 0.0 28192.021287777716
166 1762.5222417348964 54.786926665254796 152.63007643122472 201 207.41700309647956 28244.579120538565 0.34657715339312745 28189.44561671992
83 829.3345989643584 55.13936271485035 158.23084041380474 211 213.37020312865508 29182.032850485077 0.01399822635687542 29126.879489543866
133 1264.882777660308 52.17987826948079 154.17247933772418 207 206.35235760720497 28788.33120836963 0.0 28736.151330100143
164 1746.6078172436412 52.40384449808263 148.7583120321724 203 201.16215653025506 28354.49400823245 0.0 28302.09016373437
37 295.7217287949268 58.45948451472718 166.95261824255104 221 225.41210275727826 29815.288584207283 1.0573372745174083 29755.771762418044
126 1144.0383892036434 53.24172996854323 155.9513137891309 209 209.19304375767413 28968.849329571476 0.0 28915.607599602925
84 835.9996393419033 55.63042806399649 163.0670586496545 213 218.69748671365102 29283.139230633235 0.0 29227.508802569242
187 2023.2617516181435 56.807926524454054 150.9114410713366 201 207.7193675957907 28099.222670889714 0.0 28042.41474436526
170 1791.024008250145 58.108131799271256 156.34671054121722 203 214.45484234048845 28333.334586518013 0.27534095556757165 28274.95111376316
93 884.4020060981976 57.21056518704356 161.86422848831788 213 219.0747936753615 29266.807433210888 0.9561587522969148 29208.640709271527
202 2212.5991489499534 57.36602204270074 150.7847163674063 201 208.150738410107 27977.335731582207 0.5114838346953547 27919.45822570481
147 1545.9372050962281 57.805004763909594 149.11197858953022 207 206.91698335343986 28662.65031431899 0.0 28604.845309555072
209 2277.019330889438 53.78665858204157 151.29665180572488 201 205.0833103877665 27936.360081723396 0.0 27882.573423141355
79 745.8627539764027 63.42290335410215 162.97821729596282 217 226.40112065006497 29490.79343515634 0.0 29427.370531802244
134 1268.7828876925428 54.84471929326744 158.57471305160658 211 213.41943234487405 28983.812504989346 0.5033322835904528 28928.4644534125
184 1974.9791308943998 55.40544883322274 153.48754846549 205 208.8929972987128 28317.035771835173 0.08614242394219218 28261.54418057802
59 554.7880891051535 58.22354139048663 161.8662999983681 221 220.08984138885472 29746.14768416652 0.396641877110369 29687.52750089891
103 986.0641499338311 57.216760898331124 157.95710606997343 215 215.1738669683046 29317.779647078034 0.26263544718574394 29260.300250732525
195 2161.343710154821 56.08450220472008 156.51810199729846 205 212.60260420201854 28176.278387971885 0.13347685217331673 28120.060408914986
117 1086.5156259088856 59.625710924297664 160.28874746679625 215 219.91445839109392 29256.583394981633 0.43370512924298055 29196.523978928104
96 937.4486129045289 58.83778038585119 162.88039840804606 217 221.71817879389727 29413.990898241776 0.5865114055256981 29354.566606450397
201 2200.076127776647 57.1300443806071 148.5515997112522 205 205.68164409185937 28160.951816258013 0.5004703313497885 28103.321301546068
173 1829.6790367153917 61.31113095837569 155.1042275903838 209 216.4153585487595 28566.40927239309 0.0 28505.098141434708
200 2197.8305775324507 62.2877732916897 160.1373373856391 207 222.4251106773288 28236.143871889664 0.0 28173.856098597968
69 616.8126943703355 65.10039346672491 170.7483610979201 225 235.84875456464502 29858.42034286785 0.0 29793.31994940112
160 1699.7520379402863 60.271255160530615 155.12021870218265 213 215.39147386271327 28792.332328288237 0.127393788632844 28731.933679339076
205 2231.7623866428057 55.2559733360123 152.61482058249715 209 207.8707939185095 28279.15176163183 0.0 28223.895788295817
206 2235.7970700421383 54.27163412687069 154.24364511646263 209 208.51527924333334 28275.981787634268 0.0 28221.710153507403
192 2057.2357620634275 56.89597911413842 159.67039902244935 211 216.56637813658776 28476.34369472323 0.0 28419.44771560909
193 2108.0931491242113 56.07176917515079 155.37221017787834 211 211.44397935302914 28435.4074762271 0.0 28379.33570705195
113 1052.8521451035772 65.19819862995067 166.63576622828637 221 231.83396485823704 29494.34287609811 0.0 29429.144677468168
73 647.5847944215633 56.716341965048436 163.7149828418963 227 220.4313248069447 29916.413989928293 0.08595163701102138 29859.61169632623
99 957.6634528580181 62.008776668341326 172.72268806934045 225 234.73146473768176 29677.969111323997 0.0 29615.96033465567
194 2143.121911128238 58.162451283964565 163.249829009492 215 221.41228029345655 28525.823705161205 0.10625133667326736 28467.555002540565
118 1091.1941909972434 57.77329944541162 166.6980412927643 225 224.47134073817588 29586.8656728295 0.0 29529.092373384097
181 1922.850460738092 60.695548707409976 162.56322095235117 217 223.25876965976119 28756.9745255504 0.0 28696.27897684299
182 1942.0368411964253 57.97603592039322 162.17706123538434 217 220.15309715577757 28744.744035517477 0.0 28686.767999597087
165 1758.2357811206914 57.62781602559027 167.7768900321461 219 225.40470605773635 28942.492534828485 0.0 28884.864718802895
171 1817.9535198796157 61.459271172051515 163.762971431815 219 225.2222426038665 28897.14000813736 0.0 28835.680736965314
132 1232.1111955300123 63.32571309111003 174.2027357814661 225 237.52844887257612 29491.15749245505 0.0 29427.831779363933
128 1164.9353550532142 62.63002956242191 167.19152811851134 227 229.8215576809333 29591.35816179993 0.614088849830523 29528.11404338767
175 1834.6922966203203 60.420353954339234 169.26256836598745 221 229.68292232032672 28930.845956177036 0.20669241128052818 28870.2189098114
67 600.8284648585195 63.36904452037317 180.20723753324103 235 243.57628205361428 30167.447623766762 0.07454211040283099 30104.004037135976
159 1692.500417967744 63.15637526357457 171.68389880470792 223 234.8402740682825 29085.949876317307 0.0 29022.793501053733
146 1523.6315953682897 61.82202695050772 173.49001047438065 225 235.31203742488842 29269.254745939394 0.22036117969014413 29207.21235780919
88 855.4400967275068 63.129877533835284 170.6881245945039 233 233.81800212833917 29947.191568685153 0.02203202846021668 29884.03965912286
158 1677.1732785702627 64.12394827701591 166.31304558353622 225 230.4369938605521 29135.517605868354 0.23234843869181532 29071.161309152627
98 951.7850667194973 62.56118904842312 173.15846653754247 233 235.71965558596557 29873.686563640134 0.07797377537804095 29811.047400816326
56 524.2223285262083 66.22886099637692 177.11461466364784 239 243.3434756600247 30302.37367697523 0.0 30236.14481597887
203 2217.3114893473758 62.164888634585 163.5169788654733 221 225.68186750005827 28611.212923684616 0.19332689397515423 28548.85470815605
139 1342.7043341826593 60.59818016304284 169.07987438110158 229 229.6780545441444 29492.086685220325 0.0 29431.48850505728
190 2045.675484743679 64.52466016688803 168.00446739061036 223 232.5291275574984 28796.274093105243 0.0 28731.749432938355
72 642.7060165287959 65.99852044070008 175.46130933948854 239 241.45982978018858 30208.926450044888 0.09020143634131728 30142.837728167822
116 1082.2095852485681 64.31410881636383 174.5071453696379 233 238.82125418600174 29770.061165299194 0.0 29705.747056482833
198 2192.2026423554457 63.32695992856028 167.13438247499738 223 230.4613424035576 28664.390921020495 0.146689258394872 28600.91727183355
125 1137.7169028356257 62.63225486301871 171.74826867764367 233 234.38052354066244 29725.020759373416 0.0 29662.3885045104
168 1773.5330439721943 66.87709403044029 173.79313469611137 227 240.6702287265516 29091.24713536214 0.0 29024.370041331695
151 1591.61938117136 60.71959620028411 168.73267695522276 229 229.45227315550687 29276.251807758577 0.0 29215.53221155831
180 1894.0158403002301 65.15153591026632 163.7371700509556 229 228.88870596122192 29000.753864855506 0.0 28935.60232894523
197 2189.9331520896967 62.39520811896791 173.56189881995198 227 235.95710693891988 28709.620855320576 0.0 28647.225647201623
75 661.611441444879 70.81586307834242 180.55843164463727 243 251.37429472297967 30241.50044794927 0.2686941851990241 30170.415890685716
169 1787.062764678447 59.655741304395605 172.44172392562353 231 232.09746523001917 29119.395956259963 0.0 29059.74021495558
63 565.5771605369205 66.30730109482356 181.3706553919673 245 247.67795648679083 30342.094622911918 0.16189634349780135 30275.6254254736
144 1483.8564763475085 67.59072548226443 174.09003718157535 235 241.68076266383974 29433.435865754233 0.1418315039479694 29365.70330876802
112 1050.9323644326923 62.713537714854105 179.81500642909344 241 242.52854414394753 29876.776529038325 0.0 29814.06299132345
207 2241.053223028957 62.729663770822285 176.15659035515168 231 238.88625412597395 28691.767683336668 0.0 28629.038019565844
108 1010.070519470606 64.98004266008923 178.30396231958522 243 243.28400497967448 29924.200863131915 0.12001941910739333 29859.10080105271
40 331.60749722492795 67.34182401672477 183.21410551701942 253 250.55592953374415 30603.769860107677 0.24449484603223937 30536.18354124491
45 377.2200379854961 68.78001136854533 190.82807977461945 253 259.60809114316476 30561.42349051425 0.0 30492.643479145707
199 2196.212821731694 67.18294213260606 174.43467604286596 235 241.61761817547205 28746.13773412561 0.0 28678.954791993016
176 1836.0257085329615 67.39418541640836 184.15867773741752 247 251.55286315382594 29117.44134203058 0.0 29050.04715661416
