# Cpu scheduler: srtf
# Quantum: None
pid arrival_time cpu_bursts_time io_bursts_time nbursts bursts_time tat ready_wait_time io_wait_time
5 16.527701449153057 27.684309604681978 19.016033932050615 3 46.70034353673259 153.43092088809212 75.0867043586723 50.659906924737825
7 17.543930332843235 33.72402956642393 10.700280196479866 3 44.424309762903796 402.30712918347996 305.1942788752261 63.38882074182996
9 24.196017651747482 84.07395722598139 47.755580295655065 9 131.82953752163647 784.4312513603686 212.74136072702413 487.61593340736306
8 20.756706902822643 92.64910152215086 64.94431917838496 11 157.5934207005358 889.8149545333664 216.39357949579608 580.7722735154196
3 3.769243647264475 66.81026950540068 55.12460851987617 9 121.93487802527684 1049.4991438410943 501.0392792267337 481.6495951089597
18 57.98909065344806 114.02912012375158 87.38607940491505 13 201.41519952866662 1059.3090045791732 135.18610630787282 810.0937781475488
15 43.14878213620162 105.67384786219613 87.76307321043932 13 193.43692107263544 1392.7799388266371 321.64619246142007 965.4598985030209
12 38.206544483709514 115.74716559191415 110.87327031657387 15 226.62043590848805 1528.1491965776793 235.25772948275008 1177.144301503015
17 50.62575453608898 98.67571127128491 69.10347509632565 11 167.77918636761058 1699.700515063024 537.2989204932248 1063.7258832985144
1 3.2189494127311673 130.91914846690327 119.61877941501163 17 250.53792788191487 1791.606336586272 268.0482517077595 1392.6389364116092
13 41.31569636540189 45.475757466327074 112.76274192569657 153 158.23849939202367 20499.236929642633 1.0248135201373998 20452.736358656166
6 16.77377225477604 48.16135767373614 122.79885621703347 169 170.9602138907696 21886.57699111106 0.7618723145498691 21837.653761122772
2 3.5656666359434417 51.93537430648001 135.30504135699525 183 187.24041566347523 22891.199946125646 0.45352085337159975 22838.811050965793
42 297.1203415127787 41.120579728938665 119.536184104209 163 160.65676383314766 23297.18966608441 0.3737083299656092 23255.695378025517
29 185.73347048860774 45.56177629895271 121.66307235494416 167 167.22484865389688 23446.15890668035 0.20885730371355749 23400.38827307769
20 74.18236986914653 52.6376252656422 133.5264779414536 177 186.1641032070958 24387.478170841176 0.0 24334.84054557554
97 962.367422150717 44.79704263329707 122.88339547154534 161 167.68043810484238 23632.00741722087 0.0 23587.21037458756
101 993.8692675878839 44.799809039351224 116.37273145463178 161 161.17254049398304 23654.326560680493 0.0 23609.526751641137
19 73.7938065618553 53.80401821884753 132.83553859461747 179 186.63955681346496 24676.26031989615 0.0 24622.456301677306
83 854.0221839220513 49.12850988434618 119.82923014719263 165 168.95774003153883 24173.618713481857 0.41879770324339916 24124.07140589427
182 1717.1047744852558 43.59469545623467 123.75586880235507 161 167.3505642585897 23869.67183141617 0.0 23826.07713595994
108 1047.6535352849914 45.562235003851434 122.78493172025026 167 168.34716672410173 24556.45023001363 0.0 24510.887995009787
139 1376.8753676549436 43.671071706070244 127.00085346956992 165 170.67192517564018 24381.116515012513 0.2522412119499222 24337.193202094488
4 8.866317420546213 49.71052177439767 147.90076399491068 201 197.61128576930838 25792.975311581216 0.0 25743.264789806817
21 83.22562409031985 54.52015627944489 137.50368157838523 189 192.02383785783013 26194.249195963603 0.2585887536831706 26139.470450930465
120 1181.1205207704327 45.868440499035856 125.44647214168512 171 171.31491264072096 25150.949944315213 0.5465642937199391 25104.534939522455
58 469.26176298385104 47.93435035974221 127.16526206176059 179 175.0996124215028 25890.1923972518 0.4236345799326955 25841.834412312124
129 1280.1294823741896 48.783366473049355 126.51452819855938 171 175.29789467160873 25175.357125261336 0.8033057712561913 25125.77045301703
31 194.2418992293131 55.467010304614114 139.2882542627327 187 194.7552645673468 26346.537600670268 0.0 26291.070590365656
0 3.2189494127311673 56.83029389943346 157.08954329720126 209 213.91983719663475 26554.087303472537 0.8954222572783248 26496.361587315834
115 1152.3666510469134 46.21707637279336 131.40601972515785 173 177.6230960979512 25416.9181090323 0.0 25370.70103265952
75 666.6940108334741 53.17032318274753 131.82883323627746 179 184.99915641902498 26049.23669347087 0.0 25996.066370288125
158 1565.0923320759775 45.859146635163945 128.90259093491312 171 174.76173757007706 25214.904338373344 0.0 25169.045191738183
53 420.58570437535985 52.51410486397928 136.87615265915798 183 189.3902575231372 26361.02525211204 1.0717513331703685 26307.439395914895
10 26.180605667255904 51.75862909297807 150.4238098299955 199 202.18243892297355 26784.31855397023 1.141447606121897 26731.41847727115
71 594.1865658924056 48.376388574736104 130.22956814473966 181 178.60595671947576 26284.60147825374 0.5513690756471306 26235.67372060336
56 456.14020039665814 50.57241966327143 138.48640883044177 185 189.05882849371318 26656.96833937122 0.04629006711411421 26606.349629640838
16 45.33702939511565 49.40161025126185 150.13610263762212 199 199.53771288888393 27124.334182331564 0.7116668972806792 27074.22090518303
60 474.2757923301161 53.616502269099925 142.56970556065417 185 196.1862078297541 26707.763929965942 0.23290753567533784 26653.914520161157
209 2028.5147834339487 48.33174198871181 125.23433429518164 171 173.56607628389344 25224.414586764313 0.0 25176.082844775603
52 405.51778963879747 52.05993017708863 138.13172866750637 187 190.19165884459505 26879.888567616028 0.8817283416173041 26826.94690909732
47 370.0907608371976 51.93766331607587 144.77570363666086 189 196.71336695273675 27082.78946005174 0.0 27030.85179673565
104 1027.7681219170404 52.048779398991094 138.33440790558214 181 190.38318730457328 26436.244067299856 0.0 26384.195287900875
55 455.5953589572914 52.245488246508216 140.51716128193024 189 192.7626495284385 27166.601347440082 0.015624592368681078 27114.34023460119
183 1719.8842814981065 49.790215677055606 127.45460443168925 177 177.24482010874482 26004.17129176069 0.0 25954.38107608363
50 401.73938761654256 52.8738485782349 143.47517073386635 191 196.3490193121013 27351.03822593571 0.0 27298.164377357472
51 404.7238242985523 54.86334544813789 143.91959325149568 191 198.78293869963352 27376.460839852378 0.08637864145680396 27321.511115762794
175 1668.9057867776771 55.114831117923615 134.42198928315793 179 189.53682040108157 26250.283117282437 0.247305424077922 26194.92098074042
59 473.5210200874235 57.95580925918307 138.58536736444768 191 196.5411766236307 27454.922104385598 0.38774905696652695 27396.578546069442
207 2013.6450569342087 45.80484754373891 132.57321877007098 177 178.37806631380988 25979.078432100967 0.49657708721792915 25932.77700747001
90 902.9468516189136 51.16647824046121 140.01034070903452 187 191.17681894949578 27143.13175856407 0.852800108627207 27091.112480214982
117 1172.0634769728322 46.564082385560226 135.54998155185172 185 182.11406393741197 26935.265414852078 0.03791005741868503 26888.663422409103
48 381.0418622142084 60.69211891052057 147.14944745174668 195 207.84156636226726 27829.563098416915 0.9187155834537748 27767.95226392295
28 173.3248779088038 55.49953077288487 147.66882618655646 201 203.16835695944133 28073.46726481954 0.1841834155811739 28017.78355063105
134 1329.691747338167 54.36662223951102 136.27213545779586 185 190.63875769730686 26951.89260511775 0.630190040291609 26896.895792837942
91 904.4330293406683 56.18006173553857 144.4699871376763 189 200.6500488732148 27379.43724898142 0.9770486583653337 27322.280138587517
137 1357.4735145458574 51.47648522423726 136.70139880019806 185 188.17788402443534 26964.452375871442 0.0 26912.975890647205
95 946.7522603103231 50.6711399844891 138.1108098462771 189 188.78194983076617 27382.367735360694 0.0 27331.69659537621
123 1199.291061220806 48.89591348766439 143.09936283654216 187 191.99527632420651 27173.051159802486 0.0 27124.155246314822
14 42.86344598165347 60.38098524066092 153.8063951172174 209 214.1873803578783 28355.463308378745 0.2279096131917413 28294.854413524885
82 801.3096995051822 49.590254514812045 139.5211350517456 191 189.11138956655765 27617.35556410043 0.0 27567.765309585626
84 858.4220780105388 52.74330501281236 143.70960569909414 191 196.45291071190647 27600.6182976141 0.06243941712000378 27547.81255318416
110 1083.8045216730786 53.27878720209159 136.60281465406052 189 189.88160185615214 27400.633419950467 0.0 27347.354632748382
44 324.40511569109964 53.86787447683412 148.94889858835325 199 202.81677306518736 28192.760738011424 0.0 28138.8928635346
160 1577.8430491856273 48.956454016998954 138.8420871269218 185 187.79854114392077 26947.75168785281 0.0 26898.795233835815
135 1348.9445618246377 52.8998754893556 141.0526920194556 187 193.9525675088112 27190.324765478683 0.05458164579431468 27137.370308343532
199 1924.7250644916744 52.26694379347373 136.60287476793422 183 188.86981856140795 26684.754653306733 0.5456897279577788 26631.9420197853
40 281.8579045688401 58.46573583862679 146.31072379453602 201 204.77645963316286 28363.261807996518 0.07165383025699157 28304.72441832763
32 219.2916589686874 53.05875477292884 151.48623248255163 203 204.5449872554805 28439.467788618695 0.6551910007256652 28385.753842845046
35 238.43928440456222 54.183512308540045 151.55738120407034 203 205.7408935126104 28496.315628497367 1.5131550283894057 28440.61896116041
94 942.4048736597701 52.69900915906806 147.52800027963207 193 200.22700943870015 27829.60706037577 0.0 27776.908051216695
118 1175.5669394208612 52.209245657922565 133.87722801932577 191 186.08647367724836 27614.099630906592 0.1915925718510607 27561.69879267681
79 761.7494196249133 52.33294470350398 142.28009408874266 195 194.6130387922466 28035.297029141933 1.1037308153559025 27981.860353623066
171 1637.4944993719232 50.78414515155601 138.40223753594233 187 189.18638268749834 27164.565543628953 0.0 27113.781398477404
98 987.8325710690928 53.22184358232887 144.42190653544225 193 197.6437501177711 27819.38033691709 0.0 27766.158493334755
179 1685.212736615152 51.299260886226236 140.07820966362476 187 191.377470549851 27161.81741191831 0.0 27110.518151032084
109 1073.512116024823 51.847970615928865 145.57037013886222 193 197.41834075479107 27831.855417944873 0.0 27780.00744732893
49 401.7219113389269 53.63359602397741 148.13948759951805 201 201.77308362349544 28514.71063331042 1.0651914595967469 28460.011845826848
136 1354.7507734760172 56.600090903527764 141.4013160289295 191 198.0014069324572 27610.17923666023 0.0 27553.579145756703
22 85.14872934025317 57.967925168198576 152.68948901417912 211 210.6574141823777 28912.34684522968 0.2945174044414074 28854.084402657038
80 778.0564565492633 55.277355633393015 149.24798069503743 197 204.52533632843043 28232.87229493903 0.8340487228908842 28176.76089058276
103 1007.146812444622 53.24277428127715 146.90569040813554 195 200.1484646894127 28027.07213450731 0.7080076043998815 27973.121352621634
33 223.99704895673793 55.45184159348734 151.3450646399127 207 206.7969062334 28840.080671667794 0.0 28784.62883007432
206 2009.3780513895076 54.12270613104027 141.77530013301978 187 195.89800626406003 27076.00849112361 0.0 27021.88578499256
43 320.44301579254966 56.99121105953556 149.1216115518496 205 206.11282261138513 28816.495199470042 0.8687513224089685 28758.635237088103
66 555.0867480216523 58.97502239010953 148.5927620482731 201 207.56778443838266 28592.78366074128 0.24314229849915137 28533.565496052677
195 1824.4347893987542 51.089094987744126 142.2419902574005 189 193.3310852451446 27325.19024325345 0.0 27274.101148265712
169 1604.8020487832712 53.316876778872235 147.11016441766859 191 200.4270411965408 27570.628071545318 0.0 27517.31119476644
205 1988.2309254540444 52.8760932419687 144.39830558660785 189 197.27439882857652 27274.21817044148 0.0 27221.342077199504
150 1482.7961766423325 51.59686902731132 144.2133426329001 193 195.81021166021142 27784.596765725142 0.0 27732.99989669783
131 1283.2878809697243 56.241024161075174 142.704149741507 195 198.94517390258216 28005.579459976118 0.36314452454848833 27948.975291290488
64 535.4913444457342 57.408668380072235 149.66002170165834 203 207.06869008173055 28767.778055890572 1.1081147966867775 28709.26127271381
164 1582.7942367756236 54.9476972230477 143.89520184596637 193 198.84289906901407 27758.86479036538 0.0 27703.917093142325
11 28.975676447278904 63.428086080582496 169.30838420670162 221 232.73647028728408 29314.432668885936 0.0753050684241714 29250.929277736926
196 1852.028781569541 50.867591485356556 135.26446510361873 191 186.13205658897527 27501.35108231218 0.1081946632027666 27450.375296163627
168 1600.5919893577918 53.68706092298651 144.28009638381693 193 197.96715730680344 27755.141324285723 0.0 27701.45426336274
114 1143.902567074699 55.18048564428692 137.2911482284145 197 192.4716338727014 28214.91174923703 0.0 28159.73126359276
73 597.1984235225557 53.785815577259704 149.4808736040353 203 203.26668918129496 28795.146146513216 0.22009466075644468 28741.14023627521
143 1431.3055292447646 52.65186570069946 148.37148603325775 195 201.0233517339572 27967.501116391206 0.0 27914.84925069051
144 1441.4860159483628 54.33848299967782 140.27437190007612 195 194.61285489975393 27968.14272778776 0.0 27913.804244788087
178 1683.9422842802499 53.00488124752628 144.2407524832526 193 197.24563373077888 27732.81559305238 0.0 27679.810711804847
107 1042.6423622011716 54.38799001901945 153.76506632525545 199 208.1530563442749 28405.72626463709 0.1842141224540228 28351.154060495617
193 1793.1571316499649 54.592997014944615 149.7012077143241 193 204.2942047292687 27698.07141476565 0.0 27643.47841775072
145 1452.3477284526023 62.080518864076204 149.03923648265604 197 211.11975534673218 28122.30078989128 0.0 28060.220271027196
24 93.04804285896907 59.68001691347168 160.5604023603533 217 220.24041927382498 29484.544161069847 0.8620483503661944 29424.002095805994
208 2016.3361676580666 54.8644296003976 143.34167026431274 193 198.20609986471038 27602.794753252274 0.3740337168899259 27547.556289934997
26 127.13810745180925 59.819466033429364 159.01146887108985 217 218.83093490451918 29511.948476823385 0.22140504181828646 29451.907605748143
191 1789.7715093638008 54.289090985019826 147.18029697400678 195 201.46938795902656 27856.806227675064 0.17896072864164125 27802.338175961402
65 546.9350619698815 56.02910383745009 162.42564039595314 207 218.45474423340318 29102.700928914684 0.0 29046.671825077232
67 556.8545284693722 56.5111665101818 156.56174154768826 207 213.0729080578701 29114.9106403954 0.024669222965030713 29058.374804662242
165 1586.649333553814 51.66321688942749 147.69666614364525 197 199.35988303307272 28086.050003568547 0.0 28034.38678667912
203 1959.1863293546282 55.56961945650436 148.4121674957558 195 203.98178695226017 27779.878665542103 0.0 27724.309046085586
186 1760.7977302095642 48.586600252013675 141.91507260736043 197 190.50167285937414 28016.642391359404 0.0 27968.055791107377
132 1291.4644485556798 54.94946089419686 150.49604237335973 201 205.4455032675566 28487.77166487359 0.0 28432.822203979402
76 698.5129167973682 56.577432563617506 152.08058832968305 207 208.65802089330055 29106.302815570616 0.9713643518859953 29048.75401865512
69 578.9838309619482 58.75467691951705 155.6353799568066 209 214.39005687632365 29263.76302581323 0.1658718963086585 29204.842476997397
70 580.758152033175 64.04690484323098 152.21756381549022 209 216.26446865872123 29263.951850431844 0.559218119893444 29199.345727468717
121 1181.8071252239415 60.58828381821338 151.29628861462965 203 211.88457243284304 28672.993061124933 0.6667960544803009 28611.73798125225
173 1667.6820062547083 57.500300966076125 142.39410111226294 199 199.89440207833908 28206.05262925366 0.1741334295629713 28148.378194858018
201 1952.298056157989 56.55375368529069 149.00901951555525 197 205.5627732008459 27930.73699829597 0.13942296071809324 27874.04382164998
149 1480.7275323007948 58.61579875491484 141.84213298992128 201 200.45793174483612 28427.12698245189 0.6417402471377045 28367.869443449832
128 1271.828814462591 52.08444242628346 155.64929836918586 203 207.73374079546932 28643.42817733544 0.0 28591.34373490916
86 879.7585513419267 57.44527593815549 154.73668195651527 207 212.18195789467075 29047.864765401166 0.3287920780587683 28990.090697384967
87 883.2918910621047 55.78564427156715 155.0099891016874 207 210.79563337325462 29045.489412489846 0.0 28989.703768218264
116 1167.0756205211842 57.97564741735896 153.2723853929365 205 211.24803281029548 28814.869842011205 0.0 28756.894194593842
140 1385.0413083013063 58.28142711692647 151.194371743289 203 209.47579886021543 28602.556342510157 0.0 28544.274915393224
122 1195.1791407277735 54.32114371372796 147.83494366602199 205 202.15608737974995 28804.22503237376 0.662788666861843 28749.241099993185
72 596.868410318684 58.54394955762234 162.43877755281062 211 220.98272711043296 29409.33299674954 0.3679838883779212 29350.42106330353
81 791.0182513296851 56.460571444327854 161.6311610332143 209 218.09173247754214 29220.527753930455 0.0 29164.06718248614
146 1453.3621723929423 61.037280551282464 150.85176017976104 203 211.8890407310435 28565.427308824965 0.0 28504.390028273687
39 269.2355770250208 62.77122940760893 164.16626417013916 217 226.93749357774806 29751.88970044697 0.6980309886318992 29688.420440050726
147 1466.1215772168134 55.13377823807209 151.2222482409881 203 206.35602647906023 28558.945760833965 0.0 28503.811982595904
27 158.47492158208522 59.25755963611395 161.13058668019258 221 220.38814631630652 29879.212589509574 0.0 29819.95502987347
34 236.22090903764703 64.16176091682135 167.24114042585867 219 231.40290134268002 29832.755454353057 0.0 29768.593693436236
89 902.7606369104886 56.81186246758376 156.53844435897952 209 213.35030682656327 29176.395705421943 0.0 29119.583842954355
92 911.7261703622246 52.58155147698576 154.90660434675624 209 207.488155823742 29171.63786602115 0.0 29119.05631454416
119 1178.5938230071413 57.771224040564576 156.9835294212739 207 214.75475346183845 28936.897891489203 0.1692089678551838 28878.9574584808
174 1668.2729078807592 54.10957925253276 152.2431362084608 203 206.35271546099358 28464.78563061858 0.19700045619492812 28410.479050909842
102 1007.1296617989703 54.187076392397735 151.02267969552418 209 205.2097560879219 29131.103046214343 0.31937025992181134 29076.596599562028
106 1039.6268905961447 58.42828902562601 152.79340881658885 209 211.22169784221484 29118.10902605874 1.1990015951550959 29058.481735437956
25 99.72144279187152 59.702608464060305 163.6641137840852 225 223.36672224814546 30059.48807716315 0.38162757868335007 29999.4038411204
151 1499.58705802856 56.21996145603194 151.6139191187572 205 207.83388057478916 28662.67042204993 0.46107514104824077 28605.989385452853
63 527.3185412911513 64.09149098683625 159.13260603283342 215 223.22409701966967 29641.418252585914 0.21137435411105798 29577.115387244972
156 1552.2588339722365 58.496792122238 153.97526708123553 205 212.4720592034735 28632.31381952401 0.19801931243910076 28573.619008089332
133 1323.1617866044917 61.597822721424805 154.0432037296209 207 215.64102645104572 28868.612857308377 0.18592513523003618 28806.829109451726
100 992.6417024874678 60.42239424202148 162.71409671184782 211 223.13649095386933 29244.56120283594 0.20039050854188645 29183.938418085374
176 1668.9975975190248 56.82470161900287 151.7624478672369 205 208.58714948623978 28573.97906151171 0.9711220260719529 28516.183237866637
111 1105.1106679783966 57.24260134447928 155.98857284146246 211 213.2311741859418 29179.969670399507 0.023834756609858232 29122.703234298417
167 1594.9614681903236 56.91013290822579 154.52661147278803 207 211.43674438101385 28710.783831136727 0.0 28653.873698228505
77 744.1775201211624 64.82923515919036 159.01638496156625 215 223.84562012075662 29569.536192775293 0.4276251812462988 29504.279332434846
57 457.48995469661696 63.310666857002815 161.77898204358763 219 225.08964890059048 29863.097554468844 0.15970889898540008 29799.627178712857
23 88.34965196773496 62.34943940054306 173.67616849066775 229 236.02560789121077 30243.639653439255 0.0 30181.29021403871
185 1747.134232617487 59.79263195069974 149.8524062169343 207 209.64503816763397 28616.14255547771 0.0 28556.349923527014
159 1571.1183419728004 51.97864200403013 154.9689370986428 209 206.9475791026729 28812.827760729702 0.5976794312537095 28760.25143929441
30 188.6583425407008 66.83760631903274 169.30839284957457 227 236.14599916860732 30196.69526675998 0.28695973875315417 30129.570700702207
112 1120.8634042929007 63.52302474558034 166.8669682710684 213 230.3899930166487 29266.772110987557 0.008259680102582934 29203.240826561872
162 1578.830359798115 56.968380609220375 158.99756229773612 209 215.9659429069565 28811.796238931893 0.0 28754.82785832267
163 1581.1694198907644 61.661370953140526 158.52446080276206 209 220.1858317559026 28811.965823564715 0.0 28750.304452611563
45 336.6269761469459 59.93234202409725 161.13593264499832 223 221.06827466909556 30062.07949855712 0.0 30002.14715653301
68 575.7537100086079 65.40771123238274 160.52939702190335 219 225.9371082542861 29826.697892314765 0.26630393682626163 29761.023877145566
138 1369.8283753487117 57.58659542655678 164.56123509109713 211 222.14783051765394 29035.40620596966 0.0 28977.819610543123
197 1890.7713036963717 59.5474088315252 150.13900030690667 207 209.68640913843188 28518.995676921983 0.17389245915501306 28459.274375631303
200 1927.2606397156549 62.431305486419944 157.1611484978791 207 219.59245398429908 28492.944583974953 0.0 28430.513278488546
88 883.8118674618173 58.384261469588935 158.89317557647138 217 217.27743704606036 29566.753864963426 0.2087329208071651 29508.160870573025
190 1789.0690630964045 59.08564607412519 158.57430087358136 209 217.65994694770654 28670.62859358344 0.0 28611.542947509315
157 1557.962125204557 59.36665675012696 157.6693399248168 211 217.03599667494376 28905.06296864944 0.0 28845.696311899323
161 1578.5786407748353 52.7309191778089 155.2591034952672 211 207.99002267307606 28888.62367650951 1.5127356834245802 28834.380021648263
113 1131.3332087984793 55.33414327038288 158.68661383449646 215 214.02075710487935 29336.876698576212 0.19363002383556704 29281.348925281993
166 1590.5536970951466 59.82877641165185 154.40131144808103 211 214.2300878597329 28879.299455665347 0.0 28819.47067925369
93 936.9252238813805 60.409277297561 160.00294435065936 217 220.41222164822037 29534.536506592463 0.10918300229263878 29474.01804629261
198 1914.0377084186389 62.8195437744247 150.5347427183092 209 213.35428649273388 28574.346592217025 0.0 28511.527048442604
41 285.8171947894984 62.902025577799556 166.92183873265455 227 229.8238643104541 30210.59688057386 0.3042802841860066 30147.390574711873
62 495.9087305350635 61.584128912020155 168.71890516442332 223 230.30303407644348 30005.94481122976 0.0 29944.360682317747
74 652.173826838619 60.20001778398919 164.42509856058416 221 224.6251163445733 29860.645600607033 0.11686376114380437 29800.328719061894
152 1506.9154729968589 61.329785763416986 155.93795528018873 213 217.26774104360567 29008.630796819445 0.4651708051133028 28946.83584025091
54 455.18613260554355 59.57116282959143 171.81593621444443 225 231.38709904403584 30083.48760472591 0.0 30023.91644189633
170 1622.852632443487 59.30670186154777 162.69888134061196 213 222.00558320215973 28917.080514762067 0.1376455357121813 28857.636167364803
99 989.957267920541 62.18954625708901 162.5127674791186 219 224.7023137362076 29559.042979196547 0.0 29496.853432939446
181 1709.0884679031458 60.284491770055894 153.7948224357326 213 214.07931420578853 28856.48062288818 0.12972230653485894 28796.066408811585
184 1736.7883428075634 57.37401013760927 157.59356236951928 213 214.96757250712858 28832.90935361945 1.5303726627453216 28774.004970819075
85 879.1896273477237 59.04713434717511 163.25363627636588 221 222.30077062354098 29694.283597965696 0.0 29635.23646361851
37 259.3929396842882 59.6901352414833 179.37998070181553 231 239.07011594329884 30327.318686492083 0.14818843044855612 30267.480362820144
36 251.33821797569516 64.08931275710285 168.7252397766176 233 232.81455253372042 30380.38239949595 0.0 30316.293086738857
155 1550.9316049213305 60.54033945480532 162.86126249248662 219 223.4016019472919 29116.656674664155 0.14536709239337142 29055.97096811696
38 265.81848463434056 62.89308265755013 182.45618571261176 235 245.3492683701619 30416.72402619322 0.0 30353.830943535675
202 1957.9379633897963 56.574033620548136 162.60909755596094 217 219.18313117650908 28727.991853726686 0.0 28671.417820106144
153 1519.6592362776817 62.74366095485891 160.78549253582543 221 223.5291534906843 29182.26588737554 0.7576078407455498 29118.76461857992
46 341.81732381595015 64.94793878786079 176.3662617596781 235 241.31420054753892 30371.80197061173 0.0 30306.854031823874
172 1642.738797130542 59.463564378275514 171.9418737354988 221 231.40543811377432 29073.79205284718 0.9037632942145137 29013.424725174693
105 1033.9593898352496 60.74325519398447 172.99637839665846 227 233.73963359064294 29695.053644111038 0.06461439570011862 29634.24577452135
130 1281.0547156994915 65.30755778361183 166.33873355758288 225 231.64629134119468 29453.629622768076 0.8306855532039208 29387.491379431252
204 1964.2075574945766 62.66074765948039 159.6039362590404 221 222.2646839185208 28789.534038074908 0.24254029203689242 28726.630750123382
154 1530.1225156097596 60.26345732608543 165.03740235365433 225 225.30085967973974 29235.39808647295 0.8490045762707723 29174.28562457059
180 1699.6342349054116 58.19497523207946 168.53591503175772 225 226.73089026383718 29086.373611656254 0.12954677499214995 29028.049089649194
126 1261.806430385652 63.612183267318215 173.16351520073025 229 236.77569846804846 29526.959483674193 0.0 29463.347300406862
78 748.0734790140779 65.36690709043944 173.7111590484149 235 239.07806613885438 30053.892736885133 0.016698782283356195 29988.509131012408
177 1672.169056208207 59.080984765434586 171.67776283717245 227 230.758747602607 29134.602503202572 0.0 29075.52151843714
124 1238.2977365679708 67.20006519043515 172.86839741179296 231 240.06846260222812 29571.692811396577 0.0 29504.492746206135
125 1249.8141342545825 61.11881679283167 175.7510585341423 231 236.869875326974 29561.17846779579 0.0 29500.059651002946
142 1409.6179620710852 59.89296523468189 172.29776646087103 231 232.19073169555293 29416.0486628015 0.6897246864202771 29355.465972880396
188 1778.5865823623149 65.88651198417233 169.0225490750624 229 234.9090610592347 29054.344529361664 0.6443730672099264 28987.813644310274
194 1800.304846819089 63.959044707330555 174.36153605106037 229 238.32058075839092 29036.581067894953 0.0 28972.622023187636
96 960.8570943083871 65.43469881780325 178.72832958129206 237 244.16302839909525 29877.675758704303 0.0 29812.2410598865
61 475.7558071082845 63.97854576040813 179.36913951557113 243 243.34768527597925 30366.638285097157 0.20081105382712394 30302.458928282922
148 1472.4399885372056 63.270792403779275 171.333824132357 235 234.60461653613623 29378.777976865356 0.0 29315.507184461574
127 1267.6098472450328 67.35307600974777 185.63886548165004 243 252.99194149139782 29606.716937180376 0.0 29539.363861170626
187 1775.2348992587831 69.2959699377181 179.5183221440717 239 248.81429208178986 29101.347186591058 0.0 29032.05121665333
189 1781.3980883192405 64.26286220102072 177.81813896967648 243 242.08100117069722 29105.30605261066 0.2653105662463986 29040.7778798434
192 1792.9659882440349 66.1185817467246 185.08258890117025 243 251.20117064789486 29095.21148978574 0.37689075174694153 29028.716017287275
141 1406.414514206522 68.03052018815175 184.20136888009074 249 252.23188906824254 29485.70608069039 0.0 29417.67556050225
