# Cpu scheduler: srtf
# Quantum: None
pid arrival_time cpu_bursts_time io_bursts_time nbursts bursts_time tat ready_wait_time io_wait_time
3 23.61074333579739 59.32334134313547 42.37556696087 7 101.69890830400547 605.626793815681 202.8904106246433 343.4130418479022
10 46.818286713380026 47.257126174111825 30.766225038835575 5 78.0233512129474 664.9523039234739 492.78739159556665 124.90778615379546
7 39.8830165947698 29.962903307919163 12.568377152463341 3 42.531280460382504 707.2112502636901 507.3302213208596 169.91812563491123
4 30.004516273484015 86.95999316807116 73.81462546701182 11 160.77461863508302 743.7684059773061 202.4467543426442 454.3616584665908
9 44.944247532591426 66.99210957158087 49.33476146755481 7 116.3268710391357 795.0231898997652 274.83524941636176 453.1958309118225
1 10.332278206367224 102.34006665899346 90.40564934587826 13 192.74571600487167 1023.1060130595262 238.15193925290487 682.614007147628
15 56.18771208152722 97.8595055389556 82.09383342971853 11 179.95333896867413 1031.5945859994144 204.29323105364654 729.4418494068125
6 33.081423837063575 108.95803350057335 86.91502253255088 13 195.87305603312421 1169.9046851515857 204.44844326221676 856.4982083887955
13 51.076253543139615 138.21603240553057 123.06483203400889 17 261.28086443953947 2235.8933875761218 339.6451251246281 1758.032230045963
8 44.78848012141107 150.94593784810974 113.45258766537493 19 264.3985255134846 2286.8077425324277 313.51288691359 1822.3489177707281
2 15.040146286465513 38.10060765446032 117.31548570481698 155 155.41609335927728 18823.83526220203 0.2173241417489855 18785.517330405826
26 166.80581241953334 40.79203943095956 110.82527606473464 151 151.61731549569419 21285.76467040343 0.04008405498063894 21244.9325469175
95 797.1984606761093 38.83211868874435 105.82221867914365 141 144.654337367888 20734.00869979371 0.8671244609755604 20694.30945664399
20 88.83749329800773 42.447376538961805 125.74116212615498 165 168.1885386651168 22995.340054786815 0.5152318300429499 22952.377446417806
29 215.2343995360336 43.19716141622995 118.20312411276561 161 161.4002855289956 22939.54599033551 0.0 22896.348828919294
0 10.332278206367224 55.29800889793271 140.981813726705 193 196.27982262463775 23874.08232751485 0.0 23818.784318616923
78 672.8433405885985 46.01334973671186 118.68652108858598 159 164.69987082529786 23304.7906539397 0.0 23258.77730420299
21 123.9831576593725 51.77213948659839 122.35457325305426 171 174.12671273965267 24065.899723224076 0.8159549578980716 24013.311628779575
44 408.84297528672835 48.84812987984474 126.32379931847431 167 175.17192919831905 24209.606403489768 0.0 24160.75827360992
27 168.79007340701395 46.20054384142561 125.68875991662729 173 171.8893037580529 24514.7480504878 0.0 24468.547506646388
28 214.44881306369564 49.0644392017858 126.86492616542847 173 175.92936536721427 24673.174877134465 0.0 24624.110437932683
121 1103.288711276743 43.321098871509584 119.23865917355893 163 162.5597580450685 24066.047432494935 0.0 24022.726333623425
114 1053.905358575253 45.850454614864574 126.36779187601051 165 172.2182464908751 24338.98399321903 0.0 24293.133538604157
69 602.7023731921302 45.81760278346504 132.70139068358458 171 178.51899346704965 25004.78122826895 0.0 24958.963625485485
117 1077.816728661882 46.23261528239464 128.02272473747965 169 174.25534001987427 24907.03843095168 0.48954321304563564 24860.31627245624
50 434.6856597560536 45.49298754693386 131.37801609805643 177 176.8710036449903 25686.521938374626 0.47221018482377985 25640.556740642878
107 981.9477615361595 46.57597545053151 128.1796175266897 171 174.75559297722117 25165.475068692816 0.0 25118.899093242297
11 49.070590986478535 55.759967320184586 145.3016815407963 189 201.06164886098082 26108.360261851063 0.1595650808628193 26052.440729449998
34 252.4338383649478 47.921672876217755 139.85273380695432 183 187.77440668317206 26187.49158644132 0.47856519459264746 26139.0913483705
37 279.91502124582865 50.84988109409034 130.3109223747469 183 181.16080346883723 26249.680658632144 0.09966231284050764 26198.731115225208
201 1787.7641086400524 43.19265493408551 125.15537428605172 167 168.34802922013728 24768.629630100444 0.0 24725.43697516635
45 418.7552981309327 52.34376733476032 133.87239692505176 181 186.21616425981205 26197.112013985046 1.5279117254414132 26143.240334924856
176 1610.717152883346 50.029789370632976 126.32084583526067 169 176.35063520589364 25034.42142309773 0.1444812356564853 24984.247152491436
51 441.1128641195015 48.780017396572326 132.13390669442526 181 180.91392409099763 26248.49177836028 0.4483191196352436 26199.26344184407
167 1496.9871950863462 47.74556009339776 129.4957801746247 171 177.24134026802247 25305.378133795657 0.04547990117976042 25257.587093801078
140 1290.0837528255486 48.45294429635594 127.22118547038835 173 175.6741297667443 25545.967439950688 0.0 25497.51449565433
152 1369.4261355463889 51.079424949309676 127.2418361539795 173 178.32126110328917 25551.91615619118 0.0 25500.836731241856
134 1203.451271020859 48.26273092162696 133.2000679615669 175 181.46279888319387 25779.6095122303 0.916625677439697 25730.43015563123
164 1469.5368030397738 47.56608898229678 129.26497905767062 173 176.83106803996736 25569.472740641024 0.554361410147294 25521.35229024859
79 684.4115608526504 49.701804117862366 138.71410299969358 181 188.41590711755592 26404.851528294465 0.0 26355.1497241766
60 557.723185379792 53.423758025918815 135.10935860706041 183 188.5331166329793 26579.21449850926 0.43495137078298285 26525.35578911256
66 585.0912858611553 48.25002742175586 137.65128394738602 183 185.90131136914187 26631.30660288034 0.5406445375961084 26582.515930920992
75 639.1560950335688 44.62946166627162 140.78103472196102 183 185.41049638823264 26646.216237119927 0.0 26601.586775453656
101 869.5299068582545 50.83915375605798 140.87292969196312 181 191.71208344802108 26446.246212238635 0.0 26395.407058482575
61 562.5886914815597 50.44658480575481 139.50579159329277 185 189.95237639904758 26839.612011646906 0.0 26789.165426841144
47 422.9993321071757 53.729011583760425 141.60339379342355 187 195.332405377184 26982.35063231649 0.0 26928.621620732727
174 1575.0645706156326 49.93861411173812 127.80962498428666 175 177.74823909602475 25836.56365626494 0.0 25786.625042153202
32 238.2501491290345 51.77802757745803 141.49278539930134 191 193.27081297675937 27203.07885620435 0.5443480510505196 27150.756480575823
89 755.2368382043578 52.310763345832896 141.33046032236982 183 193.6412236682027 26688.44927755954 0.8322779059288905 26635.306236307777
136 1231.9157641108418 54.480513305881665 132.6234558197578 179 187.10396912563948 26294.74233479929 0.0 26240.261821493423
98 863.6816868971853 54.58016306712888 138.8769206641783 183 193.45708373130714 26696.445131887485 0.6484076964418364 26641.216561123907
168 1498.1171792051512 47.13351018081995 133.5807154503928 177 180.71422563121274 26073.066787615757 0.0 26025.93327743493
139 1276.9275150869364 51.39342005696482 129.2860213204431 179 180.6794413774079 26303.125201737934 0.0 26251.731781680966
169 1505.2010617539315 48.8356705531252 133.12999428002118 177 181.96566483314638 26075.471705701486 0.4254957815060152 26026.210539366846
25 165.94378976982787 50.920973136550614 144.15565635420714 195 195.07662949075774 27450.604777544875 0.2717122151540252 27399.41209219316
204 1821.0889755264946 50.102771121229225 130.33031289211382 175 180.43308401334303 25800.313010946342 0.26430602248024115 25749.94593380263
146 1327.8175229599385 49.24065508939501 133.44474249370276 179 182.68539758309777 26299.432408696255 0.0 26250.19175360686
64 569.8261537457164 49.29169151078822 140.6318271402711 187 189.92351865105923 27097.31621562181 0.6587335758387098 27047.36579053519
94 771.1442295544152 48.129841301179766 138.87100391739682 185 187.00084521857661 26932.407805868737 0.0 26884.277964567555
53 447.5433526247879 50.952275155476826 144.07742615435438 189 195.02970130983118 27267.84124555031 0.2545339353586087 27216.63443645947
76 641.0041117521909 56.29613522192447 138.56095881050916 187 194.85709403243362 27134.094262974446 0.0 27077.798127752532
56 501.54140898940176 53.25967969442891 140.9701122814794 189 194.2297919759083 27289.645617049442 0.0 27236.385937355
39 284.7684758661512 57.49023443050291 143.07116228847207 193 200.56139671897498 27530.134519944342 0.29801442122493427 27472.34627109261
205 1821.1876362898122 45.69434701845226 135.24129695566495 177 180.93564397411723 26029.944721367476 0.04179572449424995 25984.208578624533
207 1833.115129793848 45.95144864337916 135.67094028210047 177 181.62238892547964 26031.50066554356 0.3249332773166316 25985.22428362286
125 1136.7431915940563 52.19763864667266 137.2589427984154 183 189.4565814450881 26736.296659295564 0.0 26684.099020648893
88 745.6903318378193 54.7676499064332 130.65389833800035 187 185.42154824443355 27148.79694814738 0.2725707365075323 27093.756727504435
135 1216.1338590853752 48.939558142551704 140.77111923201224 183 189.710677374564 26743.642236335603 0.0 26694.702678193044
197 1754.2760167933427 52.057831162039186 131.61511645697843 179 183.6729476190176 26270.25080223909 0.0 26218.19297107706
116 1077.145150396179 48.932673439810515 141.34741183515675 185 190.28008527496723 26955.079580465874 0.688986337552933 26905.45792068851
38 282.68457714919447 52.658142893474306 144.71546437702162 195 197.3736072704959 27753.2823884671 0.09122813589135603 27700.533017437745
102 915.2826552776853 52.4297299236269 138.89864963810894 189 191.3283795617359 27371.192879916816 0.062417582866828525 27318.700732410325
49 425.13585350829874 52.5773562716521 145.75616979634776 195 198.33352606799986 27898.0826709969 0.5896039893566467 27844.915710735884
63 569.4517124953281 55.48247316682033 142.96489262786957 193 198.44736579468992 27759.913494591885 0.26127644328016686 27704.169744981784
131 1177.314364445335 47.22620225827372 137.64817349867482 187 184.87437575694855 27171.307189506475 0.6002313274364042 27123.48075592077
111 1027.0789585325224 54.21737640557018 140.92794325301406 189 195.1453196585843 27386.552336495308 0.0 27332.334960089738
43 354.24667380447215 52.23090406140771 144.82953423829414 197 197.06043829970187 28068.478406549697 0.0 28016.24750248829
35 269.281994763512 50.242266709851684 145.91618862109158 199 196.1584553309433 28159.592961336082 0.0 28109.350694626228
118 1083.1016162570463 50.82768346554162 146.879185182182 189 197.70686864772358 27376.792262552233 0.0 27325.964579086696
103 951.7820246616002 53.17204367058139 141.0625871910362 191 194.2346308616176 27570.67675658597 0.17028868697832422 27517.334424228407
67 593.0963911280111 55.297083929698616 146.2666900113252 195 201.56377394102384 27973.447324229168 0.15633230176490542 27917.993907997712
96 815.1079117969769 51.34403439039497 144.4417527192202 193 195.78578710961517 27786.82361458045 0.0 27735.47958019004
16 57.875548466259 61.80542292451259 151.98400314444717 209 213.78942606895976 28555.367055549716 0.4607262026645458 28493.100906422533
22 128.45547779300475 65.11705153028312 152.53603683238265 205 217.65308836266578 28492.629208279363 0.37266453610683925 28427.139492212973
195 1739.1378146062468 50.949725576791614 141.15132036225705 185 192.10104593904867 26897.868768391265 0.9281985687493943 26845.99084424573
55 485.7013148535469 55.87110640474442 146.89336769667418 197 202.7644741014186 28157.946511542763 0.0 28102.075405138014
203 1813.676121590183 54.01239810456938 138.98916403894464 185 193.00156214351398 26870.65807233238 0.0 26816.64567422781
86 718.0385844007237 56.70664024641941 146.92293347092559 195 203.629573717345 27984.90511155644 1.1305245570605393 27927.06794675294
87 726.9100749367561 54.616753363991215 143.42188805459776 195 198.038641418589 27977.523533587846 0.0 27922.906780223853
54 483.2899318652768 60.26951887670816 147.22258802433046 199 207.49210690103865 28340.71288814882 0.4887754967992919 28279.95459377532
182 1682.081214392273 52.52908407663838 142.17345333511818 189 194.70253741175657 27271.682235340373 0.06898330124658969 27219.084167962486
14 55.05384014227117 64.38428122496245 161.50065354839984 213 225.88493477336235 28907.01880227468 1.0564072909355673 28841.57811375878
137 1232.2716848254558 55.84451790192922 143.74227453779278 193 199.586792439722 27759.803228903755 0.128167750065586 27703.830543251763
19 87.57263327865884 61.81256343779424 160.74545184087984 211 222.5580152786741 28906.707801463843 0.4613342247834282 28844.433903801266
138 1246.6872084738138 54.28066813821508 139.2488125562522 193 193.52948069446728 27760.612147651776 0.415301728071654 27705.916177785486
24 160.32234579557112 57.15876283394854 156.68744623026532 209 213.84620906421387 28889.63898512559 0.6203839093179795 28831.859838382326
202 1813.4599714429064 53.999599923994914 140.00552969796271 189 194.00512962195768 27238.119004635948 0.5346134655276273 27183.58479124642
175 1601.8759066645 56.75502381229145 142.3010971286906 191 199.05612094098208 27484.887421623214 0.0 27428.132397810918
12 49.605889697915885 59.288032717307914 167.05598089001745 215 226.34401360732534 29077.347779171272 0.487319373838325 29017.57242708012
5 31.82213800226613 53.036376898363415 164.45528281438473 219 217.49165971274817 29113.349162621416 0.49828954511543344 29059.81449617796
74 630.4569263020118 52.79798359809667 150.19077943831576 201 202.98876303641245 28533.17266208875 0.19045651343458303 28480.184221977208
192 1731.2424454109562 53.024848999513395 142.01994618725968 191 195.0447951867731 27435.359695422572 0.1484953743834012 27382.186351048676
57 522.3121985089873 56.565917777819344 150.16388412793117 203 206.7298019057505 28671.664491731142 0.0 28615.098573953324
172 1551.7190991791151 49.69505025952089 146.84126096371327 193 196.53631122323418 27672.881587561253 0.6239887476006061 27622.562548554128
46 422.21937810568164 52.252495205331115 156.46205404081522 205 208.71454924614636 28813.373039634647 0.0 28761.12054442933
130 1170.2412105770795 52.31757188362483 140.00892435321308 197 192.32649623683793 28093.787416078467 0.0 28041.469844194842
93 767.6068200767708 53.87008252096234 151.34330440888488 201 205.21338692984722 28507.51778629611 0.0 28453.64770377515
132 1186.1966876295185 56.26227854908446 149.51929830736717 197 205.78157685645164 28095.991093867895 0.40057675955313243 28039.328238559254
106 981.5183356460594 53.187341370875274 151.09789248493828 199 204.28523385581354 28303.530414071534 0.1385863393030604 28250.204486361356
109 1001.193451605826 53.50367665014137 144.70973722129386 199 198.21341387143525 28300.315919353903 0.0 28246.812242703756
110 1012.8526405189384 54.606575283741456 150.1777579250129 199 204.78433320875436 28290.10446291575 0.0 28235.497887632006
191 1730.0590558246067 52.556475322726506 142.7440197391539 193 195.30049506188044 27598.873160853436 0.2913958128374361 27546.025289717883
196 1742.2505824569341 55.11622907909419 135.38835953852666 193 190.50458861762084 27596.17663163974 0.05844943726378915 27541.00195312338
17 62.893713672612776 59.34713331249874 162.77278821652592 217 222.11992152902462 29284.82586163382 0.3510567793452424 29225.12767154198
141 1293.5515651689325 52.638016297164306 144.2197317702842 197 196.85774806744848 28073.352645181563 0.34494983238596433 28020.369679052004
31 222.16096400299938 59.724216845027094 157.5682528925422 211 217.2924697375693 29149.502271610916 0.0 29089.778054765902
179 1630.9628128069112 53.25138436565537 149.8441396571063 195 203.0955240227617 27789.793518576967 0.8215053873389024 27735.720628823976
185 1701.408566790846 50.415899386140005 146.85515599718224 195 197.27105538332222 27749.32688992277 0.0 27698.91099053664
97 839.5148698045753 57.382096094640985 150.6337614451383 203 208.0158575397793 28631.500472011427 0.534667714410034 28573.583708202357
58 535.2939519490296 61.152728198633525 156.9344995506206 207 218.0872277492541 28966.775388859154 0.09814779413977703 28905.52451286639
171 1549.881986920147 54.558782322196684 146.82250375595902 197 201.38128607815565 27969.137708533828 0.0 27914.578926211627
90 755.4295976809619 56.50204493508122 157.74464774867943 205 214.24669268376067 28801.38001388932 0.0 28744.87796895423
52 443.48674282868535 55.151444256716616 159.18320303647374 209 214.33464729319036 29133.693853243803 0.23515913562846436 29078.307249851463
159 1424.984526133791 53.73519635410496 147.756274704582 199 201.49147105868695 28158.528971547792 0.06631508205373393 28104.72746011163
42 346.9423055755045 61.37583326709184 158.18771594996247 211 219.5635492170543 29244.510436811885 0.05532728571336065 29183.079276259075
186 1712.2222978667282 58.27247553627438 148.23273947663742 197 206.5052150129118 27883.273135403833 0.2323523443214981 27824.768307523234
112 1027.4630700357513 55.21486344172523 148.31743860040058 203 203.53230204212582 28579.451293866485 0.10715035197335965 28524.12928007278
194 1737.9619839474517 56.52929469839587 140.33356508184053 197 196.86285978023636 27873.591284997383 0.6246432616105722 27816.437347037376
165 1470.610653556538 54.72108025018011 145.28289399023623 199 200.0039742404163 28142.6307730782 1.5823784954491202 28086.327314332557
119 1089.4578242074506 58.95417743908142 148.57625751125642 203 207.53043495033785 28543.309200376556 0.0 28484.35502293747
85 716.4146196457378 60.79267105965377 154.19273273756886 207 214.98540379722266 28936.44410868258 1.192212543022947 28874.4592250799
124 1124.7200707690806 57.611797879955176 151.25092163606507 203 208.86271951602023 28532.208219815788 0.15670283706481314 28474.439719098762
209 1848.528470978554 57.08251269809226 145.42772338504406 197 202.51023608313636 27814.974844846347 0.0 27757.89233214826
127 1150.0759959415116 53.83342417624274 153.9163911447408 203 207.74981532098352 28527.61352727266 0.0 28473.7801030964
71 605.9528470768804 55.43211452112481 159.18513849937824 209 214.61725302050303 29114.389075821724 0.0 29058.956961300577
198 1767.440246810437 52.19624854105054 148.2952046346927 199 200.4914531757432 27980.395271669593 0.0 27928.199023128553
170 1516.9133905150024 55.95775197945037 151.92225187013955 201 207.8800038495899 28240.44370398568 0.0 28184.485952006242
157 1416.4515129316403 56.32302783490706 152.04324069164744 203 208.36626852655445 28407.032029826194 0.0 28350.709001991283
184 1685.0277548302834 56.619267090707346 151.99237439775646 201 208.6116414884638 28143.948743756668 0.0 28087.32947666596
70 603.5755590440294 58.830940875612654 160.78724318410715 211 219.6181840597198 29228.714607307316 1.1144818747576437 29168.769184556953
160 1440.102911366318 54.60232343774173 152.77673658663 203 207.3790600243717 28393.123004875215 0.3112253574170154 28338.209456080032
62 566.7920998684635 61.24384963815143 159.3778940474601 213 220.62174368561156 29329.082480938672 0.6615445265349535 29267.177086773983
153 1378.5167128820858 56.35770294864756 149.45888585861988 205 205.8165888072674 28530.914115459233 0.14503003268168868 28474.4113824779
65 573.3016745646246 63.46208007658287 160.5015077051947 213 223.9635877817776 29340.53382176175 0.188670884729504 29276.883070800428
41 326.7282594722938 59.60509685792463 163.81126029037029 217 223.41635714829494 29591.50506594066 0.0 29531.899969082744
68 596.7058757244764 60.34818434307445 155.52019079374352 213 215.86837513681797 29336.406574537697 0.0 29276.058390194627
72 621.8746774276416 60.69619216741383 161.25068293587472 213 221.94687510328856 29318.953541215556 0.0 29258.25734904812
188 1714.6002263806442 59.487718153824375 148.42772752689436 203 207.91544568071873 28231.636680110107 0.7897593875111397 28171.359202568776
113 1039.7821468205595 53.12414849289427 154.60170323939175 209 207.725851732286 28910.49727556945 0.0 28857.373127076546
199 1782.401184163059 52.072060305916416 145.61864863879057 203 197.69070894470698 28182.379521442122 0.0 28130.307461136206
122 1109.0783601329395 56.2816022530125 155.28974222175344 209 211.57134447476597 28870.019694907984 0.0020099099085655325 28813.73608274506
149 1347.2521190967072 54.32868561958858 155.18748325299413 207 209.51616887258268 28654.88017319621 0.3423368971045875 28600.20915067953
33 241.46288295455813 62.38855703582336 163.6500931739709 221 226.03865020979424 29772.55855144222 0.0 29710.169994406395
155 1404.3777268721942 56.76262170765238 154.7233521815253 207 211.48597388917773 28616.737953530264 0.1572882801281139 28559.8180435425
73 624.6495365850225 56.29873515273082 161.03829631354864 215 217.33703146627943 29412.451019137006 0.03507642110207598 29356.117207563166
100 864.033083967407 57.76493347755044 161.02017127872838 213 218.78510475627883 29182.94822439602 0.6755712876257576 29124.50771963084
84 706.5761640515083 60.73274030472225 164.64391959456398 215 225.3766598992862 29357.310773045516 0.0 29296.57803274079
162 1450.556238474204 57.485446970512136 161.45347734834968 209 218.93892431886184 28667.05585904992 0.1496997354558971 28609.42071234395
77 669.6453672918768 58.52664047053227 162.13560239336095 217 220.66224286389325 29459.883639007963 0.13346136944505815 29401.223537168
105 972.4331226525929 62.2086017720655 161.0176778516855 215 223.226279623751 29205.31764492865 0.299267333742705 29142.809775822865
183 1682.0985641079994 55.71773410811256 155.5063739780441 209 211.22410808615666 28506.290769106807 0.3904510992631458 28450.182583899437
190 1719.9746689781134 57.2865172363263 154.49244758480307 209 211.77896482112936 28477.858287224964 0.0 28420.571769988637
206 1831.5457046084746 57.20142332737554 155.15738956156775 209 212.3588128889433 28397.637026413893 0.0 28340.43560308651
178 1619.860700421781 59.87153507625185 152.91654702963777 211 212.78808210588966 28626.88932097745 0.0 28567.017785901196
36 278.83991817357065 66.16332058012341 173.9383410146641 227 240.10166159478746 29997.82033305516 0.17700841467177497 29931.48000406036
142 1296.1597622686522 60.14124507955264 163.6145899427174 215 223.75583502227002 28994.2515690416 0.178354066357997 28933.931969895686
148 1337.7624049919154 55.904040224655276 161.45975825180847 215 217.36379847646376 28965.336113352434 0.6540346108856738 28908.77803851689
126 1142.706352991952 57.783527361362765 164.1385711705196 217 221.92209853188234 29163.737383929427 0.0 29105.95385656806
151 1349.8696590937698 60.2453683911029 158.61223885226894 215 218.85760724337186 28962.027421368333 0.0 28901.782052977225
177 1612.0808048707968 60.54233118299208 158.16617518561847 213 218.70850636861056 28702.95330736824 0.08425351660753222 28642.32672266864
180 1658.091577017291 61.06410798311903 157.6546285892505 213 218.7187365723695 28668.411002414472 0.4311374976753086 28606.91575693369
108 993.5518217199298 61.74021119916259 163.44294641380696 219 225.18315761296955 29340.045423637755 0.0679816004554823 29278.237230838142
187 1713.9315339801744 56.557489978234045 159.06001916656166 213 215.6175091447957 28622.005250295177 0.0 28565.447760316936
23 145.7044477416946 66.29552324967048 170.63699800221636 233 236.93252125188684 30200.479928228106 0.5492732769619408 30133.635131701467
123 1118.6320079646448 58.17288342974658 165.30579484136106 219 223.4786782711076 29244.201826410863 0.43618106843587157 29185.5927619127
40 318.7381987904605 61.9140437311383 166.94042164266614 229 228.85446537380443 30054.619742788003 0.0 29992.705699056878
166 1483.8234895464511 64.10114126458106 164.71565707039827 217 228.81679833497935 28913.453270204172 0.0 28849.35212893959
18 73.33804385948343 64.7220765125648 181.82486966295147 239 246.54694617551627 30327.1567284478 0.0 30262.43465193524
82 693.2770098123901 62.274829073608934 169.31004270352074 225 231.58487177712965 29714.557213752316 0.7772302395769657 29651.50515443913
147 1337.04306034401 59.307152399267274 162.43802583966243 219 221.74517823892973 29080.70654572207 0.0 29021.399393322798
128 1153.9774437081614 62.31946003447278 169.2270446618974 221 231.54650469637016 29271.018262655758 0.0 29208.698802621286
158 1422.6769691806428 60.81738558920896 160.2729991102681 219 221.0903846994771 29016.050393654856 0.23584376849885302 28954.997164297147
81 692.718436733317 64.75206059761535 166.19090955733049 227 230.94297015494587 29760.69615382113 0.4076819477304525 29695.53641127579
83 693.3517061583527 66.94645730134238 170.0954327910693 227 237.04189009241168 29761.637865430217 2.06844133417394 29692.62296679469
30 218.58629927816477 68.82973328312393 178.47097636232735 235 247.30070964545126 30237.684833080148 0.3188277623096383 30168.536272034708
144 1310.3538662280152 62.342463481641936 163.2960186186769 221 225.63848210031887 29149.730174065782 0.0 29087.387710584142
150 1348.6157543679547 58.300516286386475 168.87445336938487 221 227.17496965577143 29119.434195143218 0.0 29061.133678856837
91 761.6162950070619 69.9334264727921 172.04158541425275 227 241.97501188704484 29712.934253859876 0.05540586851429907 29642.94542151856
163 1454.0156756517579 57.593364184090326 163.73071685154815 221 221.32408103563847 29030.511172060516 0.3704866656946706 28972.547321210735
208 1838.1815362160426 60.14311215461247 162.09341424290548 219 222.23652639751796 28661.75525630334 0.4324571342594936 28601.179687014464
173 1572.8055530647634 62.05665251915395 164.5876148471986 221 226.64426736635252 28928.99374856578 0.13541423256060625 28866.801681814068
154 1379.363789151797 59.47956002085236 164.38996885413985 223 223.86952887499223 29125.137638279597 0.0 29065.658078258763
115 1061.2304067866417 66.24041118445876 167.939067219873 227 234.1794784043318 29457.710009167873 0.0 29391.46959798341
200 1782.7022333731322 60.389824243850995 168.3774471857725 221 228.7672714296235 28739.534788912337 0.9227652004321953 28678.222199468062
120 1091.9696831068604 61.457572056839794 169.22790765640178 227 230.6854797132416 29433.130409261274 0.0 29371.67283720443
181 1659.6838137528155 59.16124351150137 166.59897138873706 223 225.7602149002384 28878.189737722932 0.0 28819.02849421142
99 863.9625265149751 62.95410401272536 172.0448539160133 231 234.99895792873872 29683.33050844225 0.0 29620.37640442952
145 1318.4399613464611 67.113858574488 168.3351060051975 227 235.44896457968548 29233.345740656543 0.0 29166.231882082036
156 1408.7026382391844 62.32613656037859 170.9154592880812 227 233.24159584845978 29151.861503504726 0.0 29089.53536694435
129 1158.4108463392267 62.95986439566669 173.7458207528861 231 236.7056851485528 29414.088901146515 0.0 29351.12903675085
92 766.707111954066 60.060893084809145 173.8735885093511 235 233.93448159416027 29808.614661438125 0.0 29748.553768353304
133 1196.4181089040712 62.82219952946829 172.7925564539841 231 235.6147559834524 29380.79561082248 0.0 29317.97341129302
48 423.5215307138593 60.07168161938348 178.16810826774525 241 238.23978988712872 30164.221218509614 0.17493611416205113 30103.974600776066
189 1714.6627910963289 60.454662993687116 171.74362377654066 229 232.1982867702278 28877.393319797153 1.490385631647996 28815.448271171794
193 1736.9258783521116 61.9073300848451 174.43473475659434 229 236.34206484143942 28856.72410881907 0.6733679220515114 28794.143410812172
143 1301.9814649042025 63.79754875603417 172.04963734585158 235 235.8471861018857 29301.293969620954 0.0 29237.496420864925
161 1446.0391171413626 63.793612016304834 176.49658838221447 235 240.2902003985193 29161.757406556517 0.11554545278067962 29097.848249087427
104 969.2179635153924 63.59167795931995 177.42294947547822 241 241.01462743479817 29642.76876003101 0.38967271937690384 29578.787409352324
80 684.7802068907968 65.50281146477482 183.93054051543223 245 249.43335198020705 29929.044568974954 0.13526932702029626 29863.406488183176
59 551.250395795858 71.79915911236847 191.78964452126033 253 263.5888036336288 30069.906521074183 0.0 29998.10736196183
