# Cpu scheduler: fcfs
# Quantum: None
pid arrival_time cpu_bursts_time io_bursts_time nbursts bursts_time tat ready_wait_time io_wait_time
0 0.4995196364674239 90.0 0.2 3 90.2 426.34514611431024 336.14514611431025 0.19999999999999574
2 9.260399556238513 120.0 0.30000000000000004 4 120.3 786.9628073841337 666.6628073841338 0.3000000000000185
12 72.38337351312833 120.0 0.30000000000000004 4 120.3 1081.3514327829012 961.0514327829012 0.3000000000000398
17 84.8434817627899 120.0 0.30000000000000004 4 120.3 1102.8111937894714 982.5111937894713 0.3000000000000682
10 61.1319916856321 150.0 0.4 5 150.4 1352.9315195354372 1202.5315195354374 0.39999999999994884
20 97.18997864858109 150.0 0.4 5 150.4 1428.9382812105537 1278.5382812105538 0.39999999999997726
21 113.78852113517311 150.0 0.4 5 150.4 1447.2283869752391 1296.8283869752393 0.3999999999998636
3 21.7556965436954 210.0 0.6 7 210.6 1642.4201489133693 1431.8201489133694 0.5999999999998806
19 96.01926946838982 240.0 0.7 8 240.7 1835.513193210787 1594.8131932107874 0.6999999999997044
6 38.371304130301795 360.0 1.1 12 361.1000000000001 2197.842430052092 1788.3903683555534 49.45206169653815
66 513.7232668027285 18.016486786859378 34.0 35 52.016486786859375 4195.673584018601 1579.4477952514146 2598.209301980328
4 26.224846290182008 19.17599384622905 37.0 38 56.17599384622905 4710.346391031956 2052.253110311353 2638.9172868743763
75 688.5556056220381 19.64139322197709 34.0 35 53.64139322197709 4060.9883819419633 1415.446729749447 2625.9002589705374
11 68.64395624475557 19.238183752572297 37.0 38 56.238183752572304 4743.965297996139 2038.0441064097106 2686.683007833857
43 305.9830063951808 21.392890060619887 38.0 39 59.39289006061988 4716.508981473973 1746.4640191689477 2948.652072244404
38 285.05670324919765 20.89195043437283 39.0 40 59.891950434372845 4826.9974104147805 1787.9802252991333 3018.1252346812744
80 717.7441413444052 20.318170632901797 38.0 39 58.3181706329018 4421.878266898484 1373.6239661765535 3027.9361300890287
56 452.0043690440186 23.304095708496128 39.0 40 62.30409570849613 4706.846530112404 1575.7030756092572 3107.839358794652
78 706.2355356612674 20.970462085590057 39.0 40 59.97046208559006 4524.692393183515 1391.9105614659109 3111.811369632014
87 762.2708189859554 21.430391769913683 39.0 40 60.430391769913676 4500.062786174709 1410.1730864843564 3068.4593079204383
28 157.98005999787205 23.006346075893184 41.0 42 64.00634607589319 5109.155221985752 1986.5893111429586 3099.5595647668997
72 632.0561837330848 25.428244925287213 40.0 41 65.42824492528722 4678.572700243909 1439.7305099843697 3213.413945334253
73 638.027940569445 21.893135530447083 40.0 41 61.89313553044709 4673.225382524348 1430.5986792028377 3220.7335677910633
105 1028.293082960663 22.080221556384345 39.0 40 61.080221556384345 4298.7797063415455 1053.3143669759754 3223.3851178091845
51 403.7571853929257 24.117203034392425 41.0 42 65.11720303439242 4925.7236936199215 1676.7190526906943 3224.8874378948335
83 726.3672877992924 22.700798873438387 41.0 42 63.70079887343839 4692.060796593874 1341.6273249876522 3327.7326727327827
1 0.4995196364674239 25.405713688868328 45.0 46 70.40571368886832 5419.948360502676 2051.871145047373 3342.671501766436
25 132.7382345046864 24.232193296100334 43.0 44 67.23219329610033 5293.603283999263 1897.4185554973183 3371.952535205845
45 335.5321267596615 26.58844284161199 43.0 44 69.58844284161198 5147.995125756314 1737.1337959638704 3384.272886950832
7 44.34463566280441 27.83716213385505 45.0 46 72.83716213385505 5473.557723127252 2130.4294325469186 3315.291128446479
59 461.78365914657616 23.476704585756497 43.0 44 66.47670458575648 5057.528133221598 1712.4913451098382 3321.560083526005
32 198.1671763306143 24.688287581947254 44.0 45 68.68828758194725 5336.784328645233 1912.2517413416126 3399.8442997216735
34 200.2561556927231 26.352160640885188 44.0 45 70.35216064088519 5336.974777255564 1901.9248638639306 3408.697752750748
44 308.3180983720943 23.366435986274638 44.0 45 67.36643598627464 5255.732234897217 1769.4634685133312 3462.902330397609
79 715.1287676492651 25.044330000819347 43.0 44 68.04433000081936 4861.065848435182 1378.9032366851718 3457.1182817491926
93 838.415463942777 25.641186177840396 43.0 44 68.64118617784038 4785.27437310513 1262.822207153122 3496.810979774168
100 955.5398191307034 18.227734153935238 43.0 44 61.22773415393524 4686.4310128114175 1111.1496349118079 3557.053643745676
108 1053.5158766956956 23.150608628975462 43.0 44 66.15060862897546 4618.800207536218 967.8850176994049 3627.7645812078376
16 84.68300022652114 23.797838403433957 47.0 48 70.79783840343396 5616.379408776905 1997.9405050282255 3594.641065345245
95 892.498312492653 26.074162767768176 44.0 45 70.07416276776817 4812.202054739546 1187.8062508670284 3598.321641104748
39 287.52924245044267 27.929259545201614 46.0 47 73.92925954520162 5418.506948339194 1780.6975731566467 3609.880115637345
70 596.3949972380135 28.043814076290257 45.0 46 73.04381407629026 5110.528424450497 1470.9476874923744 3611.5369228818336
101 962.830954940807 24.437456808378876 44.0 45 68.43745680837887 4753.160245590786 1099.7917227934092 3628.931065988999
54 414.40921093434275 24.745771164029282 46.0 47 70.74577116402928 5317.577590970278 1646.533810744134 3646.298009062114
89 786.0205290221596 26.512132976268504 45.0 46 71.51213297626852 4971.267504008788 1341.960020400627 3602.7953506318872
14 77.19451843749633 29.104239850475622 48.0 49 77.10423985047562 5694.295196634265 2013.6383687764644 3651.552588007325
76 691.4411036375616 28.450235636098775 46.0 47 74.45023563609877 5098.541892407061 1415.1875691815146 3654.904087589447
106 1044.002394428313 23.268626485621823 45.0 46 68.26862648562181 4759.268581456981 1006.1716938341408 3729.8282611372183
85 755.9399837643708 27.29993330179677 46.0 47 73.29993330179677 5053.295073699393 1263.0384713504209 3762.9566690471775
86 757.2071555801996 24.7851847917609 46.0 47 70.78518479176091 5052.981545155149 1258.410654842875 3769.7857055205154
62 473.3011783924825 29.306081813978583 47.0 48 76.3060818139786 5346.278668235827 1660.3715346735887 3656.6010517482587
33 198.56803297501483 23.593935451637822 48.0 49 71.59393545163783 5627.69008152937 1908.7632610925928 3695.332884985141
68 537.405000219828 23.80603807296574 47.0 48 70.80603807296575 5296.66014045344 1564.049543020199 3708.804559360279
15 79.55295641925227 28.085089896167503 49.0 50 77.08508989616749 5756.375255212734 2006.8034898528315 3721.486675463737
18 88.27976542742428 29.12943660980694 49.0 50 78.12943660980694 5750.76429361831 1986.5755230146624 3735.0593339938405
99 937.7497474968402 26.886777285763422 46.0 47 72.88677728576342 4909.514057810304 1132.055911918424 3750.571368606117
53 409.40781596741715 28.77566670053204 48.0 49 76.77566670053204 5452.019431865178 1659.1444383433657 3764.0993268212806
24 129.76868720516072 27.431515261998644 49.0 50 76.43151526199865 5735.34520792839 1908.1835773533237 3799.730115313069
64 493.0488340256668 26.821075896941302 48.0 49 74.82107589694131 5387.420353477659 1633.5402935291886 3727.058984051528
67 527.7121496235918 29.936860400601933 48.0 49 77.93686040060193 5361.726039597024 1587.5996686361686 3744.1895105602543
69 586.9466942775488 28.571099375069615 48.0 49 76.57109937506961 5306.570670451217 1496.5044567591644 3781.495114316982
47 342.7665970779644 28.614674475159617 49.0 50 77.61467447515963 5561.221590643981 1769.5534097561458 3763.053506412676
109 1058.0013034724602 26.91632874691905 47.0 48 73.91632874691905 4865.354945158595 958.7631421536948 3879.675474257983
29 168.88175491596925 28.833491566529062 50.0 51 78.83349156652906 5759.058671713784 1971.8266009112883 3758.3985792359654
92 822.6139621417612 29.4755717453775 48.0 49 77.4755717453775 5116.461615072687 1272.0944256055254 3814.891617721782
13 75.07112209907046 26.917013252120647 51.0 52 77.91701325212065 5867.171386682414 2021.5052594014942 3818.7491140288002
41 302.62368552560224 33.87663367827012 50.0 51 83.87663367827011 5643.072781093317 1755.5777427112962 3853.618404703754
103 1012.550820974655 26.025105416840436 48.0 49 74.02510541684045 4946.180255327678 1076.183926038861 3843.971223871978
104 1017.9676952888701 27.71948187415567 48.0 49 75.71948187415568 4941.53608829601 1066.664175704979 3847.152430716873
52 404.2633504529739 24.928256266158407 50.0 51 74.92825626615843 5558.300079161423 1669.81063358004 3863.5611893152263
22 122.76489747344772 26.97393619005602 51.0 52 77.97393619005602 5840.483511604939 1928.6332350947102 3884.876340320172
35 204.2743447815049 26.370383377289297 51.0 52 77.3703833772893 5777.618230934264 1893.5740244645442 3857.6738230924275
40 301.68764346095134 29.028540940369318 51.0 52 80.0285409403693 5686.5371051842585 1760.1708349138057 3897.3377293300837
97 911.497685327016 28.0667203214145 49.0 50 77.06672032141451 5080.994383666925 1140.194072343585 3912.733591001926
46 341.7099203774804 28.195967724704083 51.0 52 79.19596772470409 5652.390463542941 1777.9565865055406 3846.2379093126965
82 724.4582122105599 28.381825344025547 50.0 51 78.38182534402554 5278.235190474097 1354.9839359218734 3894.8694292081996
36 214.81389955242201 30.331229140777143 52.0 53 82.33122914077715 5808.451595746959 1896.282941744114 3881.837424862069
42 305.1999767741872 28.629622566804237 52.0 53 80.62962256680423 5720.940011807939 1751.585564591479 3940.724824649657
31 194.02102220202786 30.16089253566106 53.0 54 83.16089253566105 5860.118648811089 1920.5087849663719 3909.4489713090557
37 243.1925920848772 31.22736491349808 53.0 54 84.22736491349809 5814.231445838523 1860.0011781825474 3923.0029027424753
94 870.4916173282239 28.85826349490526 51.0 52 79.85826349490524 5187.863825953859 1213.2844743380683 3945.7210881208857
50 401.9222826438245 29.542936703837185 53.0 54 82.5429367038372 5665.942269087491 1681.4732853319451 3954.9260470517097
107 1047.2263380404863 29.229081737783545 51.0 52 80.22908173778355 5025.329731780282 992.1944334470763 4003.906216595423
23 128.28896613249307 30.51772444511862 55.0 56 85.51772444511862 5969.9435572540715 1914.054725462696 4025.371107346259
8 46.42180120638879 32.79029440788068 56.0 57 88.79029440788068 6057.256562024833 2114.915520432236 3909.5507471847154
60 467.857885754222 32.3088967312985 54.0 55 86.3088967312985 5639.635893450522 1673.751606102856 3933.5753906163677
65 503.5387538939723 30.39667577398329 54.0 55 84.39667577398329 5609.76764406458 1594.7026210677593 3984.6683472228374
96 909.5162449245944 29.77158775537375 53.0 54 82.77158775537376 5206.756219017421 1145.126296420252 4031.858334841794
57 457.0446255150612 29.28587786725621 55.0 56 84.28587786725622 5669.653559841521 1564.3555286587646 4076.0121533155007
84 748.2707156784328 32.10243273230011 54.0 55 86.10243273230013 5380.361968422968 1273.3585819500445 4074.900953740622
26 154.31602359521048 30.786287891008268 56.0 57 86.78628789100826 5974.785193529029 2004.994218113643 3939.0046875243775
49 365.04665282929085 28.73217720726488 56.0 57 84.73217720726488 5777.155437302954 1738.8523838623462 4009.5708762333434
102 995.7201678974169 32.32726582135709 54.0 55 86.32726582135709 5147.337993631588 1109.3974302474471 4005.6132975627834
9 56.19959933893276 32.138368200462786 58.0 59 90.13836820046279 6093.919891802032 2091.4086244198083 3970.372899181763
30 190.8305590686006 30.76822763780352 57.0 58 87.7682276378035 5964.702092555437 1929.1365541869054 4004.797310730727
71 617.7272919765496 30.991879808752188 56.0 57 86.99187980875219 5539.457513999641 1435.0429457699743 4073.4226884209143
90 788.3172880732844 31.441734076189956 57.0 58 88.44173407618995 5395.652216508551 1336.96530018174 4027.245182250623
48 350.78101916097404 32.594390285214146 60.0 61 92.59439028521415 5850.688525080421 1758.6163746881275 4059.477760107078
27 154.6887932180053 34.12786017869937 61.0 62 95.12786017869938 6052.231050134117 2000.0497960759294 4018.0533938794883
77 699.2990519138974 33.67702823582397 60.0 61 93.67702823582397 5514.983774067397 1403.3066347008341 4078.0001111307392
63 477.55739786069876 33.69568240529529 61.0 62 94.69568240529532 5742.594687449527 1653.3070753401828 4055.591929704048
55 449.99795164759365 37.58233743082403 62.0 63 99.58233743082403 5776.898217662498 1580.3183062751937 4158.99757395648
5 36.763405878867026 35.83795095678086 65.0 66 100.83795095678087 6198.295269338655 2006.9450615025535 4155.51225687932
88 785.2122303075691 34.301429031298156 62.0 63 96.30142903129817 5452.852270893412 1345.012892619602 4073.5379492425154
81 720.3525893787165 36.13462847248745 63.0 64 99.13462847248745 5521.736497482834 1367.3289452353238 4118.272923775022
91 804.7478424914427 38.431525762203336 63.0 64 101.43152576220334 5440.308844566463 1294.1290321177285 4107.748286686531
98 922.2375331244968 34.15973392606241 64.0 65 98.15973392606242 5327.648346758677 1126.6761121959355 4166.81250063668
61 471.6857053700208 36.085646212925504 67.0 68 103.0856462129255 5784.728939503712 1667.145461276774 4081.4978320140117
58 458.93793337179625 35.55388372406295 71.0 72 106.55388372406294 5804.9750397515745 1559.0912340216441 4210.329922005869
74 661.0109646823297 40.16908269822028 71.0 72 111.16908269822027 5603.894229278034 1456.1365235161577 4107.588623063657
