# Cpu scheduler: fcfs
# Quantum: None
pid arrival_time cpu_bursts_time io_bursts_time nbursts bursts_time tat ready_wait_time io_wait_time
6 36.59440589435326 60.0 0.1 2 60.1 457.38461111103226 397.2846111110323 0.09999999999999432
2 6.483110771176184 90.0 0.2 3 90.2 678.543253848387 588.343253848387 0.20000000000001705
10 59.6966233890021 120.0 0.30000000000000004 4 120.3 1161.0233357103937 1040.7233357103937 0.3000000000000682
8 45.43972506668874 150.0 0.4 5 150.4 1399.3755541145479 1248.9755541145478 0.39999999999994884
9 54.69086265301849 150.0 0.4 5 150.4 1425.6754329077355 1275.2754329077356 0.39999999999997726
11 63.426183589794924 180.0 0.5 6 180.5 1665.2619018034902 1484.7619018034902 0.4999999999998863
4 25.789040268783758 240.0 0.7 8 240.7 1912.749379900477 1672.049379900477 0.6999999999997897
0 3.580536880496053 270.0 0.8 9 270.8 2006.8976351758718 1736.097635175872 0.7999999999996774
7 41.42438770154421 300.0 0.9 10 300.90000000000003 2241.06314474456 1940.1631447445604 0.8999999999994941
5 27.263275552462744 360.0 1.1 12 361.1000000000001 2407.1775117637 2040.2980084332125 6.8795033304876085
45 383.53611799501664 18.767626854696022 36.0 37 54.76762685469602 4656.18704337607 1927.085552657379 2710.3338638639952
104 935.8457713074837 19.668286834606036 35.0 36 54.668286834606036 4189.796039689127 1387.8663981891677 2782.261354665352
103 932.7216445500362 20.36614660301414 37.0 38 57.366146603014144 4386.567404819145 1405.5311752343266 2960.6700829818037
31 218.79755599246795 21.914270881596394 40.0 41 61.914270881596394 5161.843432918283 2217.986249302875 2921.942912733813
65 544.7532920023397 20.556192749472757 39.0 40 59.556192749472764 4841.283688999002 1875.0411782566237 2945.6863179929064
32 250.251928410191 22.684247897841384 40.0 41 62.68424789784138 5143.127050255564 2159.0368652770853 2961.405937080637
34 261.2903966136294 24.38662360318596 41.0 42 65.38662360318597 5227.792585997564 2138.836098638106 3064.5698637562723
44 381.7489369583142 23.732426913875212 41.0 42 64.7324269138752 5144.44865562525 1933.215407201184 3187.500821510192
57 493.6723339345703 23.15331628333599 41.0 42 64.153316283336 5066.089907622815 1907.1201626665588 3135.8164286729198
19 135.69850539480555 22.23579363026124 43.0 44 65.23579363026124 5495.118439255569 2311.692598450419 3161.1900471748886
20 137.8400304475436 25.376992927321872 43.0 44 68.37699292732188 5493.713815965109 2303.378274706619 3164.9585483311694
51 442.25451858828444 21.86587370016457 42.0 43 63.86587370016457 5192.314231636605 1989.2711089948548 3181.1772489415844
55 465.799537747363 23.276886055190175 42.0 43 65.27688605519018 5181.880647336641 1948.2900078333441 3210.3137534481057
76 597.8547822045689 25.45456804045378 42.0 43 67.45456804045378 5089.381964219925 1759.512012784157 3304.415383395315
42 330.01336369378953 26.24071148700425 43.0 44 69.24071148700425 5366.344335842509 1995.3733483765548 3344.73027597895
83 650.8027461192038 24.31976937994533 42.0 43 66.31976937994533 5048.946491188931 1657.2676642887673 3367.3590575202193
29 213.37270673885118 25.712490956239428 44.0 45 69.71249095623942 5528.572872041214 2168.495719249837 3334.364661835137
25 169.4799312994093 24.310269912157715 45.0 46 69.31026991215771 5650.836715120119 2238.203631278462 3388.322813929499
58 494.90523928561305 26.392625459366602 44.0 45 70.3926254593666 5328.262306838374 1901.5893061835675 3400.2803751954393
27 191.1486950687247 24.498624472029455 45.0 46 69.49862447202946 5633.057835498994 2200.223832149497 3408.3353788774666
62 531.8044708756404 25.19096284982069 44.0 45 69.19096284982069 5302.075930636705 1898.5201767974938 3378.3647909893907
66 550.3015843608114 25.07702144722397 44.0 45 69.07702144722398 5286.319597019907 1865.4868898142656 3395.7556857584177
100 919.2790956627141 25.01826094838906 43.0 44 68.01826094838906 4940.079321650947 1432.0253844559718 3483.035676246588
101 926.2400489503441 27.165746630509577 43.0 44 70.16574663050957 4934.122198095565 1420.6654299741008 3486.2910214909525
41 324.651547820706 24.421837275235415 45.0 46 69.42183727523542 5539.359916518434 2004.683120612319 3510.2549586308796
12 66.51513182051926 25.934489318204957 46.0 47 71.93448931820495 5806.036865560696 2258.3175428509735 3521.7848333915176
47 397.7805442531947 25.54066852814105 45.0 46 70.54066852814105 5481.407314719646 1947.5356733922827 3508.330972799221
17 118.1701495212798 27.16807148762645 46.0 47 73.16807148762645 5766.1979689438695 2204.528945613398 3534.500951842845
88 771.8635230973662 22.516739896958537 44.0 45 66.51673989695853 5121.883858682514 1649.850696255306 3449.51642253025
60 509.48602691462764 25.97112499285645 45.0 46 70.97112499285645 5397.3385256780275 1866.605865319718 3504.7615353654514
82 649.8447563386474 24.79112126319454 45.0 46 69.79112126319454 5292.549970419772 1662.1712678874514 3605.5875812691265
16 115.46385490191503 24.738737691591375 47.0 48 71.73873769159138 5839.059287739872 2215.642956401726 3598.6775936465538
52 444.0252476406209 25.17669137214636 46.0 47 71.17669137214635 5519.907265219985 1980.7440556376368 3513.986518210202
69 561.8422670357129 27.55002136427958 46.0 47 73.55002136427959 5432.486563321944 1827.6175356135782 3577.319006344086
73 589.2083045899449 26.35817137634339 46.0 47 72.35817137634339 5408.875247664289 1782.07923310227 3600.4378431856767
38 287.4329044257109 24.995250330937314 47.0 48 71.99525033093732 5714.272423522672 2079.894020013639 3609.383153178095
84 692.1902881655606 25.054137923405257 46.0 47 71.05413792340526 5328.959942338504 1615.4480310287502 3688.457773386352
24 168.86002789100039 27.9084711217842 48.0 49 75.9084711217842 5871.157125654519 2244.9493420458557 3598.2993124868785
28 199.6434603355839 26.00830607551662 48.0 49 74.00830607551661 5843.630652939045 2186.7841033920377 3630.838243471491
71 571.7731135450402 21.457530493542485 47.0 48 68.45753049354249 5489.973434809117 1809.7620371268363 3658.7538671887387
39 288.240904380621 28.040418179792738 48.0 49 76.04041817979274 5778.473697844404 2073.09096468561 3677.342314979003
77 604.6911463556986 25.160900278731113 47.0 48 72.16090027873109 5464.440962725082 1748.8419787955697 3690.4380836507826
106 941.6888545415414 27.338332296472824 46.0 47 73.33833229647284 5135.3943713108565 1365.1378714548282 3742.9181675595564
109 968.4482367599181 25.119654611924002 46.0 47 71.11965461192399 5114.665909286514 1355.0876198222818 3734.458634852306
92 802.5125384310675 28.216949397198164 47.0 48 75.21694939719816 5303.577524350797 1577.4395607321164 3697.9210142214833
30 218.3120099096892 27.196275599474134 49.0 50 76.19627559947413 5891.319899202532 2221.7452967213126 3642.378326881747
64 536.4614486632533 25.845153261412747 48.0 49 73.84515326141276 5576.9074510292485 1887.8146016526964 3663.247696115141
67 551.8700712214646 32.22254000396512 48.0 49 80.22254000396512 5562.267676930291 1860.1254882834273 3669.9196486428978
43 364.7934835503629 26.874398971262842 49.0 50 75.87439897126285 5771.094564645576 1969.643033883712 3774.5771317906006
89 772.2254012931343 26.549904930586496 48.0 49 74.5499049305865 5379.566164032105 1644.6371626605617 3708.3790964409563
22 156.0836343624891 26.713409672236605 50.0 51 76.71340967223661 6001.046553834187 2267.4990309062955 3706.8341132556543
26 174.06683766770144 30.07308494239306 50.0 51 80.07308494239304 5984.8687189710945 2227.4470995611873 3727.348534467514
56 474.52445165017417 29.529758875119004 49.0 50 78.52975887511899 5685.728153543261 1928.6945811219398 3727.503813546201
35 262.4458617723672 25.978076202052733 50.0 51 75.97807620205272 5909.62231137838 2132.901883137264 3750.742352039063
80 637.6778744207414 26.896210331547202 49.0 50 75.8962103315472 5546.367031645849 1685.518487496283 3833.952333818018
59 503.6526162588713 26.639508938956645 50.0 51 76.63950893895664 5704.3412628193955 1875.3659077427362 3802.3358461377015
99 865.6719660184727 29.663635532113776 49.0 50 78.6636355321138 5353.568283496363 1529.9407677454956 3793.9638802187537
36 279.5333884108392 31.389649182382918 51.0 52 82.38964918238291 5942.258303539436 2100.293663546858 3810.574990810196
74 591.7783515427847 26.736387036804146 50.0 51 76.73638703680415 5630.824852636549 1786.1415409746978 3817.946924625045
49 406.41998427319226 26.190486676294142 51.0 52 77.19048667629414 5833.560649901383 1916.2894543254924 3891.080708899595
85 735.1944738019961 27.72584816120152 50.0 51 77.72584816120153 5506.8320230553 1584.5725617483488 3894.533613145748
53 459.13761267872775 28.46849104968271 51.0 52 79.4684910496827 5787.502827380975 1961.2711905228173 3797.763145808477
54 461.44249425661826 32.134534467141506 51.0 52 83.13453446714149 5788.33759455858 1971.8024626742717 3784.4005974171696
98 858.341663895617 26.499181858770285 50.0 51 76.49918185877029 5402.611850057749 1546.4737668767048 3829.638901322273
33 254.5016014166035 27.240883311631002 52.0 53 79.240883311631 6007.584991826359 2150.30396189782 3830.0401466169087
70 569.1433692141985 26.56361900293998 51.0 52 77.56361900293999 5693.515613702141 1815.9160164124044 3851.035978286797
79 622.3962320393758 26.383024334428313 51.0 52 77.38302433442831 5646.547612989149 1721.3465665747146 3898.8180220800054
50 408.706625683763 27.74534869602685 52.0 53 79.74534869602685 5871.943747686802 1909.8075805185929 3934.3908184721813
87 758.9737000084077 31.685301971189514 51.0 52 82.68530197118953 5525.728913149106 1673.43836868531 3820.6052424926074
37 283.30596637541004 29.239651162642613 53.0 54 82.23965116264263 6015.519722027103 2088.082048569811 3898.198022294649
75 597.5096722185647 28.32344890230079 52.0 53 80.3234489023008 5702.5058548429615 1763.4352745843178 3910.747131356344
90 782.260408637245 28.757979214463084 52.0 53 80.75797921446309 5535.0401495002225 1630.9563305573336 3875.325839728425
23 160.83848278069144 28.760103633961435 54.0 55 82.76010363396144 6158.86146647666 2257.4881275687817 3872.613235273918
94 814.4927126656806 28.059320230779146 52.0 53 80.05932023077915 5507.061152888896 1559.5544992625473 3919.4473333955684
102 930.4447361545855 26.991790870302495 52.0 53 78.9917908703025 5400.0909425526615 1419.2480999519744 3953.8510517303853
107 954.1964290092469 29.659361251779682 52.0 53 81.65936125177969 5380.740489461185 1349.7400218316795 4001.341106377724
18 126.55062716499211 30.336164934842966 55.0 56 85.33616493484297 6216.869227164942 2325.7795369016426 3860.7535253284573
93 811.8402167992116 31.82519022697424 53.0 54 84.82519022697424 5536.31671724361 1565.6931262940388 3938.798400722598
3 21.054378420404042 28.867646742029557 57.0 58 85.86764674202956 6338.902798953805 2307.5067009222917 4002.5284512894837
15 102.66630675330927 33.6384679155027 56.0 57 89.63846791550272 6261.871027391386 2233.282155702323 3994.950403773558
86 756.8611206707029 31.012577301295337 54.0 55 85.01257730129534 5610.190491633995 1685.988936964765 3893.188977367936
78 620.880651090169 33.65627283664065 55.0 56 88.65627283664065 5756.752029918389 1728.9240863910768 3994.1716706906705
21 147.44713622783487 31.629540728142835 57.0 58 88.62954072814284 6239.847270419795 2285.2069439951915 3923.0107856964587
68 554.0318648048376 30.668641712574185 56.0 57 86.66864171257419 5838.728449812438 1856.3546089058907 3951.705199193974
97 854.2871232259114 33.3990713204672 55.0 56 88.3990713204672 5541.028217466724 1554.4716506730733 3953.157495473184
91 786.8465924949207 29.41302645443354 56.0 57 85.41302645443353 5618.073186663952 1651.6261774806796 3937.0339827288353
1 3.580536880496053 35.85179564823675 60.0 61 95.85179564823676 6402.514794593156 2421.7085921119037 3944.954406833015
96 848.8151299385022 30.98957111084919 56.0 57 86.98957111084918 5561.305797391375 1563.3785335391929 3966.9376927413336
72 589.0217265802291 29.171277706744043 57.0 58 86.17127770674405 5821.731314032529 1787.5822194752914 4004.9778168504954
61 529.5510940317021 35.50589726394026 58.0 59 93.50589726394026 5891.452555314337 1904.603732067323 3951.342925983074
81 639.1568147820611 30.87837144888145 58.0 59 88.87837144888144 5784.630197858469 1676.907735381803 4076.844091027786
105 941.2956747942837 33.560643960665274 57.0 58 90.56064396066527 5483.288164420963 1368.6356582792307 4081.091862181068
95 817.8949772534088 28.711295444674107 58.0 59 86.71129544467409 5612.850495696261 1551.8022714221788 4032.336928829411
108 967.9122437240683 32.77498116794842 58.0 59 90.77498116794841 5465.965094927361 1361.6544766132251 4071.5356371461876
48 400.01283209886293 32.21582139643825 63.0 64 95.21582139643824 6055.970476529073 1929.3113283693126 4094.4433267633244
46 394.1571400414382 35.95523028791511 64.0 65 99.9552302879151 6065.563221217017 1911.980927717086 4117.627063212014
14 98.88516139028955 33.25184666073829 65.0 66 98.25184666073828 6362.417237772924 2240.998287763895 4088.1671033482903
63 535.4297165400266 38.57153154624938 66.0 67 104.57153154624937 5932.352509978532 1892.066303070491 4001.714675361793
40 306.22243735916715 36.00283633748937 69.0 70 105.00283633748936 6166.554376616496 2031.1456705199034 4099.405869759104
13 69.19158956831869 42.90437462991497 75.0 76 117.90437462991497 6413.113803098274 2249.5241216808686 4120.685306787491
