# Cpu scheduler: fcfs
# Quantum: None
pid arrival_time cpu_bursts_time io_bursts_time nbursts bursts_time tat ready_wait_time io_wait_time
3 41.11919306951022 90.0 0.2 3 90.2 577.5051487587559 487.3051487587559 0.20000000000001705
0 28.913110503247353 180.0 0.5 6 180.5 1381.6494054234133 1201.1494054234133 0.49999999999995026
7 68.54768408846691 150.0 0.4 5 150.4 1378.0896661254092 1227.689666125409 0.39999999999994884
10 80.10118222201181 150.0 0.4 5 150.4 1438.8791988467635 1288.4791988467637 0.39999999999994884
4 47.628116783482014 180.0 0.5 6 180.5 1609.7688634831204 1429.2688634831204 0.4999999999999716
19 116.98701012955354 180.0 0.5 6 180.5 1742.1854218882595 1561.6854218882597 0.4999999999998863
20 124.3190258603403 180.0 0.5 6 180.5 1777.182154595296 1596.6821545952964 0.4999999999997726
8 74.40267810027524 240.0 0.7 8 240.7 2022.717396095452 1782.0173960954526 0.699999999999676
13 84.52433075437555 240.0 0.7 8 240.7 2050.429601305222 1809.7296013052223 0.6999999999997044
17 110.28734543493388 240.0 0.7 8 240.7 2062.657162660466 1821.957162660466 0.6999999999997044
36 324.8418511555792 16.586365071906826 30.0 31 46.58636507190682 4146.27297785818 1865.4187095032657 2264.267903283008
12 81.8765363612951 22.3411159690749 38.0 39 60.3411159690749 5067.7931174244395 2112.54368513514 2932.9083163202263
33 286.3866979983177 22.520710021948283 38.0 39 60.520710021948275 4968.012803905746 1926.0618866439438 3019.4302072398514
26 176.5313882538076 20.538843131522505 39.0 40 59.538843131522505 5138.927301421796 1987.2963496765672 3131.0921086137055
66 644.606791286512 20.770470822360025 38.0 39 58.770470822360025 4716.035268113761 1541.6804269186277 3153.584370372774
40 363.4346856541389 24.88203644567524 40.0 41 64.88203644567524 5099.212691144283 1842.8392924501934 3231.4913622484137
70 733.4916109510017 22.87014921047266 39.0 40 61.87014921047267 4744.344659056998 1462.183883660502 3259.2906261860244
49 446.365621765741 20.174812551778533 40.0 41 60.17481255177854 5044.982717179585 1737.209852421724 3287.5980522060822
101 1061.7749873941784 20.912884747203687 38.0 39 58.91288474720369 4433.339342938106 1126.7017076412653 3285.724750549636
9 75.60753423193867 26.48985145988733 42.0 43 68.48985145988733 5450.285914866095 2138.253594033005 3285.5424693732025
37 331.78725107985343 23.28989403590915 41.0 42 64.28989403590916 5218.824811393529 1854.2033649770356 3341.331552380583
60 541.6619597023072 22.146850083272568 41.0 42 63.14685008327256 5080.401759084522 1660.4976799082951 3397.7572290929556
15 95.36850753377483 23.819198310606495 43.0 44 66.81919831060648 5541.635144900718 2104.781793544507 3413.0341530456035
67 653.972187764257 22.768999997226555 42.0 43 64.76899999722654 5074.729252266951 1568.6253876808603 3483.3348645888655
58 531.2062192396905 26.842841345016744 43.0 44 69.84284134501675 5264.496329612014 1675.8327204622954 3561.8207678047006
87 872.6609893004405 20.570651921571383 42.0 43 62.57065192157138 4925.827556107836 1328.401545976304 3576.8553582099617
91 976.6817137777616 26.76784704859343 42.0 43 68.76784704859342 4843.737078297442 1231.176218111192 3585.793013137655
43 409.4954023419083 25.739933907327536 44.0 45 69.73993390732753 5419.173795430963 1792.9039401189366 3600.5299214047
48 430.92870396032527 25.699817255544282 44.0 45 69.69981725554429 5413.974400854003 1759.684892631265 3628.589690967193
86 871.7072300260592 23.718833608048925 43.0 44 66.71883360804893 5010.658213089044 1331.597200613497 3655.342178867496
31 269.4318198019077 27.45445329788904 45.0 46 72.45445329788905 5618.1561261043635 1919.023369208877 3671.6783035975977
22 135.3736577362233 26.749477924925962 46.0 47 72.74947792492596 5788.537069107838 2061.5496726048823 3700.23791857803
50 449.19539235250784 27.915905274941935 45.0 46 72.91590527494193 5478.601777791869 1731.8415048255029 3718.8443676914267
84 842.8420666371218 25.535581278728355 44.0 45 69.53558127872836 5112.262614923583 1310.9430692862 3775.783964358654
30 269.1587217132271 25.009126783082927 46.0 47 71.00912678308293 5697.484507370893 1924.0436811183044 3748.4316994695055
68 689.5013427641476 23.008447751032755 45.0 46 68.00844775103275 5297.354995702098 1518.030016128399 3756.3165318226684
96 1025.4496333094808 28.96477210131541 44.0 45 72.9647721013154 4969.171809060703 1173.1803312454115 3767.026705713975
21 129.56993862748482 25.743270888127018 47.0 48 72.74327088812701 5872.519752538571 2070.6109018461093 3776.165579804334
47 430.6273075811677 25.7984611903821 46.0 47 71.79846119038208 5573.371225643487 1761.597120734239 3785.975643718867
1 28.913110503247353 29.334519423158 49.0 50 78.334519423158 5983.944713911046 2149.0070851227165 3805.60310936517
59 532.3044983732775 23.61979477181153 46.0 47 69.61979477181153 5506.361820086842 1672.1865753122224 3810.5554500028084
32 275.0438660599903 27.808110187210424 47.0 48 74.80811018721042 5769.091980978418 1944.484254965769 3796.79961582544
64 602.0192330389345 26.199434971578384 46.0 47 72.19943497157837 5445.3527605001755 1607.9972567675945 3811.156068761
41 381.54800988338593 27.835149253610528 47.0 48 74.83514925361052 5678.432141140801 1830.8282124849504 3819.768779402242
24 141.2077117541819 22.821884071809045 48.0 49 70.82188407180904 5934.5231668577935 2043.0159461962182 3868.685336589766
5 62.02436293016581 28.069917661083828 49.0 50 77.06991766108382 6023.030329750113 2110.756715355603 3884.2036967334275
54 496.70059727627597 29.4060393945459 47.0 48 76.4060393945459 5599.224879426414 1666.77397645229 3903.0448635795756
92 986.771046494984 25.723229412014195 46.0 47 71.72322941201418 5139.281464499377 1230.9331251296098 3882.6251099577553
69 720.4479355444306 30.62316504470905 48.0 49 78.62316504470905 5473.651688388937 1480.3860031032543 3962.642520240976
45 417.80485948801316 24.080774555373548 49.0 50 73.08077455537355 5777.192604548911 1779.2266297994809 3973.885200194058
72 745.2576333929053 27.951906033575916 48.0 49 75.95190603357592 5453.759357302704 1442.4676302284759 3983.3398210406517
103 1076.2650005237967 24.901553521999602 47.0 48 71.9015535219996 5132.469312404916 1107.1344690514686 4000.433289831447
53 488.41243134512854 26.89219029885745 49.0 50 75.89219029885746 5728.084852948834 1670.5555708561685 4030.6370917938084
27 193.55402274578964 29.963306353478252 50.0 51 79.96330635347826 6026.4252850842495 1974.5435424694736 4021.918436261297
44 414.0271400470608 29.413218683721635 50.0 51 79.41321868372162 5840.59132115705 1786.6120912830454 4024.5660111902816
73 746.1442098369198 26.812657631793048 49.0 50 75.81265763179304 5512.251016825791 1439.8515304928287 4045.5868287011695
98 1040.6122201269043 26.670262713402302 48.0 49 74.6702627134023 5219.11164861864 1149.009779410932 4043.4316064943055
25 171.45275634777173 27.858244924701356 51.0 52 78.85824492470137 6099.91811880418 1994.914100651132 4077.145773228345
105 1136.460171184137 27.554923787096307 48.0 49 75.5549237870963 5147.527555652973 1018.1407462398856 4101.831885625991
11 80.4055552331384 31.328512919781772 52.0 53 83.32851291978176 6211.067706164682 2116.2250542284805 4063.5141390164213
63 598.6711442151405 24.60867956571882 50.0 51 74.60867956571883 5697.174070227923 1614.0028387824225 4058.562551879781
65 618.4733526551958 29.4113741898363 50.0 51 79.41137418983632 5678.476166093539 1587.9932076159762 4061.071584287729
35 318.9217831560271 26.03229568566382 51.0 52 77.03229568566381 5981.184018676053 1874.2583533162133 4080.893369674177
95 1019.7894809584492 26.013849382188063 49.0 50 75.01384938218807 5289.954108830924 1188.1054607924611 4075.8347986562744
46 423.2978865278564 29.699076741709263 51.0 52 80.69907674170926 5887.553349970346 1770.9548617359485 4086.8994114926886
2 31.723402877268217 26.746216721136822 54.0 55 80.74621672113683 6289.702246037194 2143.1961714269264 4119.759857889132
79 811.4070701614255 29.305129964470417 50.0 51 79.30512996447042 5516.788421696209 1348.830422211025 4138.652869520714
28 199.95451471322497 29.689561870050685 52.0 53 81.68956187005068 6129.019256588453 1964.67198841231 4134.657706306092
18 113.01621421842631 29.42211152971761 53.0 54 82.42211152971761 6235.5637930454395 2103.887333919561 4102.254347596161
38 351.94633757503004 30.739516105588855 52.0 53 82.73951610558885 5998.259935435207 1863.4787323060364 4104.041687023584
93 1002.5590885962861 27.024224233671703 50.0 51 77.02422423367169 5352.2322752236905 1204.797402295507 4120.41064869451
99 1051.0300454029946 28.40673385322238 50.0 51 78.40673385322238 5307.572514718889 1136.1825890071489 4142.983191858514
74 758.8917589258109 29.607631733644325 51.0 52 80.60763173364431 5602.881752410188 1422.8152002330642 4150.458920443479
104 1077.1866455964507 26.556154558429277 50.0 51 76.55615455842927 5288.780981126395 1104.4224988360647 4157.802327731901
6 65.01337613264397 27.83726957050781 54.0 55 81.8372695705078 6301.994125057888 2104.7215942279518 4169.435261259429
55 521.0448268844722 29.29010958680597 52.0 53 81.29010958680598 5850.961589132189 1640.2024438456137 4181.469035699766
81 831.0387102614652 27.159084865746237 51.0 52 78.15908486574624 5542.985073204775 1329.7750244964852 4186.050963842545
16 104.55998850204122 31.017306244928104 54.0 55 85.0173062449281 6283.404189685433 2092.9436288155825 4159.443254624923
39 352.7137745198519 26.35914130273174 53.0 54 79.35914130273174 6037.658081535358 1859.2328692474755 4152.066070985149
89 959.3715415158654 26.255918682824294 51.0 52 77.25591868282429 5432.415150006673 1255.837599509163 4150.321631814684
100 1061.677639905111 27.387604079510982 51.0 52 78.387604079511 5336.880367537213 1129.3272212639774 4180.165542193723
75 765.5100907872472 25.565629008088067 52.0 53 77.56562900808808 5633.829487214682 1415.469080959464 4192.794777247127
51 473.8632363305777 27.668942428466003 53.0 54 80.66894242846601 5929.890233732351 1691.3931673730533 4210.828123930832
80 828.5833806610486 26.428624229643514 52.0 53 78.4286242296435 5578.579333890526 1333.8701805776952 4218.280529083186
56 526.9460306905416 30.252868319859683 53.0 54 83.25286831985969 5885.836690690097 1688.6153320433873 4166.96849032685
88 942.1062204034023 28.583119527112277 52.0 53 80.58311952711229 5479.845435200543 1249.3108125138651 4201.9515031595665
97 1026.1843552083594 27.915799325171303 52.0 53 79.9157993251713 5399.923741367994 1170.919662899719 4201.088279143104
57 529.1229795779044 30.214988499201233 54.0 55 84.21498849920123 5910.401962140165 1680.5137167039293 4199.673256937037
14 86.50063193249463 32.753866953615955 56.0 57 88.75386695361595 6358.613375585698 2127.1941362408807 4198.665372391201
42 391.77545461305544 30.13601245593916 55.0 56 85.13601245593917 6055.754503737554 1816.729502773899 4208.888988507711
76 771.6921199304951 33.38212268671321 54.0 55 87.38212268671322 5681.179932461643 1406.0318806585822 4241.765929116347
83 837.7218119447267 29.305485252493902 54.0 55 83.30548525249391 5620.153149046601 1317.9497771856493 4272.897886608458
106 1160.2643138629076 29.725867468251753 53.0 54 82.72586746825174 5299.923536198177 992.1280422011691 4278.069626528754
62 588.8363883728576 30.215407894289868 55.0 56 85.21540789428985 5877.093498029544 1630.3554548712575 4216.5226352639975
90 971.0709170454966 30.35992714216556 54.0 55 84.35992714216556 5496.95440227071 1239.1174409991077 4227.477034129438
77 788.2739328663246 32.4724116664606 55.0 56 87.47241166646059 5684.761426975288 1387.6523245327646 4264.636690776064
52 474.7988364631157 31.867606843105673 56.0 57 87.86760684310569 5998.811853279992 1687.603481846802 4279.3407645900825
107 1161.2000369982854 28.507403741081262 54.0 55 82.50740374108125 5316.565604676655 1060.8981042743721 4227.160096661203
94 1018.4132475361624 30.825174165521076 55.0 56 85.82517416552108 5465.59680423186 1185.5379085975333 4249.233721468802
61 569.3614605070279 30.638519228121837 57.0 58 87.63851922812184 5924.407309825583 1620.5681835988946 4273.200606998566
102 1063.1709837518524 29.70846554313155 57.0 58 86.70846554313154 5444.749775285767 1121.9190712540974 4293.122238488538
85 847.7055427142963 31.377221597197238 58.0 59 89.37722159719723 5663.11345805999 1304.2445890243268 4327.491647438466
109 1197.083305618834 31.517223514106508 58.0 59 89.5172235141065 5324.489247865135 1008.3722593953771 4284.599764955651
29 235.96384639883865 35.37897908307368 62.0 63 97.37897908307369 6292.209169849533 1975.431315028453 4281.398875738009
23 139.001567742006 35.57575022861356 63.0 64 98.57575022861356 6392.596406864226 2053.1543068452766 4303.866349790337
82 834.0799435385693 35.30757196414203 62.0 63 97.30757196414201 5704.692976163353 1324.1600739813634 4345.225330217846
108 1174.5250976236919 31.852975013368454 61.0 62 92.85297501336844 5364.969639105546 1028.2945097243808 4304.822154367798
78 810.2294481016686 35.16968092151754 63.0 64 98.16968092151754 5732.561503699942 1351.9101545693154 4345.4816682091105
71 741.6081987732534 38.523804356198184 65.0 66 103.52380435619818 5805.233883541552 1448.6419525647084 4318.068126620647
34 314.02685145415296 37.57822602076295 67.0 68 104.57822602076295 6233.371409295462 1882.1567814008629 4313.6364018738395
