# Cpu scheduler: fcfs
# Quantum: None
pid arrival_time cpu_bursts_time io_bursts_time nbursts bursts_time tat ready_wait_time io_wait_time
22 83.37628346110226 60.0 0.1 2 60.1 609.4431694298256 549.3431694298256 0.10000000000002274
8 26.844324926948456 120.0 0.30000000000000004 4 120.3 1044.0927278637648 923.7927278637649 0.3000000000000398
0 1.6611857547563869 180.0 0.5 6 180.5 1398.9114837628144 1218.4114837628144 0.49999999999995026
16 57.166961086571796 150.0 0.4 5 150.4 1454.3701254344182 1303.9701254344182 0.39999999999994884
18 63.53817490514568 150.0 0.4 5 150.4 1550.4587230228976 1400.0587230228975 0.39999999999997726
17 60.01069556138594 180.0 0.5 6 180.5 1720.003604006514 1539.5036040065143 0.4999999999998863
4 13.294610095267734 210.0 0.6 7 210.6 1801.5919421866117 1590.9919421866118 0.5999999999998877
10 34.80134565532202 210.0 0.6 7 210.6 1872.7250023852803 1662.1250023852806 0.5999999999997669
13 47.085384358188854 240.0 0.7 8 240.7 2017.7368160597118 1777.0368160597118 0.699999999999676
7 19.918080557205467 300.0 0.9 10 300.90000000000003 2188.4101339643585 1887.5101339643588 0.8999999999994941
59 480.5758037862832 19.971191808951072 37.0 38 56.97119180895107 4671.143718993978 1703.973200999417 2947.1993261856096
56 456.0526082189532 20.57351839910967 38.0 39 58.573518399109666 4783.095194935818 1752.0562285331414 3010.465448003569
96 825.6315870287752 18.744489409101572 37.0 38 55.744489409101575 4430.65960955521 1353.7738113123798 3058.1413088337295
67 536.7165919580032 21.48498487069076 38.0 39 59.48498487069077 4742.289592087963 1677.7018084389526 3043.102798778319
78 658.3979253499065 22.49824609807368 38.0 39 60.498246098073686 4648.934835345872 1515.4666550417546 3110.969934206041
76 646.4591637567772 23.429328737177663 39.0 40 62.429328737177656 4754.768511127102 1532.347055944465 3198.9921264454597
15 52.29872560541669 27.397493457568746 42.0 43 69.39749345756874 5414.726041085606 2167.0181319105395 3220.310415717496
21 77.02398754921785 23.079021769566122 42.0 43 65.07902176956613 5424.274635455626 2086.65856173979 3314.5370519462685
71 564.320255167276 24.518645237153716 41.0 42 65.51864523715372 5004.406591758179 1644.605870044597 3335.2820764764288
2 5.752822837806086 22.666781199614956 45.0 46 67.66678119961496 5620.075443371493 2187.5110479734126 3409.897614198465
60 482.4878878527262 26.108682358900527 42.0 43 68.10868235890054 5148.390926145332 1698.4397275156084 3423.842516270821
49 379.0132757561631 24.505191114013726 44.0 45 68.50519111401371 5403.429108765066 1760.8620115947833 3618.0619060562676
51 389.85047316903393 23.302855158334662 44.0 45 67.30285515833468 5394.384124598995 1744.4356319808535 3626.6456374598083
92 779.336680417917 24.47852573507832 43.0 44 67.47852573507832 5021.390841998352 1424.5618961532834 3572.3504201099895
95 820.253206819545 24.27533275560682 43.0 44 67.27533275560681 4992.232358722882 1361.5432935867975 3606.4137323804785
12 46.408216090886455 27.9455209395599 46.0 47 73.9455209395599 5768.786631872238 2159.1722014458182 3581.668909486862
31 198.28054552838904 22.432974465091892 45.0 46 67.43297446509189 5619.55090060801 2002.5270962305756 3594.5908299123435
102 860.4776703171868 27.178045389249345 43.0 44 70.17804538924935 4968.556825700709 1314.0140105564258 3627.3647697550323
108 911.4450749772608 22.88380048097327 43.0 44 65.88380048097328 4934.915252495616 1275.3729719516223 3636.6584800630217
81 677.5431776385277 24.34824129708559 44.0 45 68.3482412970856 5188.1436283981075 1480.2665547204201 3683.5288323806044
23 89.52259635631358 25.237779686082057 46.0 47 71.23777968608206 5778.484568587506 2058.319129502203 3694.927659399218
32 200.05181499988797 26.82466500341138 46.0 47 72.82466500341138 5701.708059409545 1996.465764136688 3678.417630269444
48 373.0513472631943 27.180114990383125 46.0 47 73.18011499038315 5576.084692873266 1770.3625534598125 3778.5420244230722
24 94.44871278439412 28.671350905696208 47.0 48 75.67135090569622 5857.726948514195 2140.9764086555606 3688.079188952939
87 734.8294381287666 26.351632952558386 45.0 46 71.35163295255839 5222.900742721242 1490.0400100497814 3706.509099718901
28 157.43735459929385 27.19266629140435 47.0 48 74.19266629140435 5812.6894987556725 2043.5283840060283 3741.9684484582413
57 475.0112689731925 24.06975944143187 46.0 47 70.06975944143188 5497.7711778111525 1716.0046814228917 3757.6967369468275
3 6.997615668549877 26.589143486614653 49.0 50 75.58914348661466 5969.6452612198445 2204.287017452875 3738.769100280354
33 210.72110667156508 29.63414484110198 47.0 48 76.63414484110199 5770.293585007619 1982.1022894961586 3758.5571506703573
66 522.4923003782885 22.539985295932258 46.0 47 68.53998529593227 5462.535357792228 1662.0161889027806 3777.9791835935134
41 290.2386483496644 26.46436108099863 47.0 48 73.46436108099861 5718.011439101475 1903.0856050489624 3788.4614729715163
44 325.5507124196828 24.275900689390028 47.0 48 71.27590068939003 5688.2326476532635 1859.6794418647785 3804.2773050990945
77 655.294536123379 27.399634171796915 46.0 47 73.39963417179693 5361.365863467852 1520.1684626704368 3813.7977666256165
20 72.41052498032721 30.377059591530656 48.0 49 78.37705959153065 5948.859677623162 2093.5991221247004 3824.883495906929
90 768.7096373963038 25.54847339321843 46.0 47 71.54847339321843 5271.168278291397 1440.9901715685012 3804.6296333296777
9 33.864174066157986 26.347337672705496 49.0 50 75.34733767270548 6010.227031844434 2168.886239099281 3814.993455072448
30 175.0827612050113 27.06420034984861 48.0 49 75.06420034984862 5871.225072024482 2014.5172654859523 3829.6436061886834
63 514.9573365624991 21.933344340005753 47.0 48 68.93334434000577 5538.08926662919 1679.0504987398378 3837.105423549346
19 70.72991455994656 28.077063849981176 49.0 50 77.07706384998117 6016.064284646146 2098.733798353455 3889.253422442712
85 729.0117677160689 27.976523983012292 47.0 48 74.97652398301229 5367.357840034485 1505.2661766034826 3834.1151394479893
86 734.4399436401692 25.559542923620253 47.0 48 72.55954292362024 5364.235037158996 1492.8872736807707 3845.788220554603
91 770.7597393436878 26.95545011912565 47.0 48 73.95545011912566 5335.134019592584 1436.480620369794 3871.697949103664
93 782.0754548644488 25.572797079969455 47.0 48 72.57279707996945 5325.3885857038995 1420.1286150367757 3879.6871735871537
94 808.4911232449583 28.49439473082483 47.0 48 75.49439473082481 5303.221718717993 1374.8538178366662 3899.8735061505013
62 501.4815838900884 30.05050671222952 48.0 49 78.05050671222952 5613.3485830687905 1703.821219032491 3879.4768573240717
98 839.3533357228417 27.51954444516637 47.0 48 74.51954444516637 5278.342308566002 1347.388932633341 3903.4338314874954
72 574.83641979806 28.145822399633577 48.0 49 76.14582239963359 5560.625603417529 1617.1894118730972 3915.290369144798
40 284.3588397586085 26.296501527113026 49.0 50 75.29650152711304 5854.7690576147115 1911.9559254574035 3916.516630630193
109 943.4947179928939 27.85051652067592 47.0 48 74.85051652067591 5199.348002348001 1243.0757511746774 3928.42173465265
82 688.5100587160048 28.693224143473575 48.0 49 76.69322414347359 5463.951785840483 1465.5281365424596 3969.730425154551
88 738.6845246933586 25.570939996999474 48.0 49 73.57093999699947 5420.215602162822 1484.8789522244601 3909.765709941361
11 43.995277196580005 27.016508967260364 51.0 52 78.01650896726036 6124.6638674441 2165.8040486173572 3931.8433098594837
107 900.7130794162263 26.007654983897478 48.0 49 74.00765498389748 5288.124198020338 1290.8601968677365 3971.256346168703
25 127.28993930754115 28.48225789822697 51.0 52 79.48225789822696 6082.812273990668 2091.5943979754084 3962.7356181170326
104 889.0217266453078 26.570411725969727 49.0 50 75.57041172596972 5342.888470388176 1315.3957252183798 4000.9223334438266
58 475.15204729675094 30.520045869039315 51.0 52 81.52004586903932 5787.219005411697 1713.2848862329806 4043.414073309675
34 221.28650291748517 29.07724152774218 52.0 53 81.07724152774219 6049.539639485047 1998.3233880937323 4022.1390098635707
38 265.9254102544004 27.983332757347522 52.0 53 79.98333275734753 6015.256891389096 1927.3523744227873 4059.92118420896
46 335.51842032533904 30.15611603359568 52.0 53 82.15611603359568 5953.746970715718 1843.1604885517759 4080.430366130346
6 16.908733586333028 31.95324406827268 54.0 55 85.9532440682727 6274.451489987753 2154.1146684814976 4088.3835774379827
26 134.24266493785922 28.586707179461754 53.0 54 81.58670717946175 6168.244615123924 2081.736178478298 4057.9217294661667
65 522.3018020651854 32.58273788734154 52.0 53 84.58273788734152 5787.676757491665 1664.7748888930698 4090.3191307112547
43 298.5046586044436 29.872778450670843 53.0 54 82.87277845067085 6028.364447891701 1887.6338182853988 4110.857851155631
74 613.7021774842641 30.034040054716574 52.0 53 82.03404005471658 5714.5995308216425 1573.2420650586125 4111.323425708311
79 666.8071504323099 31.047111607745883 52.0 53 83.04711160774589 5666.1403994136235 1496.3276981904974 4138.765589615379
100 843.5165542190102 29.256770208621806 52.0 53 81.25677020862182 5506.894706747484 1338.2227713634707 4139.415165175391
14 50.23913924646609 29.305360135842925 55.0 56 84.30536013584292 6301.526528260266 2173.8100885932436 4098.411079531179
47 364.8565248695278 29.972071846136522 54.0 55 83.97207184613652 6002.839595037315 1798.2887078829858 4174.578815308194
83 694.4496394846135 30.51385756066206 53.0 54 83.51385756066206 5675.421194810004 1454.117337686781 4190.7899995625585
50 380.57484962790755 32.350658555830925 54.0 55 86.35065855583093 5990.101900358316 1755.8282263475637 4201.923015454922
54 421.9852094974485 32.340713152218214 54.0 55 86.34071315221821 5952.742250949533 1804.4420851823327 4115.959452614979
69 547.5647531635327 34.34518726265034 54.0 55 88.34518726265034 5841.212396740932 1659.1476579141204 4147.719551564161
42 290.6909336472264 31.23929044872919 55.0 56 86.2392904487292 6106.029357302585 1899.274075015774 4175.515991838079
75 628.0181908289002 33.169240617749935 54.0 55 87.16924061774995 5770.3202259471145 1561.810596624264 4175.340388705101
45 334.92107276426697 29.35631919021488 55.0 56 84.35631919021488 6064.423489402526 1846.9686391041269 4188.098531108183
52 407.69354302148105 32.08992490309326 56.0 57 88.08992490309326 6020.403179504825 1827.4519209794369 4160.861333622294
29 167.77342404999516 31.987772523188138 57.0 58 88.98777252318814 6266.241778602274 2025.5559820403646 4208.698024038719
35 228.64030040689929 31.60381884280938 57.0 58 88.60381884280939 6211.614396312073 1988.1344099315834 4191.876167537678
73 584.4262004735805 31.880993075883936 56.0 57 87.88099307588394 5863.684093339411 1600.5040420129264 4231.2990582506
53 410.7789394140538 28.7470937949033 57.0 58 85.7470937949033 6042.303426189726 1818.920581223007 4194.635751171815
27 150.82677478748369 29.481564205188736 58.0 59 87.48156420518872 6304.3990485237455 2060.7182422991177 4214.199242019437
55 446.54225241191983 33.18904031074924 58.0 59 91.18904031074923 6028.895045667149 1764.5068190829788 4231.199186273421
1 1.6611857547563869 37.93615634536675 61.0 62 98.93615634536674 6474.681720377215 2203.0827951769784 4233.662768854874
68 543.1986362335562 33.16528845406783 58.0 59 91.16528845406782 5939.824604332807 1667.1682122363495 4239.491103642389
106 898.2243218275005 32.3126672709937 57.0 58 89.31266727099369 5588.825607373356 1306.5839022445857 4249.929037857775
80 674.4576802733409 31.30939239945275 58.0 59 89.30939239945273 5817.053948404506 1486.902600367494 4298.841955637558
36 239.05073031771087 37.895240203326594 61.0 62 98.89524020332662 6274.216177330947 1973.622204417823 4262.698732709798
103 871.2776794532105 33.720489928835896 59.0 60 92.7204899288359 5644.142981758242 1335.3766068222465 4275.045885007159
37 255.39961133831864 31.94730088877253 62.0 63 93.94730088877253 6273.748654185947 1942.075508350643 4299.725844946533
39 280.8418388327019 34.02969850792632 62.0 63 96.02969850792635 6249.142333274991 1918.1693615856325 4296.94327318143
70 551.1815821780002 36.80894431145323 62.0 63 98.80894431145322 5988.083878381671 1652.9937287623084 4298.281205307911
97 829.7394470376314 34.001753301141996 62.0 63 96.00175330114199 5715.405065279132 1380.2112678908388 4301.192044087149
5 16.35333669499226 34.64725922848785 66.0 67 100.64725922848784 6533.478230344401 2159.2213253168493 4339.609645799066
105 898.0432019309758 38.605763666050805 63.0 64 101.60576366605082 5658.902515411891 1309.8147512845774 4310.482000461263
84 702.6507548217054 36.035075410291505 64.0 65 100.03507541029151 5855.591594185078 1431.824623237561 4387.731895537225
101 856.8890271595457 35.22535023332404 64.0 65 99.22535023332405 5705.918135741418 1320.64481983658 4350.047965671514
61 490.349487954452 37.08756503939663 66.0 67 103.08756503939664 6075.006485947706 1688.8237311196476 4349.0951897886625
99 843.1572318067794 36.634228862399155 67.0 68 103.63422886239917 5729.8003812134975 1340.830605309904 4352.335547041196
64 518.4954968964073 40.899970175374726 73.0 74 113.89997017537473 6064.374274240102 1672.311210711663 4351.163093353063
89 747.1473642335764 36.66817116360515 73.0 74 109.66817116360514 5836.632273311136 1474.306218669149 4325.65788347838
