# Cpu scheduler: sjf
# Quantum: None
pid arrival_time cpu_bursts_time io_bursts_time nbursts bursts_time tat ready_wait_time io_wait_time
2 5.9695725021822525 120.0 0.30000000000000004 4 120.3 2044.719171848921 1822.8503232992023 101.86884854971865
16 67.86235089959378 24.242485009307853 43.0 44 67.24248500930784 2730.776732934526 406.0663760404111 2300.4678718848077
6 24.30946391430675 25.187617413707017 46.0 47 71.18761741370702 2966.218138319262 455.9835794061168 2485.0469414994395
13 56.5393048176424 150.0 0.4 5 150.4 3042.5851814114512 2669.6320960893877 222.95308532206337
40 329.8265693354606 20.062918389757254 37.0 38 57.06291838975726 2932.6301897468807 332.3757270628427 2580.1915442942804
19 90.21363383962168 22.70076721973808 46.0 47 68.70076721973807 3272.712650884391 424.91844709911953 2825.0934365655344
23 94.70073281972077 27.655478623446015 46.0 47 73.655478623446 3291.1578249243184 548.1740153276631 2715.328330973209
30 170.12931190679583 23.164547639923217 42.0 43 65.16454763992323 3254.4209558462353 648.3573832222189 2582.899024984093
17 72.77135560994878 23.77746297015015 45.0 46 68.77746297015017 3354.866707432008 621.3452244356291 2709.7440200262286
47 395.08641889291886 19.169210777864038 34.0 35 53.16921077786404 3033.559336491671 453.17376883838335 2561.2163568754236
8 35.681002344771656 26.663608722475544 46.0 47 72.66360872247554 3422.148149611561 730.040244978637 2665.4442959104485
9 41.95905214251869 26.829381875376356 49.0 50 75.82938187537636 3458.444468966304 635.1838407769186 2796.4312463140095
1 2.0527327364985215 27.602402961170974 48.0 49 75.60240296117098 3507.4108939133976 641.0122762431731 2838.7962147090534
56 466.9586143159431 20.80537491782535 32.0 33 52.805374917825354 3089.49874301467 502.6888813571917 2566.004486739653
3 9.796208483154823 30.12921757568487 54.0 55 84.12921757568485 3588.1656947603997 534.5733492784798 3023.463127906235
12 52.1059864565662 180.0 0.5 6 180.5 3578.3901508816775 3116.2647669969137 282.1253838847642
15 61.04658484934535 180.0 0.5 6 180.5 3712.052282477459 3230.6648025243926 301.3874799530663
29 167.25065761513994 27.069341195384247 48.0 49 75.06934119538425 3631.5531633703004 583.7994183854311 3020.684403789485
32 212.8360585740211 25.191534912725356 44.0 45 69.19153491272534 3597.9475420280028 557.6296700937231 3015.126337021554
45 374.05083278035175 22.398948414757363 37.0 38 59.39894841475736 3486.0863250198154 621.9049219884203 2841.7824546166376
20 90.87755968343178 25.1560595182603 50.0 51 75.1560595182603 3770.04507023288 551.2199799882203 3193.669030726399
104 899.2394680046974 16.949526265206053 31.0 32 47.94952626520605 2963.910058320197 330.9024862902571 2616.0580457647347
22 94.07828018351104 31.857876609029255 49.0 50 80.85787660902926 3848.0377763836423 683.1335369579213 3133.0463628166904
38 313.3152785098681 23.130271802611393 44.0 45 67.13027180261139 3688.3460979059973 546.8566519086351 3118.3591741947516
52 441.97286837959115 21.12954788979293 41.0 42 62.129547889792924 3559.9540482331777 339.216339747306 3199.608160596078
42 347.95660935423393 23.311384558395133 42.0 43 65.31138455839513 3723.193407106005 641.9578956738501 3057.924126873759
10 46.15817660587787 210.0 0.6 7 210.6 4074.3028692624603 3529.1514390152074 335.15143024725296
18 78.98009318703382 28.49823819316617 52.0 53 80.49823819316617 4050.1808920881945 750.423886836941 3271.258767058088
28 161.57513524436135 28.265478255249022 55.0 56 83.26547825524902 3994.7041702677716 501.58418399295067 3464.85450801957
35 272.18062084180883 26.85542646248173 45.0 46 71.85542646248173 3885.600658625703 746.3309591773364 3112.4142729858863
41 342.403505464183 27.18374950639115 44.0 45 71.18374950639117 3863.506830805272 629.8840195390344 3206.4390617598474
69 627.6289512419904 20.54744595256065 39.0 40 59.54744595256065 3582.4597907013563 469.5962052183538 3092.31613953044
26 129.93961695550323 27.68130109111049 54.0 55 81.6813010911105 4091.3101176112773 703.5969252974066 3360.031891222761
25 128.19066638838729 29.3193852180527 52.0 53 81.3193852180527 4097.20942662895 803.1543121051483 3264.735729305748
72 657.1548703829434 22.588674175935154 37.0 38 59.588674175935154 3570.4659560234218 540.8748589961689 3007.002422851318
5 13.79070118878338 240.0 0.7 8 240.7 4323.645203073671 3702.257308223583 381.3878948500886
101 867.0978388352485 21.08396091498816 38.0 39 59.083960914988154 3474.575888918923 392.3938611647027 3061.098066839232
39 328.0387149513917 28.602484317890536 46.0 47 74.60248431789051 4042.51793638207 766.814982122113 3247.1004699420664
7 29.665310918315477 240.0 0.7 8 240.7 4375.996535658454 3749.0233593264456 386.9731763320086
33 233.59330426067524 30.658761357296008 52.0 53 82.658761357296 4183.1520398823795 608.3474314026616 3544.145847122423
21 93.36035729304791 33.60569132358432 57.0 58 90.60569132358431 4326.7369975720885 769.9957052063974 3523.135601042107
34 257.75295441838193 28.21879528857064 47.0 48 75.21879528857063 4167.679841448739 803.2414618401119 3336.219584320056
58 475.5545608588645 25.004164859127687 46.0 47 71.00416485912768 3970.603260708661 494.63359188938585 3450.9655039601485
0 2.0527327364985215 270.0 0.8 9 270.8 4476.19539991426 3821.6025606762105 384.5928392380496
75 683.1053477013744 25.109383608984626 41.0 42 66.10938360898463 3795.258385272223 513.6378812259131 3256.511120437326
73 675.5505710799845 22.868215078186537 41.0 42 63.86821507818654 3804.059293440806 531.2504691803372 3249.940609182283
63 507.79169211957264 25.532901109632032 42.0 43 67.53290110963205 3972.7316838483302 801.8097470984301 3145.3890356402685
24 107.12277524554902 31.39279316100563 58.0 59 89.39279316100563 4395.601917339596 854.3951181522416 3509.8140060263477
37 313.2330363029188 30.673580183335346 50.0 51 80.67358018333533 4193.849796292933 595.3986436819762 3567.7775724276216
49 417.82712857279546 26.736140190982162 47.0 48 73.73614019098216 4135.262577220049 585.2522744885046 3523.274162540563
79 709.2050365041084 22.792505077593102 43.0 44 65.79250507759312 3848.155254733035 451.4303588364977 3373.932390818944
65 564.3008627266832 22.821809303380856 44.0 45 66.82180930338086 3993.3999063906444 649.2384420107578 3321.339655076505
51 431.70113507671834 25.82725131431441 47.0 48 72.82725131431441 4127.6224527381055 624.9992070581974 3476.795994365593
36 277.20831894590765 31.464199569251566 54.0 55 85.46419956925156 4293.361976840581 682.5817182529474 3579.316059018382
83 750.4160964709247 23.567829422209122 41.0 42 64.56782942220913 3856.1597984987675 710.5647051251492 3122.0272639514096
44 358.92050604950066 29.89625336754608 50.0 51 79.89625336754608 4254.269485898899 635.1672456611252 3589.2059868702277
60 480.80784588359523 28.84180936159472 48.0 49 76.84180936159473 4136.0162843337375 498.4736502550163 3608.7008247171275
85 765.5046449534661 25.30044093935837 41.0 42 66.30044093935837 3860.2264987760204 662.206801445798 3172.719256390866
27 139.90760278028162 31.265557884829725 57.0 58 88.26555788482972 4503.005735359963 655.6179709406302 3816.122206534503
14 60.47600771771093 270.0 0.8 9 270.8 4613.537941087957 3915.307525395507 428.23041569244936
31 171.55989289778788 30.31925643020536 59.0 60 89.31925643020536 4504.247896311115 717.324626754808 3756.6040131261007
102 889.5803057281997 22.70213178637787 41.0 42 63.702131786377876 3791.4800437300823 605.471915962466 3163.3059959812376
98 843.1190580104103 21.958618876515562 43.0 44 64.95861887651557 3838.649610029638 494.4150747808279 3322.275916372294
96 832.2731472434435 23.857958495878897 43.0 44 66.85795849587889 3856.970502444281 566.2325231344121 3266.88002081399
59 475.82086990256175 27.315133553415304 50.0 51 77.3151335534153 4228.8566256189015 599.9901482792895 3601.551343786196
80 717.7140978117866 27.736370565179094 46.0 47 73.7363705651791 3990.3337959402907 460.1963479859089 3502.401077389204
4 12.56852481008344 300.0 0.9 10 300.90000000000003 4726.201115579749 3990.5047723814405 435.6963431983087
91 809.8456289257808 24.450020274124892 44.0 45 68.4500202741249 3930.1653644902844 497.56816883919294 3408.147175376969
46 392.82527004541566 28.27891158689883 51.0 52 79.27891158689883 4351.228394718846 709.8437295032156 3613.1057536287312
62 507.1889146507476 27.037385378226485 53.0 54 80.03738537822647 4253.307792991935 392.8452049451269 3833.425202668578
70 633.4239449716214 25.96668290022134 48.0 49 73.96668290022134 4127.985216954589 582.1541024909186 3519.8644315634474
94 813.0269144580459 25.07557733424668 47.0 48 72.07557733424669 3985.938412987857 539.8709320072871 3420.9919036463243
66 603.4816312056897 29.90321266798172 49.0 50 78.9032126679817 4238.100907086146 723.4209875095173 3484.77670690865
76 690.0068119709789 27.413840229490482 49.0 50 76.41384022949048 4169.577138616616 634.9665178616127 3507.196780525515
105 907.1366707958819 26.46576516171701 45.0 46 71.46576516171702 3953.559354545852 657.0567699374222 3270.036819446711
74 682.4103000184367 29.090081220507287 50.0 51 79.09008122050729 4184.600029766818 605.9550185335858 3549.554930012727
64 529.0426421327375 30.991098444517814 53.0 54 83.99109844451782 4342.846595337106 544.9035484516146 3766.951948440973
87 775.4594567626848 26.09636444083311 50.0 51 76.09636444083311 4113.045431502381 542.0028168261975 3544.94625023535
109 990.835832845994 26.436433757537394 47.0 48 73.4364337575374 3900.9249257377446 532.8927432558128 3341.5957487243954
53 442.418936845713 29.23334097150865 53.0 54 82.23334097150865 4451.050764550811 721.7354026376845 3700.082020941618
67 617.3842037254993 28.656753440129116 51.0 52 79.65675344012912 4279.323066531034 650.4046674420238 3600.261645648882
48 406.32152113275475 30.593547118041226 55.0 56 85.59354711804122 4491.49129489376 654.3515989523678 3806.546148823352
11 46.67931503941549 39.202154005533686 72.0 73 111.20215400553369 4855.217895502705 763.279053804577 4052.736687692593
43 355.60404839631167 31.03379775467085 59.0 60 90.03379775467086 4548.209916724874 692.447905099209 3824.7282138709966
77 690.3605736126569 30.457031919273096 51.0 52 81.45703191927309 4215.458986285737 510.1812817525864 3674.8206726138787
90 799.4897387086053 27.258503449856438 50.0 51 77.25850344985643 4138.707663816645 535.9045350306271 3575.5446253361624
99 847.8043269908881 27.16691623099937 51.0 52 78.16691623099936 4102.5632145143245 531.4311259083522 3543.9651723749735
93 811.4478703889802 28.297664359386644 50.0 51 78.29766435938664 4141.462580126549 558.0198432718158 3555.145072495345
57 468.9757241321225 29.270347859332574 56.0 57 85.27034785933257 4486.301123436741 651.8427437733865 3805.188031804022
54 449.11587263516117 29.62753475525687 58.0 59 87.62753475525686 4509.3821714720125 686.1828036652553 3793.5718330514983
108 941.8683443217095 27.031539804208794 50.0 51 77.03153980420879 4020.047024614354 507.3587220026102 3485.6567628075354
81 720.6592010406649 30.405393308068373 53.0 54 83.40539330806837 4249.185537217541 543.3022820222644 3675.477861887209
61 492.7471768620211 32.04204629559508 57.0 58 89.04204629559509 4478.440287585113 637.1113953388231 3809.286845950692
50 420.7087433457653 31.79333896886804 61.0 62 92.79333896886804 4551.762293008922 545.5231036238016 3974.4458504162526
95 828.4125946785351 28.09635913728143 50.0 51 78.09635913728144 4145.599303790632 606.839291305994 3510.6636533473547
97 834.4931182434261 27.89943543278241 52.0 53 79.89943543278241 4140.508893641356 631.7870717284812 3480.822386480093
68 625.1906851153703 32.51523057822644 57.0 58 89.51523057822645 4355.578265035365 509.8011012983718 3813.261933158765
103 896.5143516566083 29.56574193865922 52.0 53 81.56574193865923 4086.757147877933 478.6137248697081 3578.5776810695666
84 753.8632172911044 27.19422644243925 54.0 55 81.19422644243927 4245.308937684127 506.2126977648953 3711.9020134767916
106 916.2259432658137 31.81196084833589 53.0 54 84.81196084833589 4090.555739025259 573.4191554295109 3485.3246227474124
88 784.1425314875173 29.888554547706573 57.0 58 86.88855454770658 4227.160080702659 508.68609462494794 3688.585431530004
71 650.5114313165052 29.73580825854075 58.0 59 87.73580825854076 4365.025446521074 471.67508334867364 3863.614554913858
86 766.8066563890078 32.72823143858184 54.0 55 86.72823143858184 4252.091883166793 720.3340460276567 3499.029605700555
89 796.6108503531698 32.560768729967435 57.0 58 89.56076872996744 4229.658522144273 558.2200919471593 3638.877661467145
55 454.6868833234718 36.69237491585247 65.0 66 101.69237491585247 4577.5196332501655 514.406568164284 4026.4206901700286
78 702.7196450935586 35.264990603659804 59.0 60 94.26499060365981 4336.637838020006 658.6810166276355 3642.691830788713
100 857.71581344465 34.52838764869636 58.0 59 92.52838764869637 4187.208602064189 655.92456715471 3496.755647260785
82 729.2411770842818 35.31961268121586 62.0 63 97.31961268121586 4324.08983394352 704.2449394450468 3584.525281817259
107 934.6661578261663 33.2080460824296 65.0 66 98.20804608242959 4124.169837418992 526.619444492434 3564.34234684413
92 810.6560635531025 39.70875673659708 70.0 71 109.70875673659708 4257.144266024221 609.1949841672118 3608.2405251204123
