# Cpu scheduler: srtf
# Quantum: None
pid arrival_time cpu_bursts_time io_bursts_time nbursts bursts_time tat ready_wait_time io_wait_time
4 16.15383646548649 18.476131636686603 34.0 35 52.476131636686596 974.4150701387474 1.487078635599513 954.4518598664613
5 21.352151827943725 24.15841875423593 41.0 42 65.15841875423592 1875.0647732682849 1.4517539729724653 1849.4546005410764
0 14.754344455461826 120.0 0.30000000000000004 4 120.3 2147.246549501827 1832.7502037119634 194.49634578986343
3 15.89795088651507 27.161021372815647 47.0 48 74.16102137281565 2258.7972709226715 1.9392426068383948 2229.6970069430176
11 35.43822856501379 22.951348701473098 45.0 46 67.9513487014731 2577.8711487800674 0.8046611411722822 2554.115138937422
15 45.213905521554494 120.0 0.30000000000000004 4 120.3 2638.6155838630093 2250.490559503412 268.1250243595973
8 33.73399426121271 150.0 0.4 5 150.4 2900.3917933098073 2424.773408213313 325.6183850964939
1 14.754344455461826 30.527749778640512 55.0 56 85.52774977864051 2983.965656315836 3.978042622155705 2949.45986391504
10 34.879798899395176 150.0 0.4 5 150.4 3036.2201040069826 2546.703412955684 339.5166910512982
12 36.850936847109836 150.0 0.4 5 150.4 3097.5743975965497 2601.9251250102 345.64927258634975
22 104.67249113741926 23.792188557392713 43.0 44 66.7921885573927 3073.119190642319 0.696862828225477 3048.6301392567016
30 161.1657385997278 19.432305934451083 40.0 41 59.43230593445109 3069.61752229356 2.2631596042878073 3047.9220567548214
7 27.163507189182283 33.1453626325722 54.0 55 87.14536263257222 3262.074434838562 1.884519933359897 3227.0445522726295
40 225.07547550591792 23.41302837078382 38.0 39 61.41302837078383 3076.1623708863694 0.9461462313083473 3051.803196284277
16 45.42739734258121 30.93741467856058 51.0 52 81.93741467856059 3289.6159153435724 0.5874767496839581 3258.091023915328
23 110.1588600003088 25.675428599546787 45.0 46 70.67542859954679 3277.67828209499 0.8761653181366142 3251.126688177307
27 140.6156226697844 25.574921132585917 43.0 44 68.57492113258591 3248.9101491167394 1.320599252213242 3222.014628731939
29 160.30605716260183 24.222627986472865 42.0 43 66.22262798647287 3246.1801555479283 0.6840701663401205 3221.273457395115
20 65.6356086806801 28.14055849315662 49.0 50 77.14055849315663 3344.471576169717 1.9846921006082567 3314.3463255759516
18 61.29747835426933 28.471917823820277 51.0 52 79.47191782382028 3473.778478240718 1.0498967220051156 3444.256663694893
13 39.4227674109964 180.0 0.5 6 180.5 3496.7178844344285 2874.6614752987275 442.0564091357013
54 423.1016493192864 20.977345344101767 35.0 36 55.97734534410177 3121.6810620045862 0.16012737837183977 3100.543589282113
90 765.8568514344412 18.986040703160885 29.0 30 47.98604070316089 2782.7716854148903 0.17866237569523946 2763.6069823360344
78 657.1176478644503 16.793790052343745 31.0 32 47.79379005234373 2933.139750304546 2.6129727001691663 2913.732987552033
37 212.4074080720053 24.079159108848334 42.0 43 66.07915910884833 3396.789860117428 0.9793061775741592 3371.7313948310057
14 40.55002026495442 30.724753264418915 55.0 56 85.72475326441891 3616.344079571368 4.115816442624798 3581.5035098643243
36 208.72551152411665 22.584261151184123 43.0 44 65.58426115118412 3472.66975242404 1.9669763288478919 3448.1185149440084
6 24.636580795471918 210.0 0.6 7 210.6 3704.146088081874 2989.069684196003 505.0764038858709
41 240.11645468390682 21.452285982609485 43.0 44 64.4522859826095 3528.3237369629924 0.6232585684398373 3506.2481924119434
19 63.92963882387686 26.927562224401367 54.0 55 80.92756222440137 3732.677141859913 1.1105709144446507 3704.6390087210652
53 414.69781368718367 22.673339022529177 39.0 40 61.67333902252917 3435.007587980888 1.3048284058106674 3411.029420552547
17 45.52556029993395 210.0 0.6 7 210.6 3810.171087443789 3056.2525408222427 543.9185466215467
21 84.49287594995413 27.672126208451694 54.0 55 81.6721262084517 3868.4596856675957 1.5181489082504953 3839.269410550894
31 166.50024021793573 26.40684210031279 49.0 50 75.40684210031279 3828.579783989378 0.37586285212211124 3801.7970790369427
38 214.25249277267142 25.704123533173558 47.0 48 72.70412353317356 3799.6928845349166 1.6568004062119144 3772.331960595531
66 536.3715393249429 19.840493466334316 39.0 40 58.840493466334316 3515.9027869158044 0.3152283112092391 3495.7470651382605
2 14.793905268547944 270.0 0.8 9 270.8 4043.8769746340636 3122.35203921791 651.5249354161535
35 201.12765995797025 29.341312109698325 49.0 50 78.34131210969834 3919.418045560014 0.30385228847669055 3889.7728811618395
9 34.17453049447093 270.0 0.8 9 270.8 4093.711648624377 3162.6050028762616 661.106645748116
70 607.0455003939289 18.693072889816523 39.0 40 57.69307288981653 3532.7765403408875 0.0 3514.0834674510706
45 316.7423106180455 25.908637342379144 46.0 47 71.90863734237914 3860.9044078659304 1.3074121700276464 3833.688358353524
100 877.196905981432 23.18329933098802 36.0 37 59.18329933098802 3315.6363625481335 0.0 3292.453063217145
26 114.92851299501105 29.43488155226365 55.0 56 84.43488155226365 4108.963682605742 2.0118300652402468 4077.516970988237
50 378.6478343581065 27.048618651117863 45.0 46 72.04861865111788 3848.3372500324085 0.5732489990392082 3820.7153823822514
28 148.9471813477069 30.382704804462236 54.0 55 84.38270480446224 4131.336864313624 1.0197448034892886 4099.934414705673
34 200.64456176720938 29.407530898751386 52.0 53 81.40753089875138 4122.396974058828 1.392769918485186 4091.5966732415927
32 180.15072816028 28.848999847584338 53.0 54 81.84899984758434 4152.796267229966 2.770150733893985 4121.177116648489
44 296.8167464558507 31.096368840504894 49.0 50 80.09636884050491 4044.7848782103915 0.19377596499981564 4013.4947334048875
25 112.28121215392025 31.187174224549512 57.0 58 88.18717422454952 4230.638893027979 0.6343488246000533 4198.817369978828
51 391.98148694737245 25.884866705240256 47.0 48 72.88486670524024 3990.0705117024495 0.0 3964.185644997209
24 110.81976578252812 33.258446830630646 58.0 59 91.25844683063063 4286.8710523168365 2.578724313385081 4251.033881172821
47 365.5175488235594 26.570155347379114 48.0 49 74.57015534737913 4036.265640325782 0.6370033307754284 4009.0584816476276
94 818.2119567143136 20.87794121834821 40.0 41 60.87794121834821 3587.9861969334024 0.45683933567397617 3566.6514163793795
74 623.8327833582407 24.0798303431159 43.0 44 67.07983034311592 3801.919711341804 0.7831728273901035 3777.056708171299
64 523.0586915157629 23.138276631045752 45.0 46 68.13827663104576 3913.0540213361683 0.8302583102149583 3889.085486394908
48 373.510821009182 23.460759165603605 49.0 50 72.4607591656036 4091.8241793559637 0.30327682161077973 4068.0601433687507
42 272.45108443584184 29.758724034413785 53.0 54 82.75872403441377 4253.890468226115 0.8984486563718406 4223.2332955353295
33 191.66887962527392 30.962686412969695 56.0 57 86.9626864129697 4341.337082770286 0.5943903763217975 4309.780005980993
98 868.2578408713725 26.22596214548362 42.0 43 68.22596214548363 3685.646680446007 0.1581696717386194 3659.262548628785
61 487.6745508893098 25.194587466746523 48.0 49 73.19458746674653 4076.8709333230354 0.509608654755084 4051.1667372015336
79 658.3872091065714 24.566287490454464 45.0 46 69.56628749045447 3910.7072259233582 1.2175349933353345 3884.923403439569
104 911.2300341298322 22.97551129257005 42.0 43 64.97551129257005 3665.902695462207 1.3496936797582748 3641.577490489879
88 741.6176618138131 20.579090050931566 45.0 46 65.57909005093157 3880.2047326231896 0.12910434900777545 3859.4965382232513
63 518.4400603116251 27.022986716374998 49.0 50 76.022986716375 4122.101652048117 0.713444785701995 4094.3652205460394
83 696.0495954398793 25.777541713744306 46.0 47 71.77754171374431 3947.042816564159 0.0069542672005127315 3921.2583205832125
84 696.6928514971896 26.300521640333525 46.0 47 72.30052164033351 3946.8381801242012 1.5992734913901359 3918.938384992476
39 221.68196350564583 26.227234975209885 57.0 58 83.22723497520987 4423.12266549965 1.1476034617367077 4395.747827062702
59 475.5353334616153 28.563590309174316 50.0 51 78.56359030917432 4171.985695516383 1.8453428423010791 4141.576762364908
65 531.3946055635321 29.803010373031793 49.0 50 78.8030103730318 4124.995131460062 0.4864608411685367 4094.7056602458615
99 875.095290140367 27.18217602482696 44.0 45 71.18217602482696 3781.688575955399 0.0 3754.506399930571
77 656.0323558092794 25.07628469305478 47.0 48 72.07628469305479 4007.8789922467213 0.7751169390701307 3982.027590614596
56 446.4713037475511 29.169011481619137 51.0 52 80.16901148161914 4220.747420213478 0.6924615764503415 4190.885947155409
87 714.174320915047 23.7813195850212 47.0 48 70.7813195850212 3984.9073659236956 0.5735746493440956 3960.5524716893296
46 359.6698154980283 29.04316972732386 54.0 55 83.04316972732389 4340.647571387902 0.18207086136760608 4311.4223307992115
52 413.8405580050081 28.464268417066652 53.0 54 81.46426841706663 4296.380195044947 0.14152303088258122 4267.774403596996
73 621.3872028291362 26.86648492160962 49.0 50 75.8664849216096 4096.162866373241 1.2105609163061217 4068.0858205353243
72 621.1517529694655 26.58482659618901 50.0 51 76.58482659618902 4130.79421013857 0.47289258052899186 4103.736490961854
62 516.4900503936473 30.018476809616534 52.0 53 82.01847680961653 4239.807979249099 0.0 4209.789502439481
55 423.41997402977347 28.328840933216334 54.0 55 82.32884093321631 4333.449378006872 0.813699093478931 4304.306837980177
67 585.7049806956874 27.462072057353478 51.0 52 78.46207205735348 4182.70372848226 1.3568061151235042 4153.884850309783
101 881.3272926036578 24.901377676931325 47.0 48 71.90137767693132 3890.7025298586104 0.409106277446881 3865.392045904234
69 594.9189007543822 27.47602603387322 51.0 52 78.47602603387324 4178.217874888134 0.8133000431606661 4149.928548811099
89 748.9887641916644 25.749648754992997 49.0 50 74.74964875499299 4031.092811815413 0.0 4005.343163060421
93 804.7294857762319 29.37274889038204 49.0 50 78.37274889038204 3998.1051568684798 0.5002463683181304 3968.232161609778
80 665.2930315238906 28.876871684755407 51.0 52 79.8768716847554 4139.884100698608 0.0 4111.007229013852
57 454.10381712516926 27.813104729821873 55.0 56 82.81310472982186 4352.490711434087 0.43749335179717264 4324.240113352465
106 916.0112878196264 27.374826795434995 48.0 49 75.374826795435 3893.8151948433283 0.4882748328957405 3865.952093214999
92 788.0794970462839 25.39353936092647 50.0 51 75.39353936092647 4037.601060114508 0.28269458665977254 4011.9248261669222
82 686.5988052554533 34.49106035556354 52.0 53 86.49106035556353 4150.472645561332 1.3588437436916365 4114.622741462078
75 628.4021966384435 27.3426379139045 53.0 54 80.34263791390448 4211.254462310166 0.0 4183.911824396262
91 785.2967161978811 28.289108321590774 51.0 52 79.28910832159079 4061.2991413949876 0.0 4033.0100330733962
68 588.023524126406 29.603950416736204 54.0 55 83.60395041673621 4260.694795709493 0.8773671966395113 4230.213478096116
81 681.4425054060918 24.973329807361207 53.0 54 77.9733298073612 4175.294441541863 0.470521648630438 4149.850590085871
58 468.6068520066047 31.05324403300659 57.0 58 88.05324403300658 4391.582284133838 0.8795991535251915 4359.649440947309
103 907.3310574464106 28.16591931596033 51.0 52 79.16591931596032 3963.6543440292153 0.0 3935.488424713253
71 618.163217398373 32.89637383304116 55.0 56 87.89637383304115 4256.0762292721865 1.7036105181933863 4221.476244920954
95 841.5300558438186 26.81918648740045 52.0 53 78.81918648740044 4034.634457020721 1.2955672485982177 4006.5197032847245
86 711.4691950604205 29.424455947373488 54.0 55 83.42445594737349 4171.888902970088 0.0 4142.464447022715
108 945.299395914779 25.666032896755873 52.0 53 77.66603289675588 3945.362034188026 0.6411697600693742 3919.0548315312008
96 848.2383995757388 33.790442073940305 54.0 55 87.79044207394031 4053.3513455481047 1.2245421954256699 4018.3363612787393
105 913.6586524409684 31.798353938841725 54.0 55 85.79835393884171 3996.1329721790944 0.6767617294198089 3963.657856510833
97 859.4676390523562 32.38032405840545 55.0 56 87.38032405840545 4053.163452625542 1.0457465579131622 4019.7373820092257
109 949.8616246039855 32.78251433506041 54.0 55 86.78251433506041 3964.8632819048244 0.6640700820262282 3931.416697487738
85 706.6281576852173 33.69360813884829 57.0 58 90.69360813884828 4208.967392131168 0.5268405384691732 4174.746943453849
60 485.4821619071786 31.96252032471824 63.0 64 94.96252032471824 4443.155011731613 0.0 4411.192491406895
43 295.85991632318104 38.74150816599839 68.0 69 106.7415081659984 4633.72277228547 0.741419805168789 4594.239844314303
102 893.7882680156113 35.32274135057247 57.0 58 92.32274135057247 4037.2821109926886 0.0 4001.9593696421143
76 636.7767693408489 31.157672845312153 61.0 62 92.15767284531216 4296.804995084902 1.8389680446083503 4263.808354194983
49 376.66572138103726 37.791748659329464 68.0 69 105.79174865932947 4560.131125662144 2.913380993616954 4519.425996009196
107 924.4201753583627 35.00615323683427 63.0 64 98.00615323683427 4020.728651493938 0.0393359907420745 3985.683162266362
