# Cpu scheduler: srtf
# Quantum: None
pid arrival_time cpu_bursts_time io_bursts_time nbursts bursts_time tat ready_wait_time io_wait_time
1 11.330656939239304 28.528314913684405 50.0 51 78.5283149136844 127.64993252987944 0.5985238851010877 98.52309373109394
11 54.44520079850402 26.92792590776689 48.0 49 74.92792590776689 1266.4519682967552 1.0526955476812674 1238.4713468413067
12 68.94818320931822 28.27755960690585 47.0 48 75.27755960690585 1894.1316670318104 2.9461230072176505 1862.9079844176865
8 36.915301462508964 120.0 0.30000000000000004 4 120.3 2635.4048574041053 2270.243656762082 245.16120064202346
14 100.28198561344897 27.707670152885374 47.0 48 74.70767015288537 2661.2446831806765 1.1162536691145988 2632.4207593586766
15 102.8885019906482 25.22816038899035 48.0 49 73.22816038899035 2807.4554753269126 0.7903158874068765 2781.436999050516
2 13.06178559012088 150.0 0.4 5 150.4 2925.1871488795487 2495.489729426694 279.6974194528548
18 137.96153418741824 26.162248837008583 45.0 46 71.16224883700858 3052.3482858084867 1.3786390619830513 3024.8073979094947
6 21.110512077259187 150.0 0.4 5 150.4 3171.9675264024595 2688.9995418560907 332.9679845463688
17 136.55859579020563 24.82189424859955 45.0 46 69.82189424859955 3057.1797976175253 3.2541483193581655 3029.1037550495685
31 228.84517270784917 24.586299281451883 39.0 40 63.58629928145187 3008.3907259725725 1.8254222047166877 2981.9790044864035
24 153.22675791108492 24.709253772416496 44.0 45 68.7092537724165 3120.650223759799 1.7036183394726265 3094.2373516479092
13 73.71995314862362 34.887554801313144 60.0 61 94.88755480131314 3282.2656365041757 0.8394847590366226 3246.538596943826
34 246.65573277765176 25.286710652524558 41.0 42 66.28671065252455 3249.658822330533 1.9638489704226458 3222.408262707587
53 402.2428107847371 23.318048686662383 36.0 37 59.31804868666238 3098.165322378945 0.8511589544184517 3073.9961147378635
23 150.3418023099132 23.789918804175855 47.0 48 70.78991880417585 3352.274447824826 1.148138654032607 3327.3363903666173
3 13.66557304677248 180.0 0.5 6 180.5 3491.5279793654563 2914.5670301800055 396.96094918545094
27 178.07089289529478 27.961703543660974 45.0 46 72.96170354366099 3357.7686621470634 1.291732678050323 3328.5152259253514
36 261.23250390758557 23.994389538844725 43.0 44 66.99438953884473 3464.3886756825714 2.440527732107398 3437.9537584116197
26 172.13146066668185 26.69920079272484 48.0 49 74.69920079272484 3571.893195451741 0.7473571794229201 3544.4466374795934
22 148.91357266298044 25.813962069177688 50.0 51 75.81396206917769 3598.0035083307944 0.5767342944789107 3571.612811967138
25 160.4055110194087 26.947675837450355 49.0 50 75.94767583745036 3603.015874542256 1.4572414244895526 3574.610957280316
46 321.53716402035917 21.72738534684758 43.0 44 64.72738534684758 3587.2495880659467 1.5691164478641326 3563.953086271235
21 148.82261214567217 29.441397117806734 52.0 53 81.44139711780674 3796.631514233504 2.824878051191405 3764.3652390645066
33 237.18711475760514 24.753629472316867 47.0 48 71.75362947231686 3733.0150026590272 1.2019575741242363 3707.0594156125853
16 129.48267943235322 34.901902900027245 55.0 56 89.90190290002724 3849.5360325246274 2.1060420129319084 3812.528087611668
4 15.180552658777259 210.0 0.6 7 210.6 3966.114926688524 3261.0490643566795 495.0658623318445
19 140.14382741521507 33.13911469772535 54.0 55 87.13911469772535 3843.6301050608117 0.2976662453442884 3810.1933241177417
52 395.3346263037342 24.061078929705456 42.0 43 66.06107892970546 3590.581698117112 1.3970834655875706 3565.123535721819
41 294.73831698087616 25.028353382614227 45.0 46 70.02835338261421 3698.132960514117 0.0 3673.104607131503
5 15.49303904226989 210.0 0.6 7 210.6 4025.5559377160143 3309.352404146172 506.2035335698427
48 342.83216969685975 24.304099636161723 44.0 45 68.30409963616172 3701.43347630917 0.3565299197065315 3676.7728467533016
44 311.2232440197272 24.89738094106156 47.0 48 71.89738094106157 3886.826240091176 1.9922352094467897 3859.9366239406663
39 287.4622643963121 26.33144640610143 48.0 49 74.33144640610143 3915.8841286866746 0.9933213130884724 3888.5593609674843
40 289.70911282337204 27.404323855030917 48.0 49 75.40432385503091 3917.297510313046 0.6509281324827043 3889.2422583255325
83 806.6258361366567 19.892178568978153 37.0 38 56.89217856897816 3401.4017298752283 1.102017666902725 3380.4075336393466
10 45.009138036064435 210.0 0.6 7 210.6 4191.860886287388 3457.8689073808355 523.9919789065528
35 259.70544857665357 28.409924790332653 50.0 51 78.40992479033265 4010.695670109673 0.4735887795790177 3981.8121565397614
20 148.77854439140404 31.146763869764463 57.0 58 88.14676386976446 4181.3678167932885 2.772167241743034 4147.448885681781
37 277.59619092015623 25.323836122239168 50.0 51 75.32383612223916 4053.5364505507077 2.416391233861873 4025.7962231946067
28 185.11841231133812 29.78300750643928 55.0 56 84.78300750643928 4163.5581112867685 0.3978769092285859 4133.377226871101
92 895.4419343460677 23.79051102726973 38.0 39 61.790511027269744 3462.0655299865803 0.0 3438.2750189593094
88 844.0509192495653 21.79503658377203 39.0 40 60.79503658377203 3543.6637986758155 0.4753275696068613 3521.3934345224347
43 302.5813458429263 25.788664590091233 50.0 51 75.78866459009122 4092.1387170256507 0.7778925769496823 4065.5721598586083
9 38.31708260288282 240.0 0.7 8 240.7 4391.311749095481 3556.6708822439364 594.6408668515445
65 589.0845841568715 26.642929032026103 44.0 45 70.6429290320261 3855.6619927875718 0.9426341827361284 3828.0764295728104
50 372.4584294558499 28.465040688969754 49.0 50 77.46504068896976 4085.668911407355 0.7223365283291514 4056.4815341900553
51 377.40373545089227 26.565966861656236 49.0 50 75.56596686165625 4086.5307041871024 0.6208078160690889 4059.3439295093785
30 216.1069962510152 31.085511340316106 55.0 56 86.08551134031612 4250.224503804216 0.22362581971594864 4218.915366644183
82 790.2354865849675 22.24471335140453 41.0 42 63.244713351404535 3677.290588118728 1.7587075505015264 3653.287167216822
101 948.6090537223492 22.168623228036367 39.0 40 61.16862322803636 3522.6408936651587 0.015413905111017812 3500.456856532012
38 284.96643829928865 27.489497174647454 52.0 53 79.48949717464745 4187.832026289949 0.7054397705505835 4159.637089344751
29 205.83223622549136 31.806429687829212 56.0 57 87.80642968782922 4278.430514138033 0.2429543103820606 4246.381130139822
103 981.7319355056126 23.760756918776025 39.0 40 62.76075691877602 3509.6338077251758 0.9721853943802898 3484.900865412022
47 330.6083606026847 26.38601497004958 51.0 52 77.38601497004957 4174.633943404112 0.8153009999306278 4147.432627434133
87 839.6194435407132 20.18918219716493 41.0 42 61.18918219716493 3668.6593454077283 0.8669483299489684 3647.6032148806144
77 729.4353211991747 22.590879680510405 43.0 44 65.59087968051041 3800.5491022947945 1.5436759595889953 3776.414546654696
69 649.6856447813184 22.407983966141146 45.0 46 67.40798396614115 3917.634267060366 0.6025691258048482 3894.6237139684204
7 28.312917316574335 270.0 0.8 9 270.8 4539.303796638735 3617.4623882853225 651.8414083534116
0 11.330656939239304 300.0 0.9 10 300.90000000000003 4618.446447246583 3666.121331466924 652.325115779659
68 636.833568697746 26.126636509422934 47.0 48 73.12663650942292 4013.763471045193 0.9604586166725539 3986.6763759190985
54 450.41394192802767 24.98373753714213 51.0 52 75.98373753714212 4212.517811941729 0.14081302470651735 4187.39326137988
90 866.2175707333842 25.55244899330968 44.0 45 69.55244899330968 3814.346891163694 0.0 3788.794442170383
84 821.5878798443829 27.87355884063173 45.0 46 72.87355884063174 3872.293954307541 1.4899148885727982 3842.9304805783354
79 755.8485991917876 24.43768964713773 46.0 47 70.43768964713773 3938.8186977539726 0.1438848660518488 3914.237123240784
95 900.0541304675935 23.308921657841598 44.0 45 67.30892165784161 3798.225755684606 0.5588843308751166 3774.3579496958896
42 300.8145119493561 32.01622051532598 56.0 57 88.01622051532598 4410.45622722195 1.2411984259812243 4377.198808280643
70 652.7032567483911 25.350212298506417 48.0 49 73.35021229850642 4065.729442499086 0.17294543950174557 4040.206284761076
62 565.9585980704308 25.476696738917664 50.0 51 75.47669673891767 4162.751669052349 0.0 4137.274972313431
71 685.5336835603543 26.705773989428565 48.0 49 74.70577398942856 4051.550941335587 1.2463834290102795 4023.598783917149
63 577.8870715430346 27.55949727091239 50.0 51 77.55949727091239 4159.646285450232 0.058611037085825046 4132.028177142236
72 692.7026290701131 27.15003536396873 48.0 49 75.15003536396874 4046.8704670076213 0.599994848278584 4019.1204367953733
89 864.3090330558041 24.131766202545368 46.0 47 70.13176620254538 3905.169064220593 0.2595362072270291 3880.7777618108207
45 316.46015285735876 37.36164334020674 57.0 58 94.36164334020673 4456.486821310791 1.4787359648984761 4417.646442005685
73 698.7071599619775 24.519592058783964 49.0 50 73.51959205878396 4087.1389484076935 0.0 4062.6193563489096
107 994.9379308249579 22.28793059477092 45.0 46 67.28793059477091 3794.6017616955196 0.33370356308023474 3771.9801275376685
61 535.9851856820009 32.335991495708896 52.0 53 84.33599149570888 4255.864836735094 2.727651166623673 4220.801194072761
32 229.4423091245527 35.10772468999973 61.0 62 96.10772468999974 4570.26849148467 2.0116332536823336 4533.149133540989
93 896.9142862726334 27.097040684860794 47.0 48 74.0970406848608 3918.6122704994964 0.81356775888014 3890.7016620557547
80 756.8809696640915 29.885904012454652 49.0 50 78.88590401245465 4061.949344111477 1.6578518765001036 4030.405588222521
49 371.0370627683394 33.29918307024712 57.0 58 90.29918307024711 4457.050127305272 0.1392139216537771 4423.611730313371
55 462.1493163826576 27.875257470835457 55.0 56 82.87525747083545 4374.865964175089 0.6420146375313607 4346.348692066725
76 722.6629916114682 29.903912730431404 50.0 51 79.9039127304314 4115.02783792593 1.1906173215140825 4083.9333078739833
66 617.7659225484492 27.893720170420252 52.0 53 79.89372017042025 4222.763929383952 2.3910959032758683 4192.479113310254
86 833.2756858085467 28.489689581198594 49.0 50 77.4896895811986 4018.592001055965 0.28749771141974634 3989.8148137633443
64 587.5588619747562 31.527673385993857 53.0 54 84.52767338599385 4266.066196061372 1.0680264634634113 4233.470496211915
58 496.9783298293927 31.10436414559185 55.0 56 86.10436414559184 4362.623485381431 0.37402689076878914 4331.145094345072
98 929.5934856391984 27.339284469650583 49.0 50 76.33928446965058 3955.477685106516 0.0 3928.1384006368658
100 941.1751683739628 27.505101646248825 49.0 50 76.50510164624882 3947.5798235616394 0.7574582107015431 3919.3172637046905
56 480.15096976003133 29.92429736916802 57.0 58 86.92429736916803 4413.0699823064 1.3995137509509732 4381.746171186282
59 501.69275070019637 28.60347424715113 57.0 58 85.60347424715113 4406.530704529907 0.26020535812347134 4377.667024924634
102 967.2617754335757 27.009531716671916 50.0 51 77.00953171667193 3946.3696160068616 0.565318689439664 3918.7947656007523
94 897.8338266180106 29.78788359214116 51.0 52 80.78788359214114 4017.901599225531 0.24563414615681722 3987.8680814872323
60 504.7418501746482 31.955711233234418 59.0 60 90.95571123323442 4441.126064697956 0.0 4409.170353464722
78 733.7801382970011 30.586494961595623 55.0 56 85.58649496159562 4213.079542021661 0.4185048074321003 4182.074542252635
96 923.2836677492215 31.736450140225113 53.0 54 84.73645014022512 4035.935183593657 0.7865118639037973 4003.4122215895286
85 824.9482446497573 31.699243062068152 55.0 56 86.69924306206815 4140.415456233688 0.8797652586758886 4107.836447912942
109 1005.9885574606399 33.590013253167434 53.0 54 86.59001325316743 3967.4109582686133 0.22698411565340848 3933.593960899792
97 924.7230369904922 32.07646552740336 54.0 55 86.07646552740336 4049.9897003997944 0.5776382418760022 4017.335596630515
57 485.7760307012835 36.943455148668114 62.0 63 98.94345514866811 4492.962720226344 0.14898606690553606 4455.870279010768
108 1000.6693832249073 32.63657214530796 54.0 55 86.63657214530797 3983.7341674673053 0.8825851577093999 3950.215010164287
106 994.8867211054729 32.33856483321219 55.0 56 87.3385648332122 3997.7032657634873 0.2919954894974808 3965.0727054407785
105 990.4803000591826 30.676331968376328 56.0 57 86.67633196837635 4010.01466729203 0.0 3979.3383353236545
67 626.4619952100918 35.99781242242335 62.0 63 97.99781242242337 4378.19207377923 0.7620349794185586 4341.432226377386
99 929.7815875492363 31.046257323334196 59.0 60 90.04625732333419 4086.753230732117 0.39782601785930183 4055.309147390924
74 700.396904639182 38.16395818103586 64.0 65 102.16395818103584 4324.851952712525 0.23944255293247352 4286.448551978558
75 706.8764080204058 34.97016287324078 64.0 65 98.97016287324078 4320.1171801506525 0.0 4285.147017277411
104 985.6445093821143 35.140768746004696 62.0 63 97.14076874600468 4046.3369059534693 0.2264099024459938 4010.9697273050188
81 758.1912415432593 35.103576480599074 67.0 68 102.10357648059907 4278.128944912441 0.031348473665048004 4242.994019958177
91 885.2905244942667 38.20634683290675 73.0 74 111.20634683290675 4162.44877110472 0.45303858980082623 4123.789385682011
