# Cpu scheduler: srtf
# Quantum: None
pid arrival_time cpu_bursts_time io_bursts_time nbursts bursts_time tat ready_wait_time io_wait_time
0 1.9877988169375413 90.0 0.2 3 90.2 1401.1727142789696 1226.740618810356 84.4320954686136
7 30.889596460547995 90.0 0.2 3 90.2 1705.2273664758004 1476.3342407001123 138.89312577568808
1 1.9877988169375413 32.49197526308947 55.0 56 87.49197526308947 2035.3536227085895 2.6197176549238748 2000.2419297905763
8 35.37567474177192 120.0 0.30000000000000004 4 120.3 2285.940661239606 1922.4370775151738 243.50358372443213
13 66.20941103425287 23.792866995222408 40.0 41 63.79286699522242 2452.362688923226 1.818671947619066 2426.7511499803845
3 18.611656526430217 27.700551700606486 52.0 53 79.7005517006065 2623.986792162922 1.573503273234536 2594.712737189081
4 19.411785393138217 28.228076055177326 52.0 53 80.22807605517731 2661.134567713579 2.10308618199268 2630.803405476409
6 30.163644339682918 150.0 0.4 5 150.4 2740.059328523894 2263.568245946216 326.4910825776775
23 111.73102356455301 150.0 0.4 5 150.4 2991.6623572730223 2453.9020014628177 387.7603558102046
2 9.616930508680243 35.067338572670266 61.0 62 96.06733857267027 3094.894729426901 2.2739075297906908 3057.55348332444
5 21.012145604235812 180.0 0.5 6 180.5 3141.2451831406656 2554.1537416644373 407.0914414762279
24 121.6861685778566 25.347387492471967 42.0 43 67.34738749247198 3104.308903983306 0.31870227638557935 3078.642814214448
12 48.383980022524945 180.0 0.5 6 180.5 3246.046155899667 2615.317009258309 450.7291466413583
15 70.51585961912255 28.562060595258163 48.0 49 76.56206059525816 3254.9391681662646 1.6051670493362167 3224.7719405216685
51 331.8920304177617 19.233174496986223 34.0 35 53.23317449698623 3020.9083742572584 0.30802744423215245 3001.3671723160405
28 154.6282518957336 21.848676247047756 41.0 42 62.848676247047756 3217.4586892606785 0.5272854429200038 3195.082727570711
10 41.13967493484343 31.240751566205237 54.0 55 85.24075156620523 3363.3999441956294 1.9325805511382228 3330.226612078286
19 99.49320445486137 180.0 0.5 6 180.5 3322.917054970922 2665.8620253650047 477.0550296059173
49 315.98085878484414 18.62512645351544 37.0 38 55.62512645351544 3271.0011921056935 0.40976521086554385 3251.966300441313
20 101.23951759078317 27.32757162927518 48.0 49 75.32757162927518 3556.978198996599 1.7772385890020104 3527.873388778321
73 564.0098577365957 16.781664920072032 33.0 34 49.78166492007204 3125.6452016054136 1.640566870339967 3107.222969815001
16 72.58884866959947 240.0 0.7 8 240.7 3643.016160207093 2758.5071755833283 644.5089846237648
11 47.98167668372239 31.460559397724925 56.0 57 87.46055939772492 3692.6778825945366 1.9252163513293254 3659.292106845482
29 188.08191327046433 27.46889610594547 45.0 46 72.46889610594546 3674.1034458114073 0.43477529620759015 3646.1997744092537
22 105.19872924015681 26.043295596297945 51.0 52 77.04329559629795 3826.7555443503034 0.5850549524938344 3800.127193801512
31 209.8622046966621 26.6225632662176 45.0 46 71.6225632662176 3752.4158893496547 1.2112630689615003 3724.582063014476
79 593.0070576248063 19.968090771654875 36.0 37 55.968090771654886 3405.0915178342875 0.5266944113109275 3384.596732651322
18 87.84238747049748 30.597752603709687 54.0 55 84.59775260370968 3954.26318845991 2.2429646992181347 3921.4224711569827
106 894.8644117666418 18.328264211008204 33.0 34 51.32826421100821 3164.3681043562124 0.854770442995914 3145.1850697022087
21 104.96071015906539 28.429976659330922 53.0 54 81.42997665933092 3994.9051233956334 0.28061719762170867 3966.1945295386804
40 238.301760379684 24.378585534241267 46.0 47 70.37858553424127 3922.6238472676046 1.4700646739193814 3896.7751970594454
56 390.2304525111875 22.125722190739285 42.0 43 64.12572219073928 3775.6208686636755 0.7266537898159413 3752.7684926831203
96 775.8973349175457 24.147030370611795 36.0 37 60.147030370611795 3416.7226420707793 0.08993551657783883 3392.4856761835895
9 39.81416813610254 360.0 1.1 12 361.1000000000001 4203.666315711243 2884.113923207436 959.552392503807
26 144.75290574789128 28.5157519264536 52.0 53 80.51575192645359 4108.992462173696 1.6266981735894888 4078.850012073653
39 235.68440106283953 24.294037577662806 48.0 49 72.2940375776628 4059.323147576168 1.7681131128952075 4033.26099688561
47 300.22144384060255 25.471008458163023 46.0 47 71.47100845816301 4012.284628333009 0.2686142647230554 3986.545005610124
59 432.4514244803773 26.487459312038627 43.0 44 69.48745931203862 3885.1249837606306 1.033411566617417 3857.604112881975
17 81.53903535326921 33.05859890717529 58.0 59 91.0585989071753 4241.908213950646 0.9295503552848174 4207.920064688186
62 453.6183723473595 26.12983013187791 43.0 44 69.12983013187791 3887.79146645486 0.0 3861.6616363229837
25 140.46647777102064 31.811978008049294 54.0 55 85.8119780080493 4250.272523706266 1.695201379326022 4216.76534431889
81 614.2973864580892 21.007158966684315 41.0 42 62.007158966684315 3789.3195465246354 0.7946588887284634 3767.517728669222
97 780.6669496772671 23.164694133177527 39.0 40 62.16469413317753 3636.8647417502775 1.3101474945119662 3612.3899001225877
52 332.1149707189482 24.305697330585197 47.0 48 71.3056973305852 4106.3159335578575 0.6916024534356779 4081.318633773836
38 235.4338335784202 25.627640304270336 50.0 51 75.62764030427034 4206.008767874525 0.5577513371200951 4179.823376233136
55 346.73723590370605 24.93144868080128 47.0 48 71.93144868080128 4116.641429064749 0.41297400858007904 4091.297006375367
41 247.03345880117212 26.967719202879554 50.0 51 76.96771920287955 4224.184506615645 0.1887180612323789 4197.028069351532
82 614.5806411863715 23.22159482453504 42.0 43 65.22159482453503 3857.5941281464648 1.269171315850599 3833.103362006078
44 288.55436123595734 27.7064723275601 49.0 50 76.7064723275601 4198.628256213929 0.21122344523405445 4170.710560441134
45 294.62211313296916 30.35140415701305 49.0 50 79.35140415701305 4204.477156025273 0.30856299428796774 4173.817188873973
54 344.84932925828434 27.6978339907038 48.0 49 75.69783399070381 4180.547417271863 0.9841098090810192 4151.8654734720785
43 277.56911997733835 26.0422178130101 50.0 51 76.0422178130101 4256.502154113429 0.2917429165572685 4230.168193383864
57 404.23766834810095 25.671498400033556 47.0 48 72.67149840003353 4136.405368299206 0.19031632354881367 4110.543553575622
107 902.5765862064744 20.001139421054713 40.0 41 60.00113942105471 3670.116883203764 0.0 3650.115743782709
53 338.46476551348957 30.484903149071833 49.0 50 79.48490314907183 4241.762765907802 0.009288898753993635 4211.268573859975
103 839.2662947517013 23.41276822160648 41.0 42 64.41276822160647 3751.463538145964 0.9392165289211789 3727.1115533954353
37 233.35236759096438 26.581289682364467 53.0 54 79.58128968236447 4380.253831012088 1.4247193457416074 4352.247821983982
30 192.05190725561496 30.642801406219828 55.0 56 85.64280140621983 4436.497370536677 0.9953657502533417 4404.859203380203
36 229.89052342556695 30.093599022737866 54.0 55 84.09359902273785 4435.838143483525 1.465215442172223 4404.279329018615
108 904.2386191075673 24.041734916837488 42.0 43 66.04173491683748 3780.387239290486 0.9631884932020967 3755.3823158804466
100 819.3932089795005 25.510207497626006 43.0 44 68.51020749762603 3868.7242430320357 0.19793974368417366 3843.016095790726
94 770.475340234269 24.369695490260405 44.0 45 68.36969549026041 3932.1506031494323 0.0 3907.780907659171
50 320.0519260939254 28.60517232603308 52.0 53 80.6051723260331 4388.862810930718 1.3144454491172155 4358.943193155567
83 628.9151462441721 22.95536521609987 47.0 48 69.95536521609988 4127.338570499201 0.11283022381121555 4104.27037505929
77 584.364870639931 28.069231290117436 48.0 49 76.06923129011744 4190.719383041976 0.0 4162.650151751855
78 588.2389805820698 23.503231007202775 48.0 49 71.50323100720277 4192.7330559791935 0.1942192989815794 4169.035605673007
87 688.8383287172632 24.436290031691925 47.0 48 71.43629003169191 4106.626370905944 0.24454225311455957 4081.9455386211353
61 450.14131232527035 28.630983122674728 51.0 52 79.63098312267473 4347.505649124511 0.0 4318.874666001837
104 860.2275351127644 25.309068375663145 45.0 46 70.30906837566316 3940.8841642238576 0.7881338094114199 3914.7869620387814
14 69.0354951207668 38.411580037825345 68.0 69 106.41158003782533 4735.268910107611 1.9957622447064551 4694.861567825078
27 153.3416906967405 33.970000389014736 61.0 62 94.97000038901474 4655.366804796236 1.0230323043900853 4620.373772102832
99 810.8746518319349 26.384567335870535 46.0 47 72.38456733587054 4011.144495958658 0.0 3984.759928622787
33 212.56563566002959 33.72699491190883 59.0 60 92.72699491190882 4638.181870063136 0.544326260676371 4603.910548890552
76 578.9976037618094 26.56320042345784 50.0 51 76.56320042345783 4278.321251974736 1.0474743590631306 4250.7105771922115
42 265.92212550274684 31.89360699679097 57.0 58 88.89360699679098 4595.699991157498 0.7962212001891658 4563.010162960519
68 528.9042267265394 27.0405863467749 51.0 52 78.04058634677489 4334.596831522051 0.9948367539326455 4306.561408421341
92 734.7618908308698 28.097271480373713 48.0 49 76.09727148037372 4130.967963602032 0.17084182069697817 4102.699850300962
35 224.77077348428713 35.96590061561612 59.0 60 94.96590061561614 4653.963783450104 1.0442024166296164 4616.953680417859
80 602.5879285758859 28.306889724074022 51.0 52 79.30688972407401 4301.927336040268 2.42007453487804 4271.200371781314
46 298.35093839179643 37.58172161450489 58.0 59 95.5817216145049 4630.432963622135 0.412532555236794 4592.438709452395
102 837.1726085500394 25.6803148083699 49.0 50 74.68031480836989 4100.266609682548 0.32483913555120125 4074.2614557386273
58 406.9221288531657 30.263622631925593 56.0 57 86.26362263192559 4537.57209185188 0.0 4507.3084692199545
84 642.6205876448361 32.41850091156221 52.0 53 84.41850091156222 4310.341659635043 0.35409749252653455 4277.569061230955
66 523.6578735054198 28.289499126873576 54.0 55 82.2894991268736 4433.616741694203 0.2883915626423459 4405.038851004686
67 525.1157344188767 30.208210452879594 54.0 55 84.20821045287958 4433.3941938980515 0.27355331533885874 4402.912430129834
48 301.31641842329736 32.16293611111318 59.0 60 91.16293611111318 4662.465916216702 0.3134539722459522 4629.989526133343
70 546.1269998734232 32.583082972847414 54.0 55 86.58308297284741 4420.3237435563 0.3486078180654886 4387.392052765385
69 546.0946702874176 31.044138954695125 54.0 55 85.04413895469513 4422.269246007054 1.3029353460524362 4389.922171706307
60 449.07021906923785 33.012756636000276 56.0 57 89.01275663600029 4520.862022396626 0.0 4487.849265760625
74 567.3450603212781 26.242803841736297 54.0 55 80.24280384173629 4407.694630520097 0.5433440906098213 4380.908482587753
98 788.4406663052785 27.706589782672907 51.0 52 78.7065897826729 4188.659708384937 0.1583762412096803 4160.794742361055
71 560.2135931489441 30.683824289807205 55.0 56 85.68382428980722 4431.903831593125 0.08502448885178637 4401.134982814467
95 775.8346079965653 28.457161888865702 52.0 53 80.4571618888657 4217.136718934327 0.0 4188.6795570454615
65 481.37217796599055 32.79436034489481 57.0 58 89.79436034489483 4526.415513266186 0.18160782236964224 4493.439545098923
105 873.1137286614503 31.002279669071932 52.0 53 83.00227966907192 4139.272465357284 0.029244216646702625 4108.240941471568
34 222.3485636306862 34.89758696444917 66.0 67 100.89758696444918 4819.153707472273 0.6430526643457597 4783.61306784348
72 563.8683413621402 30.762586513156744 58.0 59 88.76258651315675 4478.566817506501 2.4940290268910985 4445.310201966451
75 574.7967024651913 35.41752467586199 58.0 59 93.417524675862 4470.748030467851 1.2884007870837877 4434.042105004905
109 907.8420828242345 32.345276577196785 54.0 55 86.34527657719678 4144.161848481934 0.3220674638714627 4111.494504440864
93 750.379363980965 32.87317565298228 56.0 57 88.8731756529823 4304.28596460307 0.30709041665795667 4271.10569853343
89 718.3558250794091 28.770323587204835 57.0 58 85.77032358720483 4341.012040060299 0.07289168138493096 4312.16882479171
91 719.4187018363502 31.466039685336447 57.0 58 88.46603968533644 4341.73256450781 0.6941894638125632 4309.572335358659
32 211.34588010886017 42.530626218270264 70.0 71 112.53062621827027 4864.292763204178 0.4503515176717201 4821.311785468237
88 713.4304153500466 31.215432731730576 59.0 60 90.21543273173057 4362.822568102754 1.9551423896250526 4329.6519929814
90 718.413593440333 28.002951134564896 60.0 61 88.0029511345649 4364.891455308833 0.17154247628889152 4336.71696169798
86 677.543765877562 34.19983908351762 61.0 62 95.19983908351762 4410.1160491987575 0.13390096534624263 4375.782309149896
64 474.98615249786155 33.13264053504581 66.0 67 99.13264053504581 4619.2235330747035 0.22219932584619073 4585.868693213813
63 458.48852532981823 37.46870948203146 68.0 69 105.46870948203146 4640.473586623988 0.48938870966418335 4602.515488432291
85 655.7082392122343 35.5533124733296 65.0 66 100.5533124733296 4445.060778088418 0.10307200127590477 4409.404393613812
101 820.3867441218911 35.79868867111755 65.0 66 100.79868867111756 4284.769677824868 0.525764567743181 4248.445224586007
