# Cpu scheduler: srtf
# Quantum: None
pid arrival_time cpu_bursts_time io_bursts_time nbursts bursts_time tat ready_wait_time io_wait_time
6 63.87637119256077 71.67383662411804 59.41208520558247 9 131.0859218297005 3581.3281125064336 6.094392182125304 3503.55988370019
0 34.121523390980634 95.48493563659969 95.56435478470736 13 191.04929042130706 5945.457980943401 16.35484535866749 5833.618199948134
9 71.30823812239868 115.66219104278397 81.17888947175713 13 196.84108051454112 7184.686950230987 14.517375749506812 7054.507383438697
12 93.57636079183953 106.90034850759605 88.3430781226801 13 195.24342663027616 7266.214569661826 2.397496323382427 7156.916724830849
10 76.9614446687392 141.94435332227974 141.34242930776088 19 283.2867826300406 11842.818639547972 31.603564342091943 11669.2707218836
41 263.260637463835 40.06794354373959 1123.4511354051124 151 1163.519078948852 111952.48599124711 0.0 111912.41804770341
7 68.32546100971426 48.245892975444306 1187.6177251911781 161 1235.8636181666225 117360.58219270877 0.0 117312.33629973333
79 685.2989432990502 48.30628875534153 1198.7204708833697 161 1247.0267596387112 120006.60893175805 0.0 119958.30264300268
44 278.69774258669696 43.87824324867758 1234.802521207429 163 1278.6807644561063 120940.99649849249 0.05857039730562974 120897.05968484646
53 351.07640394647365 47.99374855846618 1239.8221087371355 163 1287.8158572956017 121086.89384995968 0.0 121038.90010140122
87 764.5906738801337 49.9188762341591 1191.5312587243284 163 1241.4501349584878 121535.50174587769 0.0 121485.58286964352
88 766.4446397920118 43.36774454114467 1181.2345592211893 163 1224.6023037623343 121564.88537402159 0.0 121521.51762948047
56 426.7448758254551 41.4793418585589 1230.6291899414273 165 1272.108531799986 122593.91335700029 0.0 122552.4340151418
92 845.322840584815 44.58876319738416 1237.1121131065051 165 1281.7008763038893 123054.91659964454 0.0 123010.3278364472
16 138.85968013347704 50.0015470198966 1264.889277569435 169 1314.8908245893315 124204.79247843052 0.2934439078020148 124154.49748750284
54 401.79129562340904 45.59414532039038 1236.4528503237107 167 1282.0469956441011 123966.61933414686 0.0 123921.02518882652
55 403.7970359856335 43.69877145955764 1249.0389045202098 167 1292.7376759797673 123979.65682058125 0.0 123935.95804912168
29 211.0150565394491 45.79079107759549 1253.7348875765094 171 1299.525678654105 125984.26707260493 0.0 125938.47628152731
93 852.2678766477002 49.36509747432775 1240.0581045093206 169 1289.4232019836481 125771.8069256437 0.0 125722.4418281694
47 311.33876980208754 44.81489845061366 1252.017618904699 171 1296.8325173553126 126615.0813901974 0.0 126570.2664917468
38 252.62844912820395 51.072360717220434 1296.2942040920414 173 1347.366564809262 127638.64104432016 0.0 127587.56868360293
84 716.1282730808302 44.49838692487423 1250.3154768285988 173 1294.8138637534735 128266.65317727986 0.0 128222.154790355
100 895.6855592678522 50.04311789947557 1321.668711796171 173 1371.7118296956464 128441.91766106247 0.0 128391.87454316296
8 71.1242307573624 46.708964296150405 1298.2839495678184 179 1344.9929138639686 129944.37922957513 0.0 129897.67026527898
24 173.90917903891503 47.452127768860564 1279.5818308778312 179 1327.0339586466916 130939.10080340755 0.0 130891.6486756387
74 655.2020069646278 49.04115060245712 1319.8782027512984 177 1368.9193533537555 130648.68702943553 0.0 130599.64587883311
89 766.7430837067263 49.509895380642426 1310.1893097852665 177 1359.699205165909 130790.30071607865 0.4453233644244392 130740.34549733362
94 855.8572543353035 51.994318031193394 1305.0827154513545 177 1357.077033482548 130829.05391731841 0.0 130777.05959928724
13 115.8436643414205 48.216192369111496 1368.7810179741039 181 1416.997210343215 131743.9133151979 0.0 131695.69712282871
17 144.08423507324608 49.45416139210526 1361.441092107535 181 1410.8952534996401 131901.57899635364 0.0 131852.12483496155
40 261.34733723240265 48.78689916470532 1340.911111448678 181 1389.6980106133835 132596.8329067683 0.0 132548.0460076036
45 293.38905570078236 44.55625984134012 1342.1704241875655 181 1386.7266840289058 132757.31565174926 0.0 132712.75939190795
14 129.16420416239458 52.102765020168114 1353.9745309125715 183 1406.0772959327396 133000.43325310387 0.0 132948.33048808368
68 564.3262582004487 48.16349246820304 1355.9315751101929 181 1404.095067578396 132929.55084093573 0.0 132881.3873484676
5 60.406532929556626 52.857620411938264 1447.028290087252 187 1499.88591049919 134270.39491271327 0.0 134217.5372923014
70 580.9622337248462 50.802210663812964 1433.8241524410205 185 1484.6263631048337 135117.33687549463 0.0 135066.5346648308
26 184.1649616214937 50.265277081523436 1370.8135992524085 187 1421.0788763339317 135527.15294250986 0.0 135476.88766542837
18 149.36678425291436 51.843074634397155 1405.2472737650528 189 1457.0903483994498 136294.5995171797 0.0 136242.75644254533
80 685.6274791804277 48.47580874388245 1413.3366648081983 187 1461.812473552081 136214.51781556976 0.35776199878091575 136165.6842448271
81 688.9851573355958 54.075512035147014 1385.803095967628 187 1439.8786080027749 136246.19325239287 0.3202940500193563 136191.79744630773
103 967.708881235652 48.255699628914115 1364.5035187479905 187 1412.7592183769048 136340.856033462 0.0 136292.60033383308
49 317.40306389499324 54.052639478105625 1393.166986668407 189 1447.2196261465124 137054.56574977236 0.0 137000.51311029427
91 832.2081321748299 49.997825307444835 1396.9890825862092 189 1446.9869078936542 137267.1853770035 0.0 137217.18755169614
48 314.2554342026802 49.82794107418201 1444.531670926601 191 1494.3596120007828 138011.5053578808 0.0 137961.67741680663
28 209.62439909245887 53.363722394063785 1458.2487364537988 193 1511.6124588478626 138515.96322259278 0.0 138462.59950019864
82 700.8177331849307 51.39416697437946 1425.5182640120267 191 1476.912430986406 138164.04525148423 0.0 138112.6510845098
19 156.8762305625992 52.30466231426046 1512.9036185474488 195 1565.2082808617092 139192.65747121422 0.0 139140.35280890003
22 164.47336194885392 54.27111883985404 1445.1101368242555 195 1499.3812556641096 139256.01829259173 0.0 139201.74717375185
2 35.436605097935605 53.81787268814589 1523.2106214103824 199 1577.0284940985284 139439.48684570089 0.0 139385.6689730127
27 194.98789743003562 52.13458400193693 1491.215609523242 195 1543.3501935251788 139452.75472583502 0.0 139400.6201418331
98 873.7891015418468 53.8097634520797 1433.1081199278792 193 1486.9178833799592 139145.26036317568 0.0 139091.45059972358
102 956.52697454549 50.1642544497326 1413.26292582219 193 1463.4271802719227 139131.65757857834 0.0 139081.4933241286
75 655.3858010575151 56.25008412318623 1464.4244713370801 195 1520.6745554602662 139827.90149133356 0.4168748702071525 139771.2345323402
39 256.22197793480103 55.390622478787556 1474.90262274836 197 1530.2932452271473 140480.30363669657 0.0 140424.91301421777
1 34.121523390980634 58.23619151757565 1530.7839557731386 203 1589.0201472907142 140865.98588572678 0.0 140807.7496942092
15 138.30823246721076 53.49036525172143 1535.554099058537 199 1589.044464310258 140823.76027297846 0.37250735056724693 140769.89740037618
64 510.0892546317678 51.49869141452804 1460.2422051098213 197 1511.7408965243494 140604.42182813573 0.0 140552.92313672116
83 703.4056810746283 56.4464980646502 1421.422836043164 197 1477.8693341078142 140667.58266198938 0.0 140611.13616392465
85 718.9479223275356 53.45783840072674 1535.3776695038287 197 1588.8355079045552 140671.19275406457 0.0 140617.7349156638
30 214.34839380422997 53.506979086369434 1547.203159975145 201 1600.7101390615142 141837.36349795165 0.12368653076293867 141783.7328323346
86 722.8433294382122 53.52542336302183 1456.2326580238105 199 1509.7580813868326 141419.276213379 0.0 141365.75079001588
43 269.1068099918541 59.99606585569105 1541.0822238710482 201 1601.0782897267393 142089.07963281998 0.0 142029.0835669643
25 182.76061746443276 54.305356457068186 1553.2662762783652 203 1607.5716327354335 142487.1030983697 0.0 142432.79774191263
101 935.8717926239805 57.828336180566914 1543.95798052796 201 1601.786316708527 142105.51728234568 0.0 142047.68894616506
52 341.5860192774659 57.97372223587544 1460.6308098551756 203 1518.6045320910512 142773.3788965844 0.0 142715.4051743485
60 487.9537239126378 55.10813472151878 1504.3243432996367 203 1559.4324780211555 142714.27045317687 0.0 142659.16231845538
76 656.3455393862604 53.369675709496846 1541.5383251108692 203 1594.9080008203664 142723.93862864916 0.13832991342644618 142670.43062302622
77 667.5311411863925 57.167009815582695 1508.9368853553785 203 1566.103895170961 142733.39141715213 0.0 142676.22440733662
50 336.7021520053562 58.37612760222178 1464.6697417995392 205 1523.045869401761 143379.76264484564 0.0 143321.38651724343
51 339.2684183178126 55.14835085510143 1556.7577054443561 205 1611.9060562994573 143387.49898203317 0.0 143332.3506311781
23 172.14927878264842 57.7934612892458 1596.0793974198618 207 1653.8728587091077 143717.64924286734 0.0 143659.85578157814
99 880.1282388354908 57.65908063536082 1609.2028922769618 205 1666.861972912323 143336.32666084688 0.0 143278.6675802115
37 251.58557367357767 60.193134638605244 1541.6200812093177 209 1601.813215847923 144371.01511427131 0.0 144310.82197963275
96 862.5641932099006 58.5198304106206 1547.6309544864655 207 1606.1507848970864 143799.71797928592 0.0 143741.19814887535
21 162.36166447019716 57.58248653873738 1554.6229817874778 211 1612.2054683262154 144623.88918614452 0.0 144566.30669960578
11 77.59192317488436 60.04603055289062 1575.3188447057923 215 1635.364875258683 145349.70993164947 0.0 145289.66390109653
31 220.6854171838397 55.5145433054587 1587.7446844574085 213 1643.2592277628673 145241.87834541002 0.0 145186.36380210458
104 969.3168555623524 58.07536829368058 1584.637064529011 211 1642.7124328226914 144658.4774187554 0.0 144600.4020504617
57 445.8632924417876 60.87622396266183 1635.8588664482509 213 1696.7350904109126 145216.0055509065 0.0 145155.12932694386
35 247.62632607193675 57.72809652661374 1620.7388562262156 215 1678.4669527528295 145705.5345219632 0.19117413272198291 145647.6152513039
20 159.86856343567385 60.153389386699814 1619.083013525994 217 1679.2364029126934 145897.02475167296 0.0 145836.87136228627
67 562.7255912693089 61.1237174580835 1647.6422926475786 215 1708.7660101056622 145619.5113359288 0.0 145558.38761847073
72 606.8060205228165 58.954123714851505 1597.1481834268288 215 1656.10230714168 145618.9755531983 0.0 145560.02142948337
46 302.7356833325125 57.93330031386637 1630.70711300209 217 1688.6404133159567 146121.48574385964 0.0 146063.5524435458
71 601.1292488658783 60.6456507545688 1614.1085456470623 217 1674.754196401631 145975.52942480854 0.0 145914.88377405397
73 639.1746883046358 60.361472684374895 1601.3177241938495 217 1661.6791968782245 145950.93435275074 0.0 145890.57288006638
3 45.97781544584728 60.407794371109176 1689.8585506792826 223 1750.2663450503917 146595.5892118347 0.0 146535.1814174636
36 248.13355239979734 64.75242488967197 1628.1786459821913 219 1692.931070871863 146443.77603236135 0.0 146379.02360747152
65 518.9322468049454 58.60306687638758 1698.2513112009203 219 1756.8543780773077 146324.28682216065 0.0 146265.68375528432
69 570.4108168507626 61.764199281210104 1635.4854842250782 219 1697.2496835062884 146298.64411078396 0.0 146236.87991150274
90 823.466749251584 54.53683017850621 1612.2559233086777 219 1666.792753487184 146126.69909984656 0.0 146072.162269668
4 47.65695474511538 61.41842223375574 1654.1054697826337 225 1715.5238920163893 146942.23531638793 0.5099555602284909 146880.30693859403
61 492.5435921053208 56.970951737956504 1646.7324182380785 221 1703.703369976035 146564.85112243128 0.0 146507.8801706934
62 494.1437221621492 59.38472116605716 1646.4971533871867 221 1705.8818745532442 146575.96604909078 0.0 146516.58132792462
58 471.32002616086027 60.73623929704129 1735.0951245959614 223 1795.831363893003 146767.4484445492 0.0 146706.71220525223
63 506.54441157521615 62.04613120006649 1659.7763769598857 223 1721.822508159952 146761.62761673026 0.1206353567787346 146699.46085017337
34 244.04617098095153 58.82341964669972 1680.0363360082752 225 1738.8597556549746 147090.43958955994 0.0 147031.61616991326
95 860.9480023118982 59.892216019578385 1675.0882448309399 223 1734.9804608505183 146484.31087096987 0.0 146424.41865495034
42 263.4016301373901 63.779936231366975 1650.62072212839 225 1714.400658359757 147104.99628453385 0.4937168111715664 147040.72263149126
78 678.7359009383531 57.14806039535608 1730.4247452541292 227 1787.5728056494854 146822.21558275682 0.0 146765.0675223615
32 228.20653525112286 65.80936508662558 1703.490412056199 231 1769.2997771428245 147373.1844048197 0.0 147307.37503973307
33 236.51571408098405 66.80304473545662 1724.5221594339037 233 1791.3252041693604 147441.56590481498 0.0 147374.76286007944
59 483.3821911620631 65.47070243690811 1705.678415490969 233 1771.149117927877 147223.40359509274 0.0 147157.93289265584
97 866.0109196809824 63.4034330458094 1736.7937298168024 235 1800.1971628626118 146890.3082610855 0.0 146826.90482803964
66 548.768168182763 70.17827734807872 1922.6534603010648 253 1992.8317376491432 147341.17376099635 0.0 147270.99548364832
