# Cpu scheduler: srtf
# Quantum: None
pid arrival_time cpu_bursts_time io_bursts_time nbursts bursts_time tat ready_wait_time io_wait_time
2 1.5376730009812603 24.78171752086094 40.0 41 64.78171752086092 916.3062315201022 1.2326893558729597 890.2918246433685
1 0.10428340506137716 24.732823826821207 50.0 51 74.7328238268212 1806.4828636017178 1.2497316101455063 1780.5003081647508
0 0.10428340506137716 120.0 0.30000000000000004 4 120.3 2029.1293009534386 1724.082966848703 185.04633410473562
5 30.406138678908306 24.464141966308134 44.0 45 68.46414196630813 2553.1429044410925 1.8044126120046613 2526.8743498627796
15 67.51119031659815 23.62756662506216 40.0 41 63.62756662506216 2651.1289916103065 1.7273597312228617 2625.7740652540215
26 126.26091245870059 20.512079167680053 36.0 37 56.51207916768005 2662.390396152724 0.6893070838076341 2641.189009901236
19 73.13790966370489 21.915359851329402 43.0 44 64.9153598513294 3016.82238143109 1.8033945777768565 2993.103627001985
14 62.509157075994665 150.0 0.4 5 150.4 3038.647226364893 2544.1378187801593 344.5094075847337
22 103.1807803564491 150.0 0.4 5 150.4 3200.4955227752243 2680.720656024533 369.7748667506918
30 136.6201967877025 24.62221408515901 41.0 42 65.62221408515902 3192.4002135449196 1.25289452638782 3166.5251049333724
24 119.12483351368331 24.769576037959364 42.0 43 66.76957603795937 3213.420115848733 3.5616451850788167 3185.0888946256946
16 69.63383663273426 26.665624612048575 46.0 47 72.66562461204857 3267.1266412919863 1.7158820105912582 3238.745134669346
4 30.256295422250737 180.0 0.5 6 180.5 3405.2899812952974 2814.433893859201 410.85608743609646
35 182.36481272412647 22.560335843296343 40.0 41 62.560335843296336 3263.6415504856177 1.8977438276180578 3239.183470814704
11 43.210546099725654 25.953921965910265 51.0 52 76.95392196591027 3458.70303500234 1.06616851014482 3431.6829445262847
17 69.95325569136617 27.990476663339937 48.0 49 75.99047666333993 3463.5742602641285 1.063144434337346 3434.5206391664515
7 37.47804330233029 27.93117673162565 53.0 54 80.93117673162565 3524.683005724995 3.1121482298865715 3493.6396807634837
75 562.3193896887403 18.088407723297767 32.0 33 50.08840772329777 3001.250840185742 0.38054384770293836 2982.7818886147415
31 148.88147435728283 24.326376602394717 43.0 44 67.3263766023947 3419.764253796051 1.6091611699341968 3393.828716023722
10 42.51600211565085 180.0 0.5 6 180.5 3536.056780080682 2931.0356047112055 425.02117536947685
32 154.59348045914894 23.31433972315688 43.0 44 66.31433972315689 3438.3748361317857 0.19626155938465217 3414.864234849245
45 302.72031035710825 18.942071692502605 38.0 39 56.94207169250261 3307.147829665978 0.32563937969570134 3287.88011859378
52 369.95618948957485 20.15163791644743 37.0 38 57.15163791644744 3302.6756848551804 0.965332038203826 3281.5587149005296
28 132.70492407597163 26.80229503593112 46.0 47 72.80229503593114 3609.912627884362 1.722215280932005 3581.388117567498
3 18.02443033095985 34.0926002105418 62.0 63 96.09260021054178 3792.001876977342 1.287909504849587 3756.6213672619506
47 303.33805704271765 25.406203245980223 41.0 42 66.40620324598024 3556.5244518313298 0.3392188324005474 3530.7790297529477
12 55.57552662859007 210.0 0.6 7 210.6 3922.624966367727 3200.505427537531 512.1195388301962
8 37.598799424569805 31.15673695103817 58.0 59 89.15673695103817 3982.083835127549 2.0435214497052385 3948.8835767268047
74 553.7828465257469 18.46963903212563 38.0 39 56.46963903212563 3493.328166685901 0.2781091047845621 3474.580418548991
58 416.9515456067914 23.87682008499369 41.0 42 64.87682008499368 3667.807643983134 0.27462153191243033 3643.6562023662264
21 96.7157690435581 210.0 0.6 7 210.6 4015.3015209812966 3274.2072453904375 531.0942755908593
27 132.70004407657723 26.71737321267001 51.0 52 77.71737321267001 3998.631576988311 1.5252248242749715 3970.3889789513664
94 807.8464567668924 20.2452042507831 36.0 37 56.2452042507831 3362.3468430908115 1.8202303596950742 3340.2814084803326
23 108.56716461339114 210.0 0.6 7 210.6 4079.651042943405 3322.823221628449 546.8278213149557
33 165.24239019149712 28.60614232352665 50.0 51 78.60614232352665 4033.3274761189996 1.2637610174595295 4003.4575727780134
38 191.27899908503963 27.354060240345515 49.0 50 76.35406024034552 4009.0538748260506 0.21953068416820543 3981.480283901537
29 134.7881991320648 24.43670371847546 52.0 53 76.43670371847546 4081.996702897827 0.0 4057.5599991793524
34 176.24437882968962 26.90940453404703 50.0 51 76.90940453404703 4054.2665513870597 0.486357624407475 4026.8707892286047
54 380.50016515009963 25.88130123201524 44.0 45 69.88130123201525 3871.080716037958 2.6083152800917446 3842.5910995258514
6 32.65127200924914 37.010258296874596 63.0 64 100.0102582968746 4242.541595937892 0.3949322231804331 4205.1364054178375
44 292.9789991888781 28.16658332327292 47.0 48 75.16658332327292 3994.8207810828244 0.0 3966.6541977595516
87 719.5357672797824 24.84694628006916 40.0 41 64.84694628006916 3653.104421879308 2.184063115634899 3626.0734124836044
9 40.741395655065254 270.0 0.8 9 270.8 4353.798664631207 3430.4126010504533 653.3860635807544
18 73.10153825131522 34.576063533463454 59.0 60 93.57606353346347 4337.5680145038505 1.3610920789932521 4301.6308588913935
53 378.97882001728505 24.067391463955822 47.0 48 71.06739146395583 4071.2723723564095 0.21400175049478776 4046.9909791419586
20 78.19322936762683 270.0 0.8 9 270.8 4383.253745638351 3447.234575069819 666.0191705685318
51 353.0264639085522 26.912281293140353 48.0 49 74.91228129314037 4116.547296107203 1.1414927181552912 4088.4935220959064
43 257.46178034090303 25.522430032897407 51.0 52 76.52243003289743 4228.078510316738 0.025807579098739097 4202.530272704741
42 236.26969018321003 25.117689585677837 52.0 53 77.11768958567782 4278.29934414463 0.3265500520401474 4252.855104506912
109 908.042373431086 22.147957186004636 40.0 41 62.14795718600464 3613.2460929074714 0.8081033161632831 3590.290032405304
98 824.9937716536406 25.859689468800667 41.0 42 66.85968946880067 3698.401218853791 0.9656406837099212 3671.5758887012817
37 188.046864669722 31.94998197684112 54.0 55 85.9499819768411 4344.038851894857 1.9446442790066953 4310.144225639008
40 222.97377680419157 29.876823919825966 53.0 54 82.87682391982597 4316.414761796579 0.0 4286.537937876754
81 641.1378421444061 27.377473011151697 44.0 45 71.37747301115171 3919.4221205513495 1.607990098028722 3890.436657442169
55 382.1934623827987 27.581559326992856 49.0 50 76.58155932699285 4195.784456673279 0.5088339630091241 4167.6940633832755
25 125.70694754952557 28.76536169460486 58.0 59 86.76536169460485 4463.341340932176 2.5499951592247214 4432.0259840783465
13 58.110390070754605 40.08175058216287 64.0 65 104.08175058216287 4549.327156041569 1.4444103784860047 4507.800995080919
82 646.3209441728116 24.387932616484793 45.0 46 69.38793261648479 3972.3662043190416 0.38402759799930664 3947.5942441045577
96 814.4471461792821 26.0198413691911 43.0 44 69.0198413691911 3818.6036805109416 0.5584644313928493 3792.025374710356
36 187.4733910868258 30.566284202874904 56.0 57 86.56628420287491 4454.0070543515685 0.0 4423.440770148693
78 608.2292225653787 27.539436334984668 46.0 47 73.53943633498467 4034.6336825802523 0.5365259800547619 4006.5577202652125
60 440.22922748613047 32.862925555689415 49.0 50 81.86292555568943 4207.631481793667 0.34801451633899205 4174.420541721637
69 493.36405102873874 27.8149415911816 48.0 49 75.81494159118161 4156.441242777801 0.0003831731880836742 4128.625918013433
39 200.06030177601716 30.313622694371855 56.0 57 86.31362269437186 4470.650010521451 1.0575663989364728 4439.278821428142
71 514.5147772127215 23.648484203918056 49.0 50 72.64848420391804 4200.7408512429465 0.0 4177.0923670390275
92 798.8314952427324 23.97547070592768 45.0 46 68.97547070592768 3920.816688292589 0.1229014792623957 3896.718316107399
48 311.0364600193792 29.504659189687594 54.0 55 83.5046591896876 4427.8521504612 1.1980212782530657 4397.149469993258
90 789.1042932393443 23.67881262596209 46.0 47 69.6788126259621 3969.7253529892646 0.0 3946.046540363302
64 467.85857794713166 29.663959856922524 51.0 52 80.66395985692253 4299.639053776648 0.34073455958809973 4269.634359360139
72 534.2953352504119 27.231880670383294 50.0 51 77.2318806703833 4240.787771215659 0.0 4213.555890545275
67 484.6985615338568 27.82717623194427 51.0 52 78.82717623194428 4297.229932985739 0.23820727822919707 4269.164549475566
104 859.3281123852911 29.289494855651157 46.0 47 75.28949485565114 3936.1789127991697 0.12395599495891929 3906.765461948559
106 879.5344977067969 23.895409804729308 46.0 47 69.8954098047293 3925.0700641088124 0.14624365671124906 3901.0284106473728
107 883.2252823778418 26.83230796801483 46.0 47 72.83230796801483 3923.02803346935 1.0106227078176744 3895.1851027935186
101 850.0982176350734 26.410868482327807 47.0 48 73.4108684823278 3977.3136787953626 0.659620060858856 3950.243190252177
89 786.1290741645898 27.392293944921345 48.0 49 75.39229394492135 4051.9416214229395 0.9168438134042844 4023.632483664614
91 791.1231117988007 26.16854498163472 48.0 49 74.16854498163472 4050.6271705599193 0.08652097331389541 4024.372104604971
108 887.0776031195203 27.745806196887507 47.0 48 74.74580619688751 3958.2499707412117 0.10297563550818722 3930.4011889088174
83 654.2181983254225 27.675431423118035 50.0 51 77.67543142311803 4193.6261800173 0.0 4165.95074859418
95 807.9963908642447 25.858942558947774 48.0 49 73.85894255894777 4042.1214306845513 0.0 4016.2624881256056
97 819.4044144825248 25.995645767054278 48.0 49 73.99564576705427 4033.5259468761396 0.35716108889710085 4007.173140020189
100 838.1561388840553 26.632587977422247 48.0 49 74.63258797742225 4022.327219137823 0.00938976789757362 3995.6852413925053
105 869.2929046025906 26.81900992569078 48.0 49 74.81900992569078 4005.6044782497443 0.295889279644598 3978.489579044407
76 580.798691764409 30.267933281814738 52.0 53 82.26793328181475 4294.846517589933 0.2179340859995591 4264.360650222118
77 588.4300740692803 28.052212660539997 52.0 53 80.05221266054 4291.809709394322 1.4681179791762133 4262.289378754606
86 710.7299238705442 29.50304962476023 51.0 52 80.50304962476021 4190.006108162271 0.722921313635311 4159.780137223875
49 334.45066746461134 34.28340879236647 58.0 59 92.28340879236649 4569.334734416983 1.1436256018706104 4533.907700022748
65 468.1975131306793 34.51738747183633 55.0 56 89.51738747183634 4436.305306222411 0.3190365757910172 4401.468882174783
73 547.4922999713278 30.45796558750122 54.0 55 84.45796558750123 4365.308609162723 2.4153809310545284 4332.435262644167
68 489.31169507973647 31.02298218280815 55.0 56 86.02298218280815 4424.790160175549 1.600907225690321 4392.166270767052
79 619.724327202262 30.250537847007536 53.0 54 83.25053784700755 4294.630235974077 0.8445064923434984 4263.5351916347245
57 411.84374817092686 32.24718051523907 57.0 58 89.24718051523908 4513.85281082271 0.42616356745440953 4481.179466740016
61 451.9333156382013 31.245083527531634 57.0 58 88.24508352753162 4487.578663656192 1.1636598432425558 4455.169920285419
84 668.6424768130056 31.67201696450519 54.0 55 85.67201696450518 4279.666843339389 1.1213141950059935 4246.873512179877
56 403.86765199931546 34.22654298867934 59.0 60 93.22654298867934 4550.397270273937 0.6723280239742166 4515.4983992612815
59 419.94740023842894 31.524831735520205 59.0 60 90.5248317355202 4542.4102671370965 0.5946720740336104 4510.290763327543
66 480.38461925994574 27.45073175290276 58.0 59 85.45073175290275 4484.207618647349 0.3083456052654583 4456.44854128918
88 745.013792225948 34.60701966811526 54.0 55 88.60701966811527 4220.708148767242 1.2871385363614536 4184.813990562764
103 852.6046265183433 29.833991306256035 53.0 54 82.83399130625604 4117.278947470384 0.12035723910298657 4087.324598925022
50 346.30772009392547 34.89830761192741 62.0 63 96.89830761192741 4632.023043904424 1.6958230257682771 4595.428913266725
70 500.2155700924054 32.68170909083348 60.0 61 92.68170909083348 4490.54162897937 0.057835975125954064 4457.80208391341
85 701.7713346791573 31.371412245765946 57.0 58 88.37141224576595 4290.6406007558735 1.1056030621116406 4258.163585447994
62 452.9824557196434 32.30509618351795 61.0 62 93.30509618351795 4540.281024237665 0.2206179535373849 4507.7553101006115
63 456.21966471445 34.10893402555833 61.0 62 95.10893402555831 4538.841330969668 0.15208810062466682 4504.580308843484
80 638.2619508933676 33.28592762427044 58.0 59 91.28592762427046 4358.6850161588045 0.8930867254449595 4324.506001809089
46 303.03941717266855 36.137173315878606 65.0 66 101.13717331587861 4695.53811144034 3.576342668333325 4655.824595456127
41 227.07820450019994 41.70559206693862 68.0 69 109.70559206693864 4774.60581758469 1.0759261733313679 4731.824299344421
93 800.7231716467223 36.212147001369004 61.0 62 97.21214700136899 4213.711770644137 0.5129217461687858 4176.986701896599
102 851.0512672213074 37.76055129674654 65.0 66 102.76055129674654 4173.908082505699 3.047790962530712 4133.099740246422
99 833.8137173513836 36.32106047068691 67.0 68 103.32106047068692 4192.965114764421 0.593550519342898 4156.050503774391
