# Cpu scheduler: srtf
# Quantum: None
pid arrival_time cpu_bursts_time io_bursts_time nbursts bursts_time tat ready_wait_time io_wait_time
0 5.396058372591854 60.0 0.1 2 60.1 845.8215028597192 773.4715653432411 12.34993751647815
11 39.37479339442886 60.0 0.1 2 60.1 1108.854857168577 1013.6640388538524 35.19081831472454
7 28.363374445557398 90.0 0.2 3 90.2 1574.9404753692634 1361.656467771467 123.28400759779635
12 46.139132860114444 90.0 0.2 3 90.2 1687.5801081938976 1454.215532864944 143.3645753289535
6 19.03430825971639 21.41023315464358 42.0 43 63.410233154643585 2004.2267540239582 2.9001324626720937 1979.9163884066422
15 52.14967450328068 20.526789299123802 40.0 41 60.526789299123806 2306.7040046407733 1.1372379361546905 2285.039977405494
8 33.233988770482696 24.18769124599869 44.0 45 68.18769124599869 2436.987346594101 0.36374728348820895 2412.4359080646145
10 35.98117457795138 150.0 0.4 5 150.4 2485.7076159920716 2010.375066685513 325.3325493065589
4 12.238492969731562 30.959861154514723 51.0 52 81.95986115451473 2612.932866838712 0.8936088634686179 2581.079396820728
1 5.396058372591854 32.760639718988934 55.0 56 87.76063971898893 2636.3823403959996 1.4134631098085944 2602.208237567202
2 6.078848629397587 32.781762267154186 56.0 57 88.78176226715416 2847.1872668806905 1.3412296563798893 2813.064274957156
3 7.45720471341266 180.0 0.5 6 180.5 2863.6210222236573 2279.8411432411503 403.77987898250666
14 51.486547429142234 180.0 0.5 6 180.5 2885.3663055671013 2260.551989744222 444.8143158228795
19 73.00029925996446 180.0 0.5 6 180.5 3003.9592488937524 2365.1662500920766 458.7929988016757
26 100.68027466191369 27.39093425735304 44.0 45 71.39093425735304 3089.311935813132 1.5280354282539008 3060.392966127526
17 62.69914904087626 28.03867180412968 48.0 49 76.03867180412968 3188.6833556475435 1.6705069697096206 3158.974176873705
22 81.04828431674994 210.0 0.6 7 210.6 3232.448678543981 2466.250047991297 556.1986305526843
29 145.0694071291976 22.539543085099776 43.0 44 65.53954308509977 3174.0369714832373 0.4279327083722819 3151.0694956897655
23 81.85171630111208 25.8187263922851 47.0 48 72.8187263922851 3252.446057678263 1.9790413635362398 3224.6482899224425
13 46.65483008665512 29.625532567605056 51.0 52 80.62553256760506 3297.3759783281193 1.73799211202261 3266.0124536484914
24 91.88135430225518 27.349643744704128 47.0 48 74.34964374470414 3306.658573682055 0.21981446222559953 3279.0891154751253
20 74.66580239762638 31.028159524647574 49.0 50 80.02815952464758 3370.872945471883 1.363197714078268 3338.481588233158
16 61.25949468548711 270.0 0.8 9 270.8 3476.7774270537097 2487.389187800084 719.3882392536259
5 16.159478267367547 32.349147064158764 59.0 60 91.34914706415876 3539.1525705150166 2.2078697715334137 3504.5955536793244
31 189.46903471563104 24.74326783366421 44.0 45 68.74326783366422 3414.010963739034 1.092194872677652 3388.175501032693
21 77.59460628000066 30.478826691258956 52.0 53 82.47882669125896 3665.795457593984 1.8625839089298353 3633.454046993794
27 106.06852659908935 29.855104183744068 50.0 51 79.85510418374406 3660.0828806983386 3.8998338162875825 3626.3279426983067
40 270.0182707464687 23.939198745506566 44.0 45 67.93919874550657 3623.2334093879226 2.8249844021374315 3596.4692262402777
32 199.73425397262037 25.811223641636012 47.0 48 72.811223641636 3695.7624402189813 0.0 3669.9512165773453
18 71.98599303592722 32.08713216736399 55.0 56 87.08713216736398 3860.0446257004405 1.086453493923642 3826.8710400391537
25 100.27818291999577 33.14618200964451 53.0 54 86.1461820096445 3857.373550304315 0.6117327491205771 3823.61563554555
67 579.0888208714877 21.77575530590812 37.0 38 58.77575530590812 3390.6242801946105 0.5055455179559658 3368.342979370748
65 566.4456389334662 22.963556707949103 38.0 39 60.9635567079491 3455.0320493068175 0.31047957704981854 3431.758013021819
9 34.06893148644443 32.44764319604403 61.0 62 93.44764319604401 4011.8950140015786 1.052940179433861 3978.3944306261005
33 199.99830907029127 27.778237515957137 50.0 51 77.77823751595714 3940.4509629074723 0.8304257173107885 3911.842299674205
42 345.3793619877403 25.229380489703747 45.0 46 70.22938048970374 3813.652896028239 0.0 3788.423515538534
60 504.425150775308 24.337837083426237 41.0 42 65.33783708342624 3659.798377496939 0.0 3635.4605404135136
34 210.57487068767884 22.696457522637065 50.0 51 72.69645752263708 3960.086022955607 0.33677868414224577 3937.0527867488267
72 633.9518261443029 23.764791404494968 39.0 40 62.764791404494964 3559.063730873824 1.136402060287537 3534.162537409043
96 862.359272157153 21.133535997198457 36.0 37 57.13353599719846 3358.2688374660265 3.780416971302884 3333.354884497525
55 451.96254748456886 26.539780781357134 43.0 44 69.53978078135712 3778.626016674284 1.024079284729055 3751.062156608199
30 161.1958964658629 28.32798354841921 53.0 54 81.32798354841921 4070.973956626845 2.1615495376566116 4040.4844235407695
35 239.15170790582854 28.554523560864308 50.0 51 78.5545235608643 4016.0046819880527 1.506333367817092 3985.9438250593716
74 646.8954831850082 21.852439459670506 40.0 41 61.85243945967051 3632.644224477757 0.11272436973479216 3610.6790606483505
64 538.9809268536276 24.162834871042072 42.0 43 66.16283487104208 3752.6860676600327 1.2168893869970816 3727.306343401993
108 971.7784164944806 21.78378504453787 37.0 38 58.78378504453787 3397.6467038700694 0.19625312875416512 3375.666665696777
43 346.9678635554163 26.646458053750468 48.0 49 74.64645805375046 4025.0252602818746 1.7778947904884603 3996.6009074376343
50 423.8786838918518 25.920936322477214 46.0 47 71.92093632247722 3952.324385384442 0.29745477643206186 3926.1059942855313
79 700.980487780498 22.74736399693122 41.0 42 63.74736399693122 3702.2452461422436 1.2355798815979142 3678.262302263713
52 438.1395411968901 22.08898334296275 46.0 47 68.08898334296276 3965.827710850074 0.0 3943.73872750711
61 507.58902838904555 25.095730218995833 45.0 46 70.09573021899584 3928.8460823628366 0.5336921872936955 3903.2166599565467
39 267.88540195091343 29.15114822794892 52.0 53 81.15114822794891 4189.603849589175 0.0 4160.452701361226
41 331.04163103292785 29.432566179475664 50.0 51 79.43256617947566 4136.973643871892 2.1181676013762285 4105.42291009104
53 443.99700786235593 27.77194666350069 47.0 48 74.77194666350069 4032.801300862307 1.2787870492587672 4003.7505671495487
58 498.3069349949736 22.465308610660525 46.0 47 68.46530861066053 3992.6624316465504 0.2454166358704697 3969.95170640002
38 255.77645274003157 29.778158542057337 53.0 54 82.77815854205734 4239.004282910009 0.0 4209.2261243679495
71 628.7946338323233 22.353619413134503 44.0 45 66.35361941313451 3883.285067533688 0.3329416630323294 3860.59850645752
28 112.34711239773654 35.46132771842191 60.0 61 95.4613277184219 4403.083780328641 3.010330543803917 4364.612122066417
49 405.06198557374927 24.607744951069083 49.0 50 73.60774495106908 4122.4673043732055 0.0 4097.859559422137
83 743.9853452763273 21.90194004952471 43.0 44 64.90194004952471 3807.9807217168673 0.0 3786.078781667342
78 698.168782416641 24.233367018471508 44.0 45 68.23336701847151 3875.5518360880815 0.37779723086248396 3850.940671838747
36 251.73904111693963 29.2795659643409 55.0 56 84.2795659643409 4340.425348986635 1.4981349974534055 4309.647648024841
45 350.6520815632941 27.616456064801035 52.0 53 79.61645606480103 4252.005460302874 0.5602133275243659 4223.828790910548
44 350.26855043622726 28.425348476620382 52.0 53 80.42534847662037 4254.999215487306 3.6972268936425507 4222.8766401170415
99 910.3799123570184 22.34035638674463 42.0 43 64.34035638674463 3702.945438559184 1.108976146879968 3679.4961060255596
47 392.3682487317144 28.512159558150007 51.0 52 79.51215955815 4221.925018914642 1.0601273197393084 4192.352732036754
54 446.0115198262925 31.854533967965246 50.0 51 81.85453396796525 4189.957694955735 0.0 4158.103160987771
56 465.3971665205952 29.51657087481181 50.0 51 79.5165708748118 4185.36443536412 0.08420997192035884 4155.76365451739
51 428.2606989951714 24.13610125765939 51.0 52 75.1361012576594 4226.916377305692 0.9090781085162121 4201.871197939515
100 916.4897498525083 26.638386977263732 43.0 44 69.63838697726374 3745.0537367387637 1.00708338940467 3717.408266372092
95 862.1507481050406 26.72758805391599 44.0 45 70.727588053916 3817.494911268202 1.949674979263932 3788.8176482350223
81 727.0171355154938 25.04434710405368 46.0 47 71.04434710405368 3961.1068516335686 0.3692434789155641 3935.6932610506
70 622.8083263995795 26.67477073229654 48.0 49 74.67477073229654 4072.6480040040133 0.29677152814770125 4045.6764617435692
91 841.8808803324109 23.615325258617585 45.0 46 68.61532525861759 3862.3523287367734 0.0 3838.737003478154
103 943.8688884635673 24.319888988406408 44.0 45 68.3198889884064 3772.5590835614435 1.5695838539940041 3746.6696107190423
66 569.0902599978666 29.241302939284353 50.0 51 79.24130293928435 4165.4563024869485 0.931604637295095 4135.28339491037
82 729.7971931963347 26.188895412611213 48.0 49 74.18889541261122 4033.015373870291 0.803510709353418 4006.0229677483276
94 862.0358986698675 25.776043655663265 47.0 48 72.77604365566327 3924.6445789231084 0.5436092087450106 3898.3249260586986
80 721.3187024073652 29.943443077188633 49.0 50 78.94344307718863 4069.0659697768806 0.9453176853274954 4038.1772090143627
75 658.5154007419911 28.942411111099776 50.0 51 78.94241111109977 4135.477289311951 2.4423802004456547 4104.092498000405
93 850.9892632488396 25.96578584975397 48.0 49 73.96578584975397 3962.187001010107 0.22829798347140695 3935.9929171768813
87 783.4339014990543 23.681032914218843 49.0 50 72.68103291421883 4034.6815571820794 0.0 4011.0005242678594
97 888.8366953967217 27.51360665902791 48.0 49 75.5136066590279 3939.0131172798356 0.0 3911.499510620808
76 681.2723467419663 28.046925542786468 52.0 53 80.04692554278647 4174.764471471558 0.5543884311591682 4146.163157497614
46 355.44929853125325 38.588996918685325 59.0 60 97.58899691868534 4505.364708052629 0.8035026089476105 4465.972208524998
48 397.1389653259165 30.919153154188297 58.0 59 88.91915315418828 4467.321666728395 0.10232564866794291 4436.300187925538
68 580.1774946786896 28.835952788760167 54.0 55 82.83595278876017 4289.5993483393795 0.20141158432011252 4260.5619839662995
86 777.9263750762891 32.76853595935895 51.0 52 83.76853595935896 4092.174232008194 0.0 4059.4056960488365
37 251.92437434131125 35.68886472992224 63.0 64 98.68886472992224 4627.093415081059 2.4667187687015257 4588.937831582436
84 753.4883776270937 28.96642927727663 52.0 53 80.96642927727663 4130.899899680208 0.0 4101.933470402932
62 520.6840830735811 29.433066386055316 56.0 57 85.43306638605532 4366.327496124335 0.16490720669605707 4336.729522531585
63 536.1835691019728 31.183298227502156 57.0 58 88.18329822750216 4379.1042733704635 0.13781294886803153 4347.783162194092
106 959.8802248895718 32.117793573523315 51.0 52 83.11779357352331 3959.755831940188 0.33215079574210904 3927.305887570922
104 944.3743354974449 31.59643639895102 52.0 53 83.59643639895103 3988.3855420759437 0.0 3956.7891056769936
69 588.0241115541006 31.02327909306923 57.0 58 88.02327909306923 4345.072775256693 0.39686675080281475 4313.65262941282
105 951.0028944657613 29.0388878174176 52.0 53 81.03888781741762 3983.630478372773 0.2274026493312249 3954.364187906026
88 793.3466618000091 31.96059470952953 54.0 55 85.96059470952953 4143.271475093607 0.0 4111.310880384076
107 965.3711053418141 26.748091394668325 52.0 53 78.74809139466832 3971.6582328001964 0.01199434263889998 3944.8981470628883
92 848.7975373314114 26.96758847170743 54.0 55 80.96758847170743 4098.765080357286 0.15623693052998533 4071.641254955051
109 979.8905903418479 30.393079130316227 53.0 54 83.39307913031624 3971.8442494429128 0.5967193440820893 3940.854450968513
101 923.3560223958651 27.870262400461222 54.0 55 81.87026240046121 4033.3683260365947 0.08999309402031486 4005.408070542112
73 634.346364734611 28.126423207477952 58.0 59 86.12642320747797 4324.172468576298 0.9775662789809303 4295.068479089838
57 493.48621222160534 38.135591770125686 61.0 62 99.13559177012569 4466.591505822128 0.6828492753022601 4427.7730647767
98 910.3177411430358 31.8910004216175 55.0 56 86.89100042161748 4052.9980299690696 0.0 4021.107029547451
90 839.7778869743865 31.49179642274239 57.0 58 88.49179642274241 4131.67326832966 0.1744126014414178 4100.007059305476
77 681.9988378277905 34.63386082396662 60.0 61 94.63386082396661 4293.843920072079 0.2119074339116196 4258.9981518142
89 832.4683113830715 32.50228860593246 58.0 59 90.50228860593246 4143.678898456414 1.1146235244927993 4110.061986325986
59 499.57917676837604 36.372884351263814 64.0 65 100.37288435126382 4479.44866467755 1.4961994182212948 4441.5795809080655
85 766.344271430721 33.98939688723245 64.0 65 97.98939688723246 4221.772584222061 0.6552968101508441 4187.127890524679
102 943.0295112321359 35.39728100257302 64.0 65 99.39728100257304 4049.2749226925166 0.4102567821636285 4013.46738490778
