# Cpu scheduler: fcfs
# Quantum: None
pid arrival_time cpu_bursts_time io_bursts_time bursts_time tat ready_wait_time io_wait_time
2 22.34354812025259 631.897855497168 90.9252477993779 722.8231032965459 50854.916761345106 50130.97333144677 92.04557440117735
23 479.4079716176402 677.7678236125475 86.92925169656702 764.6970753091146 54172.38888255309 53406.67855935115 87.94249958939145
66 1098.64486972237 564.6530037742194 86.13526964014251 650.7882734143619 54027.32335699293 53372.55090944304 90.11944377568625
17 366.11110866298094 557.9177347730891 92.77601693052301 650.6937517036122 54916.917039245236 54263.105225418854 95.89407905331063
1 20.92329453039768 733.7593559229184 108.70902572863307 842.4683816515516 58311.49064782001 57467.548103071305 110.18318882580635
86 1371.747089851858 551.5532650883614 91.28303370830658 642.8362987966681 57351.68808718319 56708.76962160586 91.36520048898774
42 792.3242619844356 622.8541817241984 94.64303354432721 717.4972152685257 58130.9002818346 57413.40306656609 94.64303354431968
5 82.46404076880147 693.0170212971107 104.85980286505065 797.8768241621614 59417.70468960063 58617.17551397874 107.5121543247644
72 1157.254579117582 558.9870574842791 96.01719319708994 655.0042506813692 58582.24271212625 57927.23846144488 96.01719319708309
93 1434.665285572943 520.6936069521255 94.34633879419286 615.0399457463183 61691.45897395865 61073.61106792508 97.15429908144597
47 898.8491509384489 628.2529131896424 96.53452505579418 724.7874382454364 62414.40998483954 61686.021311620214 100.1357600296808
25 545.9588762023479 634.2220812452277 106.48141562482901 740.7034968700567 65933.87491058232 65191.65950541201 107.99332392506562
19 392.09194144474617 726.8813092457639 110.45112546157124 837.3324347073352 66556.60332434796 65719.27088964064 110.4511254615735
35 751.4473166293175 682.6983769365229 107.02573957975643 789.7241165162792 66330.6639961522 65540.83148522588 107.1341339897997
83 1313.5526717733492 652.3052898525145 107.3632948890497 759.6685847415641 65771.53818329894 65009.958848376 109.27404507043047
3 36.229126712637445 728.9051417298933 119.06892671964296 847.9740684495363 67509.34119627462 66658.76331320769 121.67274133704225
50 927.0066119544535 795.632886570541 106.79039964664362 902.4232862171846 66726.5603807901 65822.89986081792 108.02763340163324
15 339.9988603385782 843.8194754422027 111.19863056477224 955.0181060069749 67441.8183976445 66486.09528012414 111.9036420781573
56 1002.5088716272919 774.975046147637 108.91219847882326 883.8872446264603 66804.4211578473 65919.70732459705 109.73878710259805
65 1077.270222686751 781.3076200241029 108.9758507469269 890.2834707710297 66872.48718207223 65978.93524887151 112.24431317663675
75 1174.1601104135423 662.1397781958605 107.95837046415832 770.0981486600189 66971.34806107714 66201.24991241714 107.958370464155
33 702.1080076102966 727.2190130170567 110.47306881373052 837.6920818307872 67544.66819587197 66703.58883657555 113.86034627936465
4 64.40233745793631 663.3000824856149 119.60753148933748 782.9076139749525 68202.29438848783 67416.103439958 122.89086604422164
54 945.7105271429457 724.4499818463382 109.00680779239158 833.4567896387298 68032.97409480068 67197.34729959324 111.17681336111332
18 391.96622567149603 653.0598789025105 116.2155092980561 769.2753882005667 69150.42309854596 68380.3796523054 116.98356733803314
79 1262.246925505012 665.9634419967321 106.4086950241007 772.3721370208327 68323.04508625578 67549.23950353675 107.84214072230452
89 1402.9076604595286 792.2021566638902 113.63850193541535 905.8406585993055 69490.1890127173 68584.34835411802 113.63850193539656
98 1530.7712959535565 638.174855953945 113.23025851675827 751.4051144707031 69573.03723282306 68819.56695334474 115.29542352440285
52 933.87632322767 754.9712522377095 114.21808384325489 869.1893360809645 70321.74855152002 69452.43623400683 114.34106527550193
69 1139.8215494494618 771.3070112127539 114.31201706817349 885.6190282809275 70454.87373717481 69569.25470889387 114.31201706818592
90 1411.549918085527 821.4873880973548 115.80100291600682 937.2883910133617 70568.86926057044 69631.5808695571 115.80100291601366
41 784.5285295919441 822.9978546921616 117.26677093065575 940.2646256228174 71217.53154413926 70273.47538707593 121.05830237116743
60 1032.8240039654129 826.4739544385762 116.89910496103634 943.3730593996123 71489.8707467352 70543.12126820524 120.27552409139253
73 1172.9618207995088 755.7593382545626 116.96893122378587 872.7282694783485 71574.88005879728 70700.60310960235 118.51761094038648
77 1189.0066665651361 730.3452059114923 118.02285770820411 848.3680636196964 71620.77008428403 70768.10011214983 122.32476622270633
32 673.0685980447374 779.1896020611001 117.88958125825587 897.0791833193559 72155.85463030267 71255.07390254496 121.59112569662125
20 402.16611930908084 822.3893280966511 117.70735430555985 940.096682402211 72477.65550024339 71533.03989300078 122.22627914595421
7 126.31594712952838 788.2470124341655 125.9403078483628 914.1873202825283 72898.8209701576 71983.99793925098 126.57601847245292
43 811.6406503425853 715.704093162561 122.73935232561671 838.4434454881778 72400.43303079109 71560.17883025359 124.55010737494149
0 16.005647737649596 853.7134346584345 134.23033197273085 987.9437666311651 73229.79454242627 72240.92525693832 135.15585082948644
99 1557.2423113613709 693.8432734392438 115.81077990305924 809.654053342303 71777.56824053625 70965.94812073925 117.77684635776313
57 1012.1535122148224 692.1744783329576 118.96121109411246 811.1356894270701 72494.89666834776 71679.95896115481 122.76322886000139
38 765.1780599518395 626.5423781743355 118.51856468683275 745.0609428611683 73182.01919381709 72435.74692858463 119.72988705810758
21 458.7303431970049 885.4369932248171 125.56741283937946 1011.0044060641966 73645.91005043265 72633.26991171492 127.20314549290902
94 1470.0570111618606 806.3005421659725 119.41837947711375 925.7189216430862 72678.7204434473 71752.74491657646 119.67498470485225
48 899.4513202754349 751.7123357637741 122.22099823058373 873.933333994358 73402.03895881274 72525.30151351712 125.02510953185879
13 329.0294562279986 755.4147355744346 126.04006306968701 881.4547986441216 74061.582571859 73176.32167241305 129.84616387153977
62 1068.0843518607821 750.8844015344616 120.74378849470597 871.6281900291676 73453.96652175814 72581.75345276314 121.32866746058085
34 739.3787731087043 731.8212786494752 124.96390563557172 856.7851842850471 74004.18743751768 73145.84059409144 126.5255647767724
96 1474.4286659527959 858.2400366232033 124.78836208986195 983.0283987130653 73546.32971307854 72558.18309770101 129.90657875431407
44 819.3163474453302 806.9995012788382 123.85994328997289 930.8594445688112 74226.93774440346 73292.70444037065 127.23380275396994
6 99.00566218380004 901.2711104693324 134.3173841652548 1035.5884946345873 75361.66637311422 74324.96144427126 135.433818373637
70 1142.6842111808112 823.5059001310045 124.90572678833708 948.4116269193416 74350.79496273078 73402.3833358114 124.90572678837452
80 1267.044952562277 765.9457829534438 125.53105595661319 891.4768389100569 74331.9837853163 73439.88913122818 126.14887113471104
82 1286.999949894565 737.6875120641055 126.23944417408485 863.9269562381903 74338.1245532192 73471.99547143263 128.44156972248038
9 258.163025910969 848.759580834773 136.45504546325685 985.21462629803 75402.12662487577 74414.43196531404 138.93507872696063
8 160.66370397144425 846.3046148761276 138.36395341462452 984.6685682907522 75831.30150534728 74841.54364039938 143.45325007175165
27 565.9165877353391 891.6143824449337 126.68784502075685 1018.3022274656904 75572.70980545109 74552.4716139909 128.62380901523034
85 1367.5069230268011 822.8909303209817 123.16726517754742 946.0581954985294 75083.92003696997 74137.86184147144 123.16726517751385
88 1392.3300312132435 791.0837427298 126.69151773018393 917.7752604599838 75096.89165099007 74176.98206075188 128.82584750843353
53 941.9746435325867 718.7234112676414 129.5830649760495 848.3064762436909 75793.59985838759 74943.60910499799 131.26734212196607
14 330.3678514096153 882.8782643584289 135.4313572454273 1018.3096216038562 76417.09280769168 75396.34847553915 137.86606779409146
26 562.5498079603908 908.4283300228902 135.9026601536201 1044.33099017651 76235.88802267525 75190.2673790439 137.1923136085053
68 1139.3577303807772 768.3453113459736 129.10451762665548 897.4498289726291 75786.63035741392 74887.5682473753 130.71679869266563
81 1268.908715294511 748.1387800727395 133.5991205598309 881.7379006325704 75767.57525205515 74878.71660788581 140.71986409660667
97 1519.3920039699628 800.4399302311064 131.25107301774483 931.6910032488511 75706.50758331452 74772.88278318646 133.18486989692929
58 1013.3992339527586 842.4908432732669 133.4897890455549 975.9806323188217 76338.40618519371 75360.84871829675 135.0666236237198
12 318.9955787373673 1044.0560453892479 144.07969741479155 1188.1357428040394 77491.25209353355 76300.63293219199 146.56311595231227
59 1020.0118637927101 828.7166007159332 134.75971203157138 963.4763127475046 76853.45856999778 75889.90656595773 134.83540332408643
71 1151.8122847943612 867.2158829282473 136.049573871917 1003.2654568001643 76890.83517177055 75884.30360943763 139.31567940467085
76 1186.9676748162758 830.8110734938818 135.9640553914245 966.7751288853062 76878.88344274835 75911.05851022956 137.01385902488892
78 1216.1347470316134 968.3237460960108 134.97591098105005 1103.2996570770608 76862.57571655868 75759.27605948162 134.97591098104976
45 823.9411141958959 775.0851948143874 134.66828720623485 909.7534820206223 77364.50084965515 76451.63065264492 137.7850021958718
11 306.8802443130591 898.583477927044 144.66980765748437 1043.2532855845284 77917.9474741743 76871.54491515594 147.81908109130563
28 603.3343626665269 835.7870024903316 141.17022480951096 976.9572272998425 77754.19456495691 76771.23994640273 147.16761606387672
37 762.6220461231018 857.2147756395433 139.5026610275114 996.7174366670546 77725.39018398672 76724.29836921666 143.87703913048495
10 279.47241958960734 920.5523031814787 147.12322211197696 1067.6755252934556 78340.2034980405 77270.28859331046 149.36260154857808
24 479.80606314704477 932.4524077323845 139.7653498078671 1072.2177575402516 78159.04483108709 77085.09802944367 141.49439391107592
63 1070.5513947779818 956.1548972261397 140.81361258967684 1096.9685098158166 77682.67103243718 76585.70252262132 140.813612589704
16 350.8981958113089 951.6034513677438 144.99245285891297 1096.5959042266568 78411.92237878349 77313.24610229208 147.0728251236801
67 1110.8302306575338 925.4204058769056 134.25351247117754 1059.6739183480831 77678.57031180474 76618.68405082026 134.4658551075945
30 622.689086967115 819.5277190546935 145.23466509128025 964.7623841459736 78208.09602684666 77241.19486661522 147.37344117674843
31 672.3254807106952 900.5023452590946 141.77493781599588 1042.2772830750905 78187.81295323427 77140.93510019171 146.37550778348987
36 758.749735332429 811.0028209528559 142.11942859576547 953.1222495486215 78116.25405272053 77161.0983765536 144.15285521404758
39 772.1928886917942 823.2623429302575 143.93289893473133 967.1952418649888 78121.79543248264 77152.59133285758 145.9417566948166
40 776.608565446468 881.7467429806236 141.8755614684397 1023.6223044490632 78162.30270688201 77134.5363157495 146.01964815190468
91 1414.1345142110297 975.6091941505326 141.09648057000817 1116.7056747205409 77538.64908379865 76420.38330853418 142.6565811139285
49 909.0627894002603 921.9405044941159 140.66996646720693 1062.6104709613228 78133.58022407233 77068.65349102305 142.9862285551594
84 1367.181441184778 927.3734001994736 142.27405911327924 1069.6474593127532 77791.82986988344 76720.93048507714 143.52598460683566
55 957.5197549186418 872.9190173650202 145.6199030556933 1018.5389204207135 78267.33943492232 77248.09790982082 146.32250773648775
61 1037.671370723993 934.9023272833322 144.52303227441308 1079.4253595577454 78198.91676044435 77119.12745464692 144.8869785141187
64 1075.7386712572395 892.6368555747842 141.99741540787787 1034.6342709826622 78179.3872671746 77143.93882922169 142.8115823781152
87 1377.091613207458 768.9848147945888 147.98794536703247 916.9727601616213 77932.53132272941 77008.36783313041 155.17867480443465
92 1429.104213892748 823.8230256858036 143.12065669774978 966.9436823835532 77890.19654602771 76919.3251653434 147.0483549984956
51 932.9576365502586 1046.9771677909362 145.87653022666413 1192.8536980176 78425.35085917653 77232.49716115896 145.8765302266345
29 612.9803534996737 930.8148194023314 150.02034939107062 1080.8351687934016 78748.67794841318 77666.11097858209 151.7521504287863
95 1472.2844818589215 945.1923384987035 148.98500039377882 1094.1773388924823 77994.80224652195 76899.55622441646 150.05368360679495
74 1173.6019162650923 1044.8448690300356 149.09882357734537 1193.9436926073809 78367.40235912961 77172.48015569114 150.0773344083882
46 824.4669667397457 899.1128386340569 153.7871276304897 1052.8999662645467 78719.73435709532 77664.49293594375 156.12858251745615
22 479.14871049854503 972.7895455741354 166.48479055272819 1139.2743361268635 79117.48646393658 77975.27955216002 169.4173662024374
