# Cpu scheduler: fcfs
# Quantum: None
pid arrival_time cpu_bursts_time io_bursts_time nbursts bursts_time tat ready_wait_time io_wait_time
3 8.677646847502679 60.0 32.08510543363086 3 92.08510543363084 250.74526990403183 158.66016447040096 32.08510543363085
5 13.708009371497711 60.0 21.490905565482336 3 81.49090556548234 268.7149073800368 182.2185944690821 26.496312910954686
0 4.422916751534495 80.0 39.893360227496146 4 119.89336022749615 303.5 179.2827873725299 44.217212627470104
8 49.3656290129522 100.0 67.19814929991641 5 167.1981492999164 417.8123004147767 214.2254792508778 103.58682116389886
9 57.07899761445984 100.0 52.643995144180415 5 152.64399514418042 436.098931813269 242.54984099031367 93.54909082295538
88 725.6683220578611 39.5 115.50761325556215 79 155.00761325556215 11679.967664025893 0.3759231461555146 11640.091740879738
2 5.241366249269071 44.0 130.22251408656135 88 174.22251408656135 12540.553528020273 337.2965750026863 12159.256953017586
14 83.32721989632435 43.5 127.84308548651312 87 171.34308548651313 12579.788622896795 307.909781863377 12228.378841033418
79 614.9170390073026 41.5 125.36110457200375 83 166.86110457200377 12232.47060686732 0.28156720882554964 12190.689039658495
91 741.6737114785725 41.0 119.72496134946307 82 160.72496134946306 12126.29872076347 0.0 12085.29872076347
57 383.6129949833223 43.5 125.85241678027869 87 169.35241678027867 12703.745314624075 57.80567168422817 12602.439642939848
16 91.71185365738893 45.0 136.73713711761263 90 181.7371371176127 13003.934564140052 292.9757761947648 12665.958787945288
42 296.35298684608915 44.0 128.02244965621284 88 172.02244965621287 12803.117780130877 112.48821247407614 12646.629567656799
1 4.422916751534495 46.0 136.62502484275817 92 182.62502484275814 13112.611777668824 342.08351389659634 12724.528263772228
21 106.55150340854304 45.0 132.50676455957554 90 177.50676455957552 13026.049907595794 263.23718896388846 12717.812718631905
68 498.1791531380122 44.0 123.67930491364021 88 167.67930491364018 12879.375213118623 5.998776289716659 12829.376436828907
33 214.0581444730559 45.5 138.17532234866664 91 183.67532234866664 13180.740288297393 178.623512988939 12956.616775308454
78 613.2062096587176 43.5 125.44694778982057 87 168.94694778982057 12786.88418243879 0.3648064320058211 12743.019376006785
12 61.67921868507104 46.5 137.18403294749464 93 183.6840329474946 13418.281846507494 335.8824100258385 13035.899436481655
45 302.9574855369884 45.5 136.0403888516002 91 181.5403888516002 13216.329683357868 97.01062328771019 13073.819060070158
60 434.230311350563 45.0 141.62142238121902 90 186.62142238121902 13129.647670155104 11.692605400971502 13072.955064754131
104 794.9549249007155 43.5 129.73710717375667 87 173.23710717375667 12824.889600367987 0.0 12781.389600367987
72 516.3206107717433 45.5 132.116490356066 91 177.61649035606598 13266.088871231921 0.14687137953330875 13220.441999852388
22 110.57154446968364 47.5 146.00100136327018 95 193.50100136327018 13681.947581347538 253.44875397381526 13380.998827373722
76 576.1990143066274 45.5 136.4513845122214 91 181.95138451222144 13298.612960467153 0.19775766783084237 13252.91520279932
15 88.03487016066701 48.0 141.46492931560306 96 189.46492931560306 13790.656927050879 299.83669305046845 13442.82023400041
18 96.45798281581553 48.0 142.82282128725976 96 190.82282128725973 13787.114395599123 280.4691666952536 13458.645228903868
30 201.78857009984446 48.0 140.54078919461955 96 188.54078919461952 13802.650680669281 191.6165656439833 13563.034115025297
80 616.7357430927213 46.0 135.46300502874914 92 181.46300502874914 13406.57119510946 0.8098452076515059 13359.761349901808
38 232.68411231799666 48.0 139.92853512423406 96 187.92853512423403 13805.12286850041 146.39700340082004 13610.72586509959
53 360.85157870301214 47.5 140.33587613034436 95 187.83587613034436 13710.250659525114 53.26118569868402 13609.48947382643
98 783.3965664518641 45.5 134.23554330311575 91 179.73554330311572 13301.442436663989 0.0 13255.942436663987
51 349.67985518644036 48.5 146.50532422922873 97 195.00532422922876 13919.032453171534 41.72342207978426 13828.80903109175
74 538.0167246636641 47.5 140.1345671305332 95 187.6345671305332 13732.165021308518 0.0 13684.665021308518
52 356.2951212758113 48.5 140.78491713232847 97 189.28491713232847 13929.12895351831 59.840618162892326 13820.788335355415
85 658.1564427427435 47.0 140.60202303037136 94 187.60202303037136 13637.576268371275 0.0 13590.576268371275
19 99.81247555369654 50.0 146.4887320531644 100 196.48873205316437 14239.737016082287 272.549132198868 13917.18788388342
49 329.2790045155095 49.0 146.48199838820423 98 195.4819983882042 14045.212532134408 62.68627197377077 13933.526260160637
95 770.9470964088154 47.0 143.79421487213372 94 190.79421487213372 13625.686213945703 0.0 13578.686213945703
10 60.46090562786995 50.5 148.50995277281604 101 199.00995277281606 14351.408458807085 343.85409069037763 13957.054368116707
70 507.9495674983683 48.5 140.63953234973076 97 189.13953234973076 13944.239604695358 0.22836192936057387 13895.511242765997
71 511.4208089927579 48.5 143.7118573047117 97 192.2118573047117 13944.29629648265 0.0 13895.796296482647
20 104.53109097175972 50.5 145.01252842865114 101 195.51252842865117 14353.794863943698 267.48360377013466 14035.811260173563
24 119.89340298284576 50.5 152.17049188036611 101 202.67049188036611 14350.366254748527 240.02430804899603 14059.841946699531
26 132.37633817832037 50.5 149.28013290669176 101 199.78013290669176 14354.597184251943 243.65131480492423 14060.44586944702
41 251.31024203317116 50.0 147.40890377176794 100 197.40890377176794 14245.861904924517 140.3229072312639 14055.538997693253
58 404.8828054434002 49.5 145.82707658688352 99 195.32707658688355 14142.66052407089 30.544529442393525 14062.615994628495
86 675.4984506810916 48.5 145.34944328815806 97 193.84944328815806 13942.49833077905 0.0 13893.998330779052
29 191.6006124137821 51.0 151.28985766728758 102 202.2898576672876 14435.914014909958 222.1652690697998 14162.74874584016
77 579.6211102281985 49.0 145.12400777394038 98 194.12400777394038 14048.931858084774 0.018556662978085114 13999.913301421795
31 208.56361510989055 51.0 149.64261256249273 102 200.6426125624927 14429.608180242876 181.2885147232927 14197.319665519582
23 115.12183888756645 51.5 151.75905412694982 103 203.25905412694982 14537.941000009137 247.2397184083913 14239.201281600745
27 133.50305323253846 51.5 156.64892053857548 103 208.14892053857542 14542.188997435107 241.16271660012194 14249.526280834983
40 242.15867337993637 51.0 155.173055954248 102 206.173055954248 14437.61470098449 150.61590785735814 14235.998793127132
96 780.5358977122283 48.5 141.3073194824022 97 189.8073194824022 13904.970937064554 0.06935554495657925 13856.401581519598
7 17.370709289064568 52.5 161.3593602841575 105 213.8593602841575 14694.763999985684 367.5689813441697 14274.695018641516
59 409.9663629994306 50.5 145.23045007585574 101 195.73045007585574 14312.168022468866 27.4565537521039 14234.211468716761
36 225.368796469026 51.5 156.3446978682251 103 207.84469786822513 14509.547992319383 156.2372508340843 14301.810741485298
81 631.9838541942445 49.5 146.13773636860847 99 195.6377363686085 14106.423164561615 0.2751235306214994 14056.648041030992
73 534.0267153635253 50.0 149.4290288025942 100 199.4290288025942 14205.869722459243 0.0 14155.869722459243
47 320.47466321753836 51.5 154.78837444374918 103 206.28837444374915 14481.327691707465 74.77161628560896 14355.056075421855
75 555.0599047542287 50.5 152.1060588619236 101 202.6060588619236 14270.418630245416 0.4433303222338054 14219.475299923182
66 480.99103198868875 51.0 143.89669143833027 102 194.89669143833027 14364.919475532399 16.453002861332436 14297.466472671067
69 501.1009603148157 51.0 156.62068393633268 102 207.6206839363327 14355.014569764968 4.5769691129131616 14299.437600652054
28 177.92852092908038 53.0 162.2632615373284 106 215.2632615373284 14724.82670883839 238.36937723796666 14433.457331600423
55 381.15892426459004 52.0 156.92033874490633 104 208.9203387449063 14524.910615597983 61.06963032299319 14411.84098527499
65 480.7312320084293 51.5 153.7102132586557 103 205.21021325865576 14427.059888890082 15.946697419299596 14359.613191470782
32 211.2617440441195 53.0 155.47061975835817 106 208.47061975835814 14709.147364900931 185.17878364703625 14470.968581253894
48 323.72180020299834 52.5 148.9213273233322 105 201.4213273233322 14604.718913977867 69.52967267970115 14482.689241298167
82 640.4459343743595 51.0 152.80845615947004 102 203.80845615947004 14295.096433772067 0.0 14244.096433772069
62 451.9125558345075 52.0 154.1602300881256 104 206.16023008812562 14490.563708293594 16.63819012517024 14421.925518168422
97 780.894019064992 50.5 144.51680961936205 101 195.01680961936205 14168.996292568672 0.21123419219293282 14118.28505837648
89 725.9751233640114 51.0 153.35387177214727 102 204.3538717721473 14252.193471496204 0.5691218400052094 14200.624349656198
90 726.4577253793971 51.0 153.63993838551656 102 204.6399383855166 14253.710777928094 0.586519824619586 14202.124258103477
83 649.4525075673062 51.5 155.46393405068847 103 206.96393405068847 14345.553627372818 0.0 14294.053627372818
44 298.2626535110239 53.5 158.2450424898068 107 211.74504248980685 14725.30667478605 105.01705754126891 14566.789617244782
4 9.239833995466158 55.5 165.81914989837117 111 221.31914989837117 15039.080204708045 383.83882523319215 14599.741379474854
92 751.8646367155659 52.0 153.53205800953353 104 205.53205800953356 14325.436977463169 0.0 14273.436977463169
39 241.69912638374038 54.5 159.43624921519805 109 213.93624921519807 14843.296322891514 152.48002888814776 14636.316294003367
13 75.08041529726015 55.5 165.16334156599717 111 220.6633415659972 15024.096644861516 319.07973905363104 14649.516905807885
56 382.512020864222 54.0 158.3217756330338 108 212.32177563303384 14724.43463208705 59.67832705904459 14610.756305028006
67 491.5612042481272 53.5 155.96702194800224 107 209.4670219480022 14617.074310792705 9.616725179601701 14553.957585613105
43 297.1174565911308 54.5 159.5403991009926 109 214.0403991009926 14813.8510776614 108.99902161579439 14650.352056045605
54 370.4552139009498 54.5 162.69868865371444 109 217.19868865371447 14756.732377011484 43.544784401068796 14658.687592610417
100 785.0332292674891 52.5 154.81945093753143 105 207.31945093753143 14347.754333535115 0.424742637683039 14294.82959089743
37 229.00247322377191 55.5 161.65830947381087 111 217.1583094738109 14918.633194295913 151.6857992681431 14711.44739502777
25 131.99198503272817 56.0 166.79108771409867 112 222.79108771409864 15019.853126903674 245.82016892372832 14718.032957979944
63 462.8948607382421 54.5 163.1048342025164 109 217.60483420251637 14694.389087900301 9.28306868948681 14630.606019210814
17 94.2329271894709 56.5 166.81294174618853 113 223.31294174618853 15076.527981034205 286.4730340844576 14733.554946949747
102 789.0894822122126 53.5 160.49806276337515 107 213.99806276337512 14401.376709372013 0.12133762588371155 14347.755371746127
34 216.80003795871593 56.5 167.75366369590523 113 224.2536636959052 14980.806784513139 172.72473273561454 14751.582051777523
93 759.679579764963 54.0 158.79504020014343 108 212.79504020014346 14444.61761290785 0.40870227133132175 14390.208910636518
11 61.191206922177116 57.5 169.93505624477382 115 227.43505624477385 15152.874509816767 340.0106761783656 14755.363833638403
46 315.4267174246166 56.5 166.04134638073293 113 222.5413463807329 14904.123163670043 81.53217282841678 14766.090990841627
6 15.213614746666277 59.5 181.33550324843083 119 240.83550324843085 15253.483903515134 374.900294339166 14819.083609175968
87 677.8011139878165 56.0 163.36101756217954 112 219.36101756217954 14592.725052624424 0.0 14536.725052624424
50 343.14771764811724 58.0 171.54138496661668 116 229.54138496661665 14929.818154791286 48.16475543388532 14823.653399357401
99 784.9579719051721 56.5 168.73277470261996 113 225.23277470262 14506.600459666159 0.0 14450.100459666159
103 791.2477611789816 56.5 169.4081972071718 113 225.9081972071718 14503.685363722174 0.0 14447.185363722174
35 217.15041353341417 59.5 180.70697700424518 119 240.20697700424518 15078.83605864667 171.10123144456736 14848.234827202103
94 762.9335528758853 57.5 169.54057825437064 115 227.04057825437064 14543.884128422778 0.0 14486.384128422778
61 445.63467797729896 59.5 177.27497505749932 119 236.77497505749932 14866.378092854337 0.7882387742355377 14806.0898540801
84 653.1491388854203 61.0 180.4402904240655 122 241.44029042406547 14684.786492752093 0.161655317577015 14623.624837434518
64 467.20318593979783 62.5 187.5114702714017 125 250.01147027140172 14875.983674632596 5.615256228332214 14807.868418404265
101 785.3313921843377 61.5 189.52820813348973 123 251.02820813348973 14561.21062193917 0.6265797208344566 14499.084042218337
