# Cpu scheduler: fcfs
# Quantum: None
pid arrival_time cpu_bursts_time io_bursts_time nbursts bursts_time tat ready_wait_time io_wait_time
9 57.198325518718846 60.0 30.61400064361759 5 90.6140006436176 278.59523428141705 187.98123363779945 30.614000643617587
0 11.678461512431795 100.0 60.42338212940811 9 160.4233821294081 369.6150982877041 203.41236392461826 66.20273436308581
4 36.29355980013587 100.0 63.14200558621926 9 163.14200558621928 420.5 253.0367167490636 67.46328325093639
14 105.90291839485772 100.0 69.10156052641713 9 169.10156052641713 447.8906414052782 248.844732725062 99.04590868021617
7 56.54274909217461 120.0 77.58923841649427 11 197.58923841649428 520.7508107079613 292.7566476340471 107.99416307391414
11 65.85555377786106 40.5 122.17287224977397 161 162.67287224977395 11525.92850966467 395.407961972621 11090.020547692051
95 926.3867231204456 36.5 104.6972061964722 145 141.19720619647217 10783.545061391269 0.46574783309802115 10746.579313558172
74 731.3106579548128 37.5 112.6010448175378 149 150.1010448175378 11015.863336856752 0.7405985376797162 10977.622738319073
3 27.211896241686894 43.5 125.46093860065193 173 168.9609386006519 12215.515594937013 382.3530468591872 11789.662548077824
27 259.67369007683334 44.0 131.43648574585484 175 175.43648574585484 12647.297091682009 230.2869085706526 12373.010183111355
23 214.56111999129504 44.5 131.21681343565425 177 175.71681343565427 12781.664714716318 253.07051886640122 12484.094195849917
37 352.4685833631916 44.0 128.90047457913505 175 172.90047457913505 12706.26925145467 146.9238492256227 12515.345402229048
13 79.75062142890036 45.5 132.73443487406644 181 178.23443487406644 12999.027217670797 365.9820570327493 12587.545160638047
10 60.95065097115434 46.0 137.67584944253645 183 183.67584944253645 13105.91317317111 406.8933040020821 12653.019869169028
49 428.71168650859823 44.5 132.22179366336042 177 176.72179366336042 12845.974991086863 84.33778362154186 12717.137207465323
56 517.1961459118107 44.5 136.64107607233598 177 181.14107607233598 12887.129705487117 16.09741388832515 12826.53229159879
6 48.190193053140895 48.0 143.60842382671436 191 191.6084238267144 13582.542953986764 399.809742480549 13134.733211506213
58 547.689161827728 45.5 136.2311378028173 181 181.7311378028173 13140.451183304598 30.170620287338465 13064.780563017259
36 345.44125526009344 46.5 139.18384451628043 185 185.6838445162804 13361.49539227154 163.43239956779598 13151.562992703744
5 40.72255858685025 48.5 143.56391884661247 193 192.0639188466125 13706.67254952737 396.19892063586946 13261.973628891501
45 421.76074343111463 46.5 139.68743484269666 185 186.18743484269666 13370.02316845848 71.28304561169972 13252.24012284678
54 504.27825746555095 46.0 137.40329318335085 183 183.40329318335085 13288.904382705756 27.01530233458493 13215.88908037117
33 320.8172561818962 47.0 142.84707696520528 187 189.84707696520525 13485.251308669243 168.360779314845 13269.890529354398
87 855.3183856317295 44.5 131.55980769513647 177 176.05980769513647 13014.978088182705 0.0 12970.478088182705
1 11.678461512431795 50.0 151.3785464580614 199 201.37854645806144 13999.113101790159 412.15036585213164 13536.962735938028
84 837.726807689409 45.5 139.2170920167501 181 184.7170920167501 13252.258103117356 0.4907375982245412 13206.267365519132
53 493.31804083137587 47.5 147.78558405722083 189 195.28558405722083 13648.02104887871 35.09351302515955 13565.427535853552
25 238.72981075040866 49.0 151.1495446390573 195 200.1495446390573 13950.622991017486 248.6259210431088 13652.997069974377
60 561.6976524455774 47.5 140.95876407521573 189 188.45876407521578 13650.145768780314 21.61397742082056 13581.031791359494
16 148.2431156470633 49.5 146.26459265368155 197 195.76459265368158 14065.507902942789 323.32123114897774 13692.686671793812
104 980.4819546188895 45.5 134.54780694537493 181 180.04780694537493 13252.156250124728 0.0 13206.65625012473
63 583.0739355072525 47.5 140.46213582076652 189 187.96213582076646 13663.11905870357 9.219624292883395 13606.399434410687
19 192.13210670804668 49.5 144.46635244892775 197 193.96635244892775 14073.867132249165 265.3136341246502 13759.053498124515
48 426.2699576097648 48.5 145.75779529178266 193 194.25779529178266 13864.13644030827 88.67931200814246 13726.95712830013
2 21.08643458932964 51.5 152.21878137659277 205 203.71878137659277 14349.46078795149 395.77443184417564 13902.186356107313
57 540.3687093233647 48.5 147.06180029436595 193 195.56180029436598 13866.3907548878 16.79596708101417 13801.094787806785
66 634.1624058677342 48.0 142.49675367513035 191 190.49675367513032 13783.114642825107 0.0 13735.114642825105
85 843.3864816073093 47.0 141.0746885271378 187 188.07468852713782 13595.700297049718 0.21033614959344504 13548.489960900124
42 392.84424409032 49.5 145.43002906538587 197 194.93002906538584 14083.902154657237 107.08248691786127 13927.319667739375
44 404.2902053803156 49.5 144.79771689981771 197 194.29771689981771 14089.656574871367 89.06547815573919 13951.091096715629
73 724.0441882271946 48.0 145.8864212832268 191 193.88642128322675 13797.228972198669 0.6139885520493635 13748.61498364662
28 264.8598516026242 50.5 149.1374015426881 201 199.6374015426881 14274.606144039919 222.93179756637915 14001.174346473541
47 422.03844596970373 50.0 145.68949879165024 199 195.68949879165024 14170.260050531208 70.97718753789479 14049.282862993312
50 454.54463605693985 50.0 150.31138572676917 199 200.31138572676915 14155.330508818764 84.51008828159178 14020.820420537173
67 641.6906011119452 49.0 145.86870056564143 195 194.86870056564143 13980.125011840493 0.3035093628411687 13930.821502477653
75 734.9457168830663 48.5 145.90184444896522 193 194.40184444896522 13891.449233726036 0.0 13842.949233726036
51 465.0687277008361 50.0 150.59178417460944 199 200.59178417460944 14164.21838591355 70.51773810246391 14043.700647811085
21 203.1074647782207 51.5 151.35986380031716 205 202.85986380031713 14469.099612228527 247.28581451694666 14170.31379771158
86 853.1874953594702 48.5 146.8719796075957 193 195.3719796075957 13877.656788828197 0.0 13829.156788828197
30 292.5666953931146 51.5 148.20075631901963 205 199.7007563190197 14450.864671807683 213.9583041751123 14185.406367632571
78 793.0803818529075 49.0 142.2773819762135 195 191.27738197621352 13973.47940431872 0.27746941200871333 13924.20193490671
55 513.5793620216424 50.5 150.29951167239375 201 200.79951167239375 14257.9283023854 19.214197778493485 14188.214104606906
71 723.1021415666837 49.5 146.57217143452158 197 196.07217143452158 14065.508279876425 0.0 14016.008279876425
39 366.7105863734947 51.5 153.05426996086146 205 204.55426996086146 14446.256791181377 130.05152949628012 14264.705261685096
64 595.2447001108019 50.5 151.78361241495574 201 202.2836124149557 14239.089637912595 1.5488596893339945 14187.040778223261
96 930.0051591569994 49.0 147.57062046668696 195 196.57062046668696 13931.100310933125 0.0 13882.100310933125
12 77.0988882755541 53.5 155.0572064057489 213 208.5572064057489 14819.054301964548 372.81794971420027 14392.736352250347
81 809.3687144146701 50.0 143.83871096548626 199 193.83871096548626 14124.861341076878 0.0 14074.861341076878
24 222.59176259146616 53.0 156.49311627791351 211 209.49311627791354 14714.199472676411 271.1651760537359 14390.034296622676
52 478.32141259710625 52.0 152.5674083517023 207 204.56740835170228 14490.47374206262 54.68165067842676 14383.792091384194
99 954.8416481230429 50.0 149.08527915057977 199 199.0852791505797 14060.544128403859 0.0 14010.544128403859
32 313.8300889546864 53.5 157.50395669208797 213 211.00395669208797 14737.8329933826 167.1410347152654 14517.191958667336
17 153.31552565311662 54.5 163.32215430375385 217 217.82215430375388 14933.510756633774 315.6787126492308 14563.332043984545
88 858.8596810811283 51.0 149.3223913593389 203 200.32239135933887 14241.654979801548 0.09052400533630589 14190.564455796213
77 763.6415103743983 51.5 153.88058521393904 205 205.380585213939 14342.936829103377 0.3672608927561214 14291.06956821062
69 672.3068345271307 52.0 157.59047055132555 207 209.59047055132552 14436.266872817076 0.3661918533858852 14383.90068096369
35 340.4724380427961 54.0 159.001815742983 215 213.001815742983 14799.097431311091 174.98917635325876 14570.108254957831
101 969.2699435219913 51.0 150.23671329439472 203 201.23671329439472 14184.389305295146 0.0 14133.389305295146
61 574.643499768903 53.0 151.6749503677253 211 204.67495036772533 14588.02744922661 14.094622807879205 14520.932826418732
18 155.0543405204719 55.0 160.59916996022574 219 215.59916996022574 15009.576424109522 318.83997197186466 14635.736452137658
31 300.08168559618844 54.5 160.2930523155693 217 214.79305231556933 14874.2607318259 188.5105252647126 14631.250206561186
70 681.0822132784594 52.5 150.9868514490259 209 203.4868514490259 14495.143935307033 0.0 14442.643935307033
91 899.0460145892743 51.5 152.73363328488182 205 204.23363328488182 14281.815500658047 0.0 14230.315500658047
97 943.8749773279751 51.5 148.37758231947853 205 199.87758231947856 14257.41075944549 0.0 14205.91075944549
98 951.2115062829785 51.5 154.12138384869618 205 205.62138384869615 14255.05146815838 0.0 14203.551468158379
62 581.1926439737238 53.5 155.85611349612785 213 209.35611349612788 14639.43845204559 10.10091582641212 14575.837536219176
65 603.1233256055616 53.5 161.9409195599723 213 215.44091955997231 14629.224744800698 0.09436123722912271 14575.63038356347
46 422.0045957584283 54.5 164.18209869089046 217 218.68209869089048 14815.780646694066 71.70660191949634 14689.57404477457
34 321.5847525396014 55.0 162.9280172229239 219 217.92801722292387 14919.978356806376 166.70396318867773 14698.274393617698
8 56.75428537600263 56.5 167.6923913314948 225 224.1923913314948 15187.92974055437 404.54759851620844 14726.882142038161
15 117.40089299532411 56.0 166.95995045631534 223 222.95995045631537 15129.048015929055 354.93955273754824 14718.108463191506
83 837.2175452876336 52.5 162.0715379277495 209 214.57153792774943 14418.161072801511 0.0 14365.661072801511
29 289.36532417770445 55.5 167.15742292934326 221 222.65742292934328 14976.84057268274 198.4017480146673 14722.938824668072
22 211.82662568374957 56.0 164.9297182928278 223 220.92971829282772 15071.151644862866 258.23104139679975 14756.920603466066
26 238.8638121962313 56.0 162.49632756084839 223 218.49632756084833 15047.66182340565 246.25463820045243 14745.407185205198
103 972.7684988993202 52.5 156.43361493818907 209 208.93361493818907 14320.591325016983 0.30266760524887104 14267.788657411735
89 872.8024301804867 53.0 159.52931019173954 211 212.52931019173957 14428.039907110762 0.0 14375.039907110762
43 396.1674485181397 55.5 169.94729315847727 221 225.44729315847727 14911.26762058694 99.08121724629518 14756.686403340644
100 960.0274289811455 53.0 155.54063950934784 211 208.54063950934784 14362.653762312922 0.4048787018882649 14309.248883611035
80 808.5851276103161 54.0 155.12394228599945 215 209.12394228599942 14533.139715815292 0.0 14479.139715815292
76 763.5087712671544 55.0 161.59556811761695 219 216.59556811761695 14614.585335469086 0.0 14559.585335469086
41 389.8599783748969 57.0 164.89349639656024 227 221.89349639656024 14989.310141546153 114.5111665461024 14817.798975000052
59 561.0540366212279 56.5 168.99338008660385 225 225.49338008660385 14833.115627354719 21.23952317890803 14755.37610417581
102 972.5711665045691 54.5 161.66926932013007 217 216.16926932013007 14422.698529636844 0.0 14368.198529636844
79 799.8126910669702 56.0 163.90913518850073 223 219.9091351885007 14626.182805515364 0.0 14570.182805515366
72 723.9216223314265 56.5 169.68497234166898 225 226.18497234166898 14703.411895867526 0.0 14646.911895867526
40 368.288216156086 58.5 173.16243692406576 233 231.6624369240658 15065.42266024058 127.4398548232669 14879.482805417314
90 881.5928455227125 56.0 166.60543726909862 223 222.6054372690986 14553.529848949041 0.0 14497.529848949043
68 650.6182805069382 58.0 172.88250884883792 231 230.88250884883792 14804.612531152625 0.4465297668898529 14746.166001385734
20 202.9717862476317 60.5 186.45939247059505 241 246.95939247059505 15255.718567379268 251.67071452874399 14943.547852850525
92 900.5132615888703 57.0 162.2975849363489 227 219.29758493634887 14559.61696124041 0.05112167743425289 14502.565839562976
93 900.735644403486 57.0 167.43993037125242 227 224.4399303712524 14560.742650973041 0.32873886281845444 14503.413912110223
94 907.9130766232969 57.0 171.14410149037624 227 228.14410149037622 14555.050913117577 0.0 14498.050913117577
38 362.78888364097884 61.5 176.95251503264177 245 238.45251503264177 15113.571556835495 135.32095220485525 14916.75060463064
82 828.1046426492195 59.5 178.21339560362804 237 237.71339560362804 14650.097306701111 0.3564628801499339 14590.24084382096
