# Cpu scheduler: fcfs
# Quantum: None
pid arrival_time cpu_bursts_time io_bursts_time nbursts bursts_time tat ready_wait_time io_wait_time
7 48.87000450558292 60.0 33.197628025146244 5 93.19762802514626 251.7995459522828 155.20215318392172 36.59739276836109
3 26.222408201095195 80.0 45.297712787256586 7 125.29771278725659 366.9471422567705 236.30770893484348 50.63943332192707
10 54.534725719042314 80.0 52.39618898648639 7 132.39618898648638 367.63482473882345 231.39372246484214 56.24110227398127
0 20.66955045786575 100.0 61.365037474643984 9 161.36503747464397 426.0 258.1552128649542 67.84478713504578
11 54.93162184521701 80.0 52.10620923123439 7 132.1062092312344 414.7379286126487 276.2896839892529 58.448244623395794
44 368.3073655965663 34.5 103.338776154113 137 137.83877615411302 9819.6489457544 97.08922093436712 9688.059724820032
4 28.653579824642435 40.0 115.32890567811972 159 155.32890567811972 11241.322428230247 383.99543888691665 10817.326989343332
40 337.3356707771611 40.5 116.76037702653772 161 157.26037702653775 11581.043152996308 112.74023928086649 11427.802913715443
18 117.2638120191822 42.5 129.50616756756392 169 172.00616756756392 12080.40492615036 301.9955899120709 11735.909336238288
15 95.24511937591441 43.5 125.68441068765222 173 169.18441068765222 12368.856985084789 322.6409576956225 12002.716027389168
6 42.54469339538591 44.5 134.8899066571805 177 179.3899066571805 12564.661684565583 354.81257631407334 12165.349108251508
104 1001.2776417157704 40.0 116.68694792266533 159 156.6869479226653 11764.286786724833 0.34027480875136007 11723.946511916083
38 289.8224747204188 44.0 134.10386672965896 175 178.10386672965893 12582.327097426 160.6669070819383 12377.66019034406
50 434.8976067809732 43.5 125.78489374043407 173 169.2848937404341 12495.435709826945 48.77194367689253 12403.163766150052
33 239.33650791815634 44.5 129.18018887396525 177 173.68018887396522 12710.63505327688 201.93322213809378 12464.201831138786
53 498.7985312029021 43.5 129.58149628027147 173 173.08149628027147 12549.334202687829 4.371019254963642 12501.463183432865
45 377.58151757494903 44.5 133.6450080976975 177 178.14500809769748 12744.298947368234 104.83502078555591 12594.963926582677
36 277.87529086588336 45.0 133.70276610993767 179 178.70276610993767 12862.080371467146 179.10993663915644 12637.970434827988
2 23.681019442723418 47.0 140.45408231270792 187 187.45408231270795 13238.142364495514 383.3593080170885 12807.783056478425
62 565.3430948326385 44.0 128.8418089385181 175 172.8418089385181 12732.143691182922 0.0 12688.143691182922
19 129.8802992675028 46.5 134.11594434600508 185 180.6159443460051 13213.19845125079 297.5653080976025 12869.133143153187
75 700.3271468941929 43.5 125.67524258601236 173 169.17524258601236 12674.123131386177 0.0 12630.623131386177
24 181.67631986402358 46.5 133.8089785771864 185 180.30897857718645 13225.008168780503 270.4751802220118 12908.03298855849
91 846.1299273010465 43.0 129.10468770290896 171 172.10468770290896 12566.515275720574 0.16673064286737826 12523.348545077706
92 854.4267132430161 43.5 126.38182478679757 173 169.88182478679755 12691.056290036553 0.0 12647.556290036553
27 191.32547513687388 47.0 138.91519243135414 187 185.91519243135411 13372.884467197951 239.81572826371638 13086.068738934235
64 582.4613776926698 45.0 134.371977276782 179 179.371977276782 12994.807510964254 0.0 12949.807510964252
30 223.826045442557 47.0 140.66689097873186 187 187.66689097873186 13359.316441831756 213.44279537035126 13098.873646461403
60 556.3713767733341 45.5 133.75322698887018 181 179.2532269888702 13095.15645406801 0.390597033046447 13049.265857034963
72 679.4656576986187 45.0 135.93740807894397 179 180.93740807894397 13019.235231408664 0.48056494357729207 12973.754666465085
22 165.2550956464726 48.0 139.67279271805668 191 187.6727927180567 13584.038487536962 271.81166728011385 13264.226820256848
16 96.24058148113896 49.0 142.57756964471332 195 191.57756964471332 13805.537577908804 318.6176707510825 13437.919907157722
95 890.2339815645832 45.0 132.87746917345268 179 177.87746917345268 13030.17411612164 0.12590069115447022 12985.048215430485
35 254.74569265505835 48.5 147.51852285225644 193 196.01852285225647 13706.246950473398 201.22930834228777 13456.517642131112
5 34.874151640694905 50.0 148.9667400634267 199 198.96674006342676 13954.522382917516 370.5957510828483 13533.926631834667
79 743.8656361737552 46.0 132.94126887051436 183 178.94126887051434 13251.92098588504 0.0 13205.92098588504
70 649.1644901650467 46.5 136.41219351175675 185 182.91219351175678 13348.133003918223 0.3724718609504407 13301.260532057273
80 746.2999016186614 46.0 137.43279811881405 183 183.43279811881405 13252.430251856156 0.0 13206.430251856156
71 667.7762000259585 46.5 139.53623375780353 185 186.03623375780353 13354.829729932775 0.47386789686117936 13307.855862035914
31 231.43741156578469 49.0 145.9876256431031 195 194.98762564310312 13800.457274213131 214.11913028954635 13537.338143923585
43 361.5476261107265 48.5 141.04760266880942 193 189.54760266880942 13695.916902730512 104.01714008298637 13543.399762647527
34 250.17547223582525 49.0 142.492743251964 195 191.492743251964 13815.415276130649 209.972298446402 13556.442977684248
58 533.4688510549965 47.5 143.15229569535396 189 190.65229569535398 13535.388482856177 0.0 13487.888482856177
100 945.8181754175278 45.5 136.28405992240374 181 181.78405992240374 13133.88836931111 0.0 13088.38836931111
29 217.81135492116786 49.5 142.22682273364418 197 191.72682273364416 13913.153683531458 221.32615850606757 13642.32752502539
1 20.66955045786575 51.0 149.5106214427624 203 200.51062144276239 14150.370248270123 392.1391641410568 13707.231084129065
32 231.89065979033754 50.0 149.10077046510358 199 199.10077046510352 13997.409520047882 212.54096345065992 13734.868556597223
8 52.10173243823871 51.5 150.97356235751784 205 202.47356235751784 14246.29880833825 356.53501831907505 13838.263790019175
9 53.50337369472479 51.5 156.065099115411 205 207.565099115411 14251.063967345548 351.5383659588696 13848.025601386678
85 778.8869674928159 47.5 139.82457517620557 189 187.32457517620554 13534.741327089805 0.0 13487.241327089805
89 793.6033396772111 47.5 139.7839370726328 189 187.28393707263282 13533.732368439627 0.35271106733637225 13485.87965737229
78 738.4646780585308 48.0 146.93358125983139 191 194.93358125983139 13625.716274990496 0.0 13577.716274990495
13 78.13773320267421 52.0 156.17620234331866 207 208.1762023433187 14356.194209401492 336.30112009563993 13967.893089305853
81 747.9662347438285 48.5 143.58222731712738 193 192.08222731712735 13706.302532439417 0.0 13657.802532439415
55 503.65664471925777 50.0 146.22063593789593 199 196.2206359378959 13963.00906960427 2.0129057386079694 13910.996163865662
56 517.9940856036425 50.0 150.71944726375372 199 200.71944726375375 13959.137516472034 0.47344692028536883 13908.664069551749
20 134.61038513947634 52.0 154.95853211862843 207 206.95853211862843 14344.51378911593 286.67335774323584 14005.840431372693
57 522.0595561947663 50.5 153.50836153694902 201 204.008361536949 14032.849506818186 0.0 13982.349506818187
59 547.3026653724249 50.5 152.52098653254524 201 203.02098653254524 14037.967217953745 0.0 13987.467217953745
17 115.7642721423183 53.0 156.02548871411582 211 209.02548871411582 14502.316356381134 306.0133116218517 14143.303044759283
28 217.19185988549802 52.5 155.48286649204408 209 207.98286649204408 14405.068638081364 224.4290060610746 14128.13963202029
51 445.64580559294785 51.5 149.48876850613962 205 200.98876850613954 14188.187067106517 42.52374486491789 14094.163322241599
66 604.8698368563962 50.5 152.71884328348844 201 203.2188432834884 14033.846669894267 0.3434485987442031 13983.003221295523
61 561.7428902514317 51.0 150.80650094054144 203 201.8065009405414 14104.353657684302 0.0 14053.353657684302
93 875.236565994667 49.5 145.90048324697094 197 195.40048324697094 13806.945956923511 0.0 13757.44595692351
77 721.2853862669291 50.5 147.63001182501026 201 198.13001182501023 13998.385034504048 0.49104859154931546 13947.393985912498
69 634.8828292416932 51.0 150.36256800572062 203 201.36256800572062 14090.550213709499 0.0 14039.550213709499
82 750.6773892360579 50.5 151.15773741106506 201 201.65773741106509 13987.134641786559 0.08502409777486264 13936.549617688783
83 750.7882622595978 50.5 149.98723637709324 201 200.48723637709324 13988.68731083769 0.47415107423501013 13937.713159763454
86 784.9286638486301 50.5 154.57707433148573 201 205.07707433148573 13966.754099442389 0.0 13916.254099442389
98 927.622972391898 50.0 144.079197736146 199 194.079197736146 13838.788692299182 0.2282279064429531 13788.56046439274
21 143.28952956437809 54.0 167.34143947099267 215 221.34143947099267 14624.979283215758 296.52708897335714 14274.452194242402
76 709.0088620963078 51.0 147.83376176575854 203 198.83376176575854 14062.620673649897 0.0 14011.620673649897
49 419.65564833692986 53.0 157.28411784365514 211 210.28411784365517 14375.931455121678 64.01052766901194 14258.920927452666
65 584.3820766109108 52.0 150.85087414789098 207 202.85087414789098 14216.287263706285 0.0 14164.287263706285
42 361.0097693190525 53.5 162.92416260608155 213 216.42416260608155 14449.906273721554 105.40814002546097 14290.998133696092
97 925.0576202823127 50.5 149.40756599938706 201 199.90756599938703 13888.8373515508 0.0 13838.3373515508
47 383.30219552185054 53.5 158.6934611033228 213 212.19346110332276 14438.163338229302 98.01050941065262 14286.652828818647
48 415.012478260478 53.5 160.54225218854592 213 214.04225218854592 14418.189603638784 70.1702129493878 14294.519390689396
54 503.4268498446205 53.0 160.13460457081285 211 213.13460457081288 14340.071258234824 1.7427006132452334 14285.328557621579
96 909.2137774942348 51.0 149.39048744019993 203 200.39048744019993 13939.90754656612 0.0 13888.90754656612
87 792.060566359793 51.5 154.22983175161 205 205.72983175160996 14058.599174501041 0.34495571181082596 14006.75421878923
26 184.61416083139875 55.0 164.54475175139788 219 219.54475175139788 14690.679097351676 256.48512332437775 14379.1939740273
103 993.0317827981075 51.0 148.096506116032 203 199.09650611603195 13885.376484314573 0.0 13834.376484314573
41 356.8762113244036 54.5 162.56281442691335 217 217.06281442691335 14530.861986071002 109.84109252026326 14366.52089355074
74 698.992450146745 52.5 155.23743575998554 209 207.73743575998554 14193.43364076445 0.0 14140.93364076445
25 183.9333162410751 55.5 164.03856644664037 221 219.5385664466404 14724.658176393754 263.4885151065311 14405.669661287222
84 751.9996942627068 52.5 156.8562455461675 209 209.3562455461675 14162.91242137014 0.0 14110.412421370142
39 318.1744472495422 55.0 159.72998536090967 219 214.72998536090967 14599.653248416493 131.52390268554518 14413.129345730948
67 606.3428613891829 53.5 156.37264072693844 213 209.87264072693844 14317.831129923772 0.334859449160831 14263.996270474612
101 979.9730112822369 52.0 154.739933048915 207 206.73993304891496 13956.719411382146 0.0 13904.719411382144
102 989.5182059160925 52.5 156.40366586185803 209 208.90366586185797 13970.413045368363 0.0 13917.913045368363
37 285.17291941121954 56.5 167.00649930631448 225 223.50649930631448 14693.808210111563 167.6645487094919 14469.643661402071
12 69.02876895973704 58.0 173.62458267958436 231 231.62458267958436 14923.224489712748 351.8796824946108 14513.344807218138
23 166.26265154382716 57.5 165.47299168389029 229 222.97299168389029 14827.297045443318 265.80863593300444 14503.988409510315
63 566.9366568428877 55.5 167.47820841046448 221 222.97820841046445 14430.36567021094 0.129479097984472 14374.736191112957
73 683.2156785667407 55.0 161.97770102108024 219 216.97770102108024 14316.26290750156 0.397249644800695 14260.865657856759
68 633.975372531575 55.5 162.81794723941707 221 218.31794723941712 14376.800582916905 0.382308136914844 14320.918274779991
99 937.3504905637566 54.5 161.17754543161263 217 215.67754543161269 14079.046656632025 0.0 14024.546656632025
14 80.93446092102563 59.0 174.15755504541312 235 233.15755504541312 14939.275508967316 326.53572761765633 14553.73978134966
52 461.4916061170977 58.0 175.6750303827141 231 233.67503038271408 14574.007674468345 31.677944340768022 14484.329730127576
94 881.5004001860332 56.5 175.7085840201616 225 232.2085840201616 14162.41264062096 0.0 14105.912640620958
88 793.1685941080029 58.0 166.83053603709797 231 224.830536037098 14261.149841558328 0.28745663654456166 14202.862384921784
46 382.771076198009 61.0 179.54946781683864 243 240.54946781683861 14678.426475087503 99.03162435170236 14518.3948507358
90 796.92341306435 59.5 179.20482975740683 237 238.7048297574068 14267.273806706671 0.0 14207.773806706671
