# Cpu scheduler: rr
# Quantum: 0.1
pid arrival_time cpu_bursts_time io_bursts_time nbursts bursts_time tat ready_wait_time io_wait_time
0 6.162578710483052 60.0 28.73698035542033 3 88.73698035542033 312.5000000000038 160.53973734570897 91.96026265429182
5 25.75427239317019 60.0 35.40807163194331 3 95.4080716319433 340.6083063173274 175.84026458552717 104.76804173179767
2 6.6875715123890105 80.0 44.981471494038686 4 124.98147149403869 422.37500719812266 168.52499514893464 173.85001204918058
8 27.595596155008717 80.0 34.14724687792096 4 114.14724687792096 488.74897417347927 202.9691153477643 205.7798588257052
6 26.171304408499896 100.0 50.17895223273 5 150.17895223273 570.8444806518116 216.72312565816281 254.12135499363606
21 201.89988836382338 39.0 115.0096833676371 78 154.00968336763708 10720.977175380825 6.4437491640472615 10675.533426216702
26 289.48911533122526 40.0 115.36489515437115 80 155.36489515437114 11185.441299584194 6.306004823308172 11139.135294760803
9 37.94728801303663 46.5 136.00774046193285 93 182.50774046193288 11552.407989483918 51.90874493609309 11453.999244547738
23 233.7045755442878 41.5 118.24033869322119 83 159.7403386932212 11528.317453874863 9.00750793207871 11477.8099459427
33 356.3128737533818 41.0 124.20219844335452 82 165.2021984433545 11541.290165979965 4.132451478552582 11496.157714501325
103 1111.6599745192525 37.5 108.6636591942679 75 146.1636591942679 11024.986725581894 0.3999999999996362 10987.086725581805
66 719.7575502921213 40.5 116.98518412158467 81 157.48518412158467 11745.23785007496 0.10000000000002274 11704.637850074865
30 339.23000116580005 43.5 131.36348071870583 87 174.86348071870583 12231.667568746298 5.408018499037155 12182.759550247163
56 624.4539986385595 41.5 125.72140897070115 83 167.22140897070113 11967.370242171379 0.05966844724923703 11925.810573724031
18 181.15651549164826 45.5 132.64493933357417 91 178.14493933357414 12572.062972402824 7.851861064666394 12518.71111133806
4 12.418437788634938 53.5 163.5746702076677 107 217.07467020766774 12801.648587540041 61.754147234920474 12686.39444030502
78 841.4050493177514 41.5 121.28492514653038 83 162.78492514653038 12086.362435610128 0.2475682357611504 12044.614867374266
15 167.10436791209324 46.5 139.48338047125102 93 185.983380471251 12819.644933480564 11.662410214040477 12761.482523266423
7 26.5758930854562 52.5 155.3501690917177 105 207.8501690917177 12989.271470398753 58.36785871357704 12878.403611685073
64 701.4751663535627 43.0 130.38313554045797 86 173.383135540458 12418.00524573898 0.5000000000001137 12374.505245738874
49 567.1683459156937 44.0 130.4000895882592 88 174.40008958825922 12572.3426943791 0.9474391446111667 12527.395255234385
70 761.1182886858584 43.5 127.90579763116314 87 171.40579763116313 12577.33924164868 0.20000000000004547 12533.639241648576
25 285.1706190774694 47.0 138.59405135153983 94 185.59405135153978 13109.541827027326 7.503150475745713 13055.038676551472
11 74.10693314819284 51.0 148.90479537383194 102 199.90479537383197 13408.345612761594 30.607751322055748 13326.737861439427
48 545.4508026874204 45.5 131.78618936515713 91 177.28618936515713 12957.686303789485 0.20060448338767856 12911.985699305988
3 11.71909399144949 56.5 166.7996364190351 113 223.29963641903507 13516.160056862036 61.231636985149905 13398.428419876776
38 441.3803292060027 46.5 137.332259208601 93 183.832259208601 13112.495439205692 0.6583852151438805 13065.337053990437
17 171.035308597203 49.0 144.21308174028803 98 193.21308174028803 13468.694242558313 11.667337219648914 13408.026905338553
22 208.37468019698397 49.0 139.02397736571538 98 188.02397736571538 13482.202274347424 6.900530168680149 13426.301744178632
62 679.1288871551866 45.5 134.83153864774104 91 180.33153864774107 13031.247213702713 0.40000000000009095 12985.347213702602
12 76.50440719833739 52.0 151.0605651596868 104 203.0605651596868 13666.273963894271 30.444124210213033 13583.829839683945
1 6.162578710483052 58.0 173.3138154252461 116 231.31381542524616 13748.145913348388 63.44455778411421 13626.70135556416
44 519.1880768312598 47.0 137.48513478635365 94 184.48513478635363 13259.395351647894 1.0370281068024951 13211.35832354098
95 1044.9760786376924 44.5 127.19283602850703 89 171.69283602850703 12825.23813101139 0.49999999999954525 12780.238131011278
100 1100.2951673416817 44.5 131.37079809525324 89 175.87079809525324 12825.198020572534 0.09999999999990905 12780.59802057242
52 607.5272220648196 47.0 139.18804681660632 94 186.1880468166063 13326.584582085803 0.0 13279.58458208569
74 770.6967732667957 46.0 132.5824188764359 92 178.58241887643587 13176.91163370114 0.09999999999990905 13130.811633701025
90 1009.3493457920292 45.0 130.2049870613169 90 175.2049870613169 12956.22087149878 0.6526934514502045 12910.568178047211
69 751.4841061947485 46.5 141.92362682922106 93 188.4236268292211 13267.153714584685 0.20000000000004547 13220.45371458457
71 765.6120075470932 46.5 136.3093539224578 93 182.8093539224578 13277.66758190239 0.85325470271016 13230.314327199563
54 609.1836013497136 47.5 138.5818660440458 95 186.0818660440458 13441.492103940174 0.28486889761666134 13393.707235042439
34 358.8731672207836 49.5 147.41269390409798 99 196.91269390409798 13720.862329485895 5.539565607781583 13665.822763877994
28 309.9560737652579 50.0 149.91222100094177 100 199.91222100094177 13798.154427373802 3.1806087801464855 13744.973818593535
86 953.6384305555279 46.0 139.40005093397934 92 185.40005093397934 13162.668136301794 0.3000000000000682 13116.368136301675
51 606.247121568675 48.0 145.67964730890472 96 193.67964730890475 13532.470492120092 0.5707149904135349 13483.89977712956
32 340.6240046372571 50.0 144.40643193121448 100 194.4064319312145 13822.823303840047 4.892899608159041 13767.930404231765
94 1032.1879693683852 46.0 135.15663933165993 92 181.15663933165993 13146.819421212782 0.4859565315241525 13100.333464681138
43 509.8954701558565 49.0 151.14987457009624 98 200.14987457009624 13671.793120052344 1.6259461232989452 13621.167173928923
92 1010.8339704644515 46.5 132.1248826571842 93 178.62488265718423 13248.638436479589 0.4440938502668814 13201.6943426292
85 928.6159590748578 47.0 140.3706031413846 94 187.3706031413846 13348.432754643723 0.10000000000002274 13301.332754643601
36 395.3806584290731 50.5 150.7582753040547 101 201.2582753040547 13903.649422901732 2.58207018407262 13850.567352717535
40 464.5580951215956 50.0 147.47162547249556 100 197.47162547249553 13839.418525323188 1.36975659509028 13788.048768727975
31 340.4377309384394 51.0 150.92016085474856 102 201.92016085474856 14000.094818065409 5.349919451032179 13943.744898614252
82 895.7527275886093 47.5 139.78514904719515 95 187.28514904719518 13446.370216420639 0.9000000000002046 13397.970216420514
97 1071.0010765539764 47.0 139.41668219854424 94 186.41668219854424 13305.642572631936 0.49999999999954525 13258.142572631814
39 447.7779630439663 50.5 149.0920299278887 101 199.59202992788866 13930.347318259224 1.2582465454219118 13878.589071713677
42 482.44917973621386 50.5 149.40210061844107 101 199.90210061844107 13931.750155635136 2.5953905922670515 13878.654765042742
63 688.3268191490648 49.0 146.71364244751277 98 195.71364244751277 13727.08006634432 0.43960051100350483 13677.640465833192
60 659.0443018761889 49.5 146.38918733628665 99 195.88918733628668 13793.514916595608 0.23620131871132344 13743.778715276772
35 374.3063690738421 52.0 157.0236839187341 104 209.0236839187341 14138.597370876609 2.061054199837031 14084.536316676644
68 750.8428004128533 49.5 145.93371558196466 99 195.43371558196463 13776.813722579793 0.0 13727.313722579665
29 332.6891809342205 52.5 158.7324918782365 105 211.23249187823646 14201.973626035515 3.598630645417529 14145.874995389968
99 1097.6651792723183 48.0 143.64591839552125 96 191.64591839552125 13443.645389878488 0.2784869106515089 13395.36690296771
73 768.7417896453254 49.5 146.25039037375458 99 195.75039037375456 13783.797136928597 0.10722653115226422 13734.189910397316
41 466.8175773326862 52.0 155.84306414939272 104 207.84306414939275 14131.322514160376 1.0140530015670493 14078.30846115868
45 533.1957254877756 51.5 150.8517367381532 103 202.3517367381532 14069.452347268172 0.0 14017.952347268043
10 68.746299451554 57.5 174.59277801635173 115 232.09277801635176 14564.453564113637 34.627747633296636 14472.325816480208
19 182.3287058311855 54.5 163.73471122574364 109 218.2347112257437 14454.284440132682 7.978266074522452 14391.806174058029
87 959.4973563960767 49.5 144.3902457556066 99 193.8902457556066 13699.157888611579 0.26596880364900244 13649.3919198078
104 1118.8583213498293 49.0 145.13136621555668 98 194.1313662155567 13556.403211737968 0.011870592927834878 13507.391341144907
16 167.4051168993604 55.0 161.8902134397899 110 216.8902134397899 14513.64859779071 12.616289145263522 14446.032308645314
84 924.6731794782582 50.5 148.54626274292346 101 199.04626274292346 13818.353633198045 0.6765469179243837 13767.177086279988
14 157.79341868634114 56.0 165.83454757559554 112 221.83454757559554 14607.641472310002 7.645444798748514 14543.996027511117
46 534.9131675383485 53.0 153.01654131094713 106 206.0165413109471 14235.123777304048 0.16905413423421578 14181.95472316968
65 707.220157148224 52.0 148.4330167610349 104 200.43301676103493 14082.364540625184 0.10000000000002274 14030.264540625047
50 583.4543496722853 53.0 155.99552673924313 106 208.9955267392431 14215.997432849299 0.7769117144749771 14162.220521134686
13 77.29152081651102 59.0 170.3807334124142 118 229.3807334124142 14756.93378201375 30.235947454223876 14667.697834559387
27 297.73986349225464 55.5 168.69226429575593 111 224.1922642957559 14545.887708143362 4.031032834386508 14486.356675308836
67 734.7141407118137 52.5 160.57094765486363 105 213.07094765486357 14112.948145158452 0.0 14060.448145158314
102 1108.1972442916003 51.5 155.03003719008214 103 206.53003719008217 13796.271128751 0.09999999999990905 13744.67112875086
72 765.6537523712964 53.0 152.33005563874488 106 205.3300556387449 14139.931102276998 0.8153859430752846 14086.115716333781
89 984.8084006186576 52.0 156.26197452626175 104 208.26197452626175 13924.015174088998 0.20000000000004547 13871.815174088857
91 1009.7095410032264 52.0 154.52759969963634 104 206.52759969963634 13905.783528269489 0.49249824025309863 13853.291030029093
77 819.3346358081046 53.0 156.5610283558708 106 209.56102835587075 14103.320921522798 0.4673635486039984 14049.853557974053
37 403.93035084721674 56.0 164.00894733755558 112 220.00894733755564 14541.160963142804 3.0796823074058466 14482.081280835255
57 654.5943433296914 54.5 158.8671599097854 109 213.36715990978544 14304.109247696137 0.0 14249.609247695993
98 1086.9945234353052 52.5 156.8767666839052 105 209.3767666839052 13881.957913922655 0.49999999999954525 13828.957913922513
88 968.1005106226323 53.0 152.10692167757463 106 205.10692167757463 14003.581545433375 0.5000000000001137 13950.081545433231
83 921.3690439325895 53.5 161.5913363423327 107 215.09133634233268 14063.293602761836 0.0 14009.79360276169
24 245.50589201546697 58.0 177.75709490665986 116 235.7570949066599 14742.21149161615 5.379439155423313 14678.832052460579
75 792.4060971561004 54.5 169.38223642207848 109 223.88223642207848 14212.107120232105 1.2382652254618733 14156.368855006498
20 184.40886667422717 59.0 178.56468084635628 118 237.56468084635625 14824.983120221988 7.149766454498831 14758.83335376734
58 655.2086834609636 55.5 171.36406140452453 111 226.86406140452448 14355.82787025484 0.4251483674673864 14299.902721887225
53 608.4353317062914 56.0 159.0750539329176 112 215.0750539329176 14415.38230557911 0.43313854103871563 14358.949167037923
55 614.0687350463411 56.0 167.00482134795945 112 223.00482134795942 14413.035897676671 0.2968484750722382 14356.73904920145
76 799.143016433869 55.0 160.4941061241314 110 215.4941061241314 14229.246085449253 0.007332879629757372 14174.238752569474
93 1021.1668698593836 54.0 165.09160391208252 108 219.09160391208255 14008.400346346058 0.5000000000001137 13953.900346345908
80 854.197646485315 55.5 166.09414736451592 111 221.59414736451592 14194.756299481514 0.0 14139.256299481363
79 844.4917921716382 56.0 168.00809900202458 112 224.0080990020246 14216.144594260782 0.36275441280702125 14159.781839847823
81 864.1708435102144 56.0 169.15451404532703 112 225.15451404532706 14199.729789704303 0.0 14143.72978970415
59 656.4609986283083 58.0 171.31160142487843 116 229.31160142487843 14418.748178164298 0.10000000000002274 14360.648178164141
96 1066.5602844955945 56.0 164.88504500112424 112 220.8850450011243 14010.258219836724 0.0 13954.258219836567
61 662.3749076838141 59.5 182.84564126158412 119 242.3456412615841 14428.547630719404 0.3000000000000682 14368.747630719241
47 536.4139786519021 61.0 181.25937047411296 122 242.25937047411293 14560.260658699359 0.19078186571414335 14499.069876833479
101 1100.7141870861376 62.5 185.23214925946712 125 247.73214925946712 14013.175720089746 0.5809802555431816 13950.094739834023
