# Cpu scheduler: rr
# Quantum: 0.1
pid arrival_time cpu_bursts_time io_bursts_time nbursts bursts_time tat ready_wait_time io_wait_time
0 1.9877988169375413 20.0 0.0 1 20.0 41.500000000000334 21.50000000000025 0
2 14.895238343834281 60.0 36.71771122564185 3 96.71771122564185 261.17812900444835 97.32568557825866 103.85244342618745
6 38.51338486989143 60.0 33.277762792064046 3 93.27776279206404 319.6784099185265 124.64791095720855 135.03049896131537
5 37.32936373749778 80.0 44.19971390732263 4 124.19971390732263 395.45988451738583 116.95843507944127 198.5014494379375
7 47.72802706423904 100.0 49.94192951939904 5 149.94192951939903 566.9804397500891 149.01197092331492 317.9684688267628
3 25.896274196880974 46.0 135.93884202917857 92 181.93884202917866 11010.731518612845 42.71161545328789 10922.019903159478
9 56.264996127630624 43.5 131.094016586708 87 174.594016586708 11317.321479556635 30.336079025767624 11243.485400530786
19 135.9040864330902 42.0 125.79620352560072 84 167.79620352560073 11735.046066063722 5.986421842514147 11687.05964422112
1 1.9877988169375413 54.0 160.98713597657138 108 214.98713597657138 12137.289556667449 50.62473911442161 12032.664817552937
51 476.36838098514204 41.0 119.83715713836918 82 160.8371571383692 11865.655746792281 1.1725950267718872 11823.483151765417
4 36.948815270584205 49.0 143.6931802070439 98 192.6931802070439 12391.741859025165 37.11346063171949 12305.628398393352
31 234.4574378865944 43.0 122.92867559322671 86 165.92867559322673 12232.206179048884 2.177699087938322 12187.02847996085
54 502.05369711053197 41.5 123.95373988113462 83 165.45373988113462 12041.609107398612 0.8841316510614661 11999.224975747456
17 122.47115966999915 44.5 127.85699597935616 89 172.35699597935616 12452.676560540156 5.488184865294315 12402.688375674768
22 152.02579720142975 44.5 131.06508068516004 89 175.56508068516 12543.347509951134 5.260790748083934 12493.586719202953
41 383.0581699619917 43.0 128.56784279941067 86 171.56784279941064 12354.997114421052 0.9664637088588393 12311.030650712095
21 144.10599037390398 45.0 134.22619217837848 90 179.22619217837845 12640.476465589107 7.306292732383099 12588.170172856624
42 394.7676278441951 44.0 126.74193371338582 88 170.74193371338583 12607.35501505512 0.5415557372203921 12562.813459317798
79 711.8762275368866 43.0 128.74157382623 86 171.74157382623 12530.332126352496 0.15024309304158123 12487.181883259349
44 400.6711115058301 45.0 137.1491518860857 90 182.1491518860857 12878.007116153627 1.5212063013502757 12831.48590985217
35 276.60694924299696 46.0 137.82534125529062 92 183.82534125529065 13054.697666301181 3.112789248168724 13005.584877052908
78 700.0972910958791 43.5 128.3340248345013 87 171.83402483450124 12664.110679095671 0.1736462305590294 12620.437032865007
49 443.7842121652051 45.0 130.3771552547262 90 175.37715525472623 12927.801038606653 0.0 12882.801038606545
37 322.5721943997926 46.0 135.97060281572286 92 181.97060281572288 13083.196527514487 1.4338727463148757 13035.762654768063
104 1004.8907739995759 42.5 126.45356012935544 85 168.95356012935542 12420.123603004755 0.3215619002356789 12377.30204110441
94 885.0254986403947 43.5 131.0105211707366 87 174.51052117073658 12667.434476513126 0.10000000000002274 12623.834476513017
8 56.167037009183275 51.5 154.58891756637001 103 206.08891756637001 13507.522652487274 29.98030945098838 13426.042343036177
10 65.14781130425665 51.0 146.397837844831 102 197.39783784483097 13541.999075273456 24.05674944229662 13466.942325831049
25 173.10237126844183 48.0 141.70531025798917 96 189.7053102579892 13453.249118133193 4.005033596856293 13401.244084536225
15 108.4534532929158 49.0 145.93687762470745 98 194.93687762470745 13550.356113701124 10.423695580783814 13490.932418120228
57 541.7169300757461 46.0 139.12540720515884 92 185.12540720515887 13216.779593729054 0.0 13170.779593728941
12 96.78367462232625 50.0 150.72564252331273 100 200.72564252331276 13672.735369390564 14.011837315809615 13608.72353207464
59 581.214815506021 46.0 137.5759254146136 92 183.57592541461366 13206.520807942448 0.0 13160.520807942336
72 680.9292782248517 45.5 129.92630847323426 91 175.4263084732343 13122.704387740205 0.10000000000002274 13077.104387740093
85 786.3605456768532 45.0 132.971893909126 90 177.97189390912598 13018.314306272909 0.5000000000001137 12972.814306272796
11 80.06114162861124 51.0 151.11926007972477 102 202.11926007972477 13741.114883953496 17.985336640263938 13672.12954731312
48 424.15081321242025 47.5 147.16043681832357 95 194.6604368183236 13487.009474558574 1.8344403813044323 13437.675034177155
50 459.68033502193725 47.5 134.08085353356924 95 181.58085353356927 13495.230291938355 0.5606409899727396 13447.169650948268
30 231.9884610547464 49.0 151.00757094415354 98 200.00757094415354 13732.722678146627 2.9247199207288475 13680.797958225781
87 796.9505358059216 46.0 134.51000218778884 92 180.5100021877888 13227.958861892905 0.0 13181.958861892788
91 851.8012895743178 46.0 134.04571753702945 92 180.04571753702947 13218.683602635805 0.2930348681891246 13172.390567767497
27 187.5706219522878 50.0 148.58413202501387 100 198.58413202501384 13892.102503684262 3.5576760170972648 13838.544827667045
98 933.4679961227782 46.0 135.76565857407707 92 181.76565857407707 13198.133396716063 0.18034712267615305 13151.953049593269
82 723.7220479733734 47.0 144.4937705154462 94 191.49377051544613 13432.043160223255 0.0 13385.043160223135
90 851.0943244425067 46.5 141.4804836699077 93 187.98048366990767 13309.420209006737 0.40000000000009095 13262.520209006618
43 396.7432297474095 49.0 143.3823893433772 98 192.3823893433772 13766.471643853884 1.3006140961620076 13716.171029757601
45 403.4365939741665 49.0 145.2542904338586 98 194.2542904338586 13765.531247217954 1.9026421112720868 13714.628605106562
61 583.9493982670863 48.0 144.17648759882192 96 192.1764875988219 13609.85089541264 0.7590685472350742 13561.091826865284
20 136.1748886620765 51.5 153.74926895672905 103 205.24926895672905 14099.072593300187 6.285709211882704 14041.286884088186
102 979.5429904080709 46.5 136.68179826804297 93 183.18179826804294 13271.773375280878 0.27254685476668783 13225.000828425987
26 178.36109656807707 51.0 153.92662733208147 102 204.9266273320815 14077.856852802955 4.413529568215779 14022.443323234616
75 689.772337638297 48.0 135.44389583702363 96 183.4438958370236 13609.8495846774 0.592836568698317 13561.256748108579
99 955.9985837403532 47.0 138.83087236331644 94 185.83087236331642 13362.90470230214 0.21729677189648555 13315.68740553012
24 168.43488137869144 51.5 155.33042710676273 103 206.83042710676273 14153.566270385445 3.464635783513586 14098.601634601808
100 963.0768032599075 47.0 141.28497029408493 94 188.28497029408493 13362.598477005122 0.20000000000004547 13315.398477004997
46 406.33426937002474 50.0 151.31728625077326 100 201.31728625077324 13930.548184389187 1.8174372501114249 13878.730747138952
71 672.220459285779 48.5 144.10722264064754 97 192.60722264064754 13686.690797358968 0.0 13638.190797358844
101 978.2553880287302 47.5 142.0658458029805 95 189.5658458029805 13429.930018770776 0.2000210121177588 13382.229997758534
74 689.407686102414 49.0 144.58187797917313 98 193.5818779791731 13761.7602931616 0.2574881045811708 13712.502805056893
76 693.3164582914136 49.5 146.68594573670543 99 196.18594573670543 13833.797680611158 0.39040073254420804 13783.907279878487
18 126.56684281311485 53.5 156.57966799172476 107 210.0796679917247 14409.939411061212 4.76649501177414 14351.67291604931
89 822.0258879119517 49.0 139.4852644162767 98 188.48526441627672 13717.218357113597 0.0 13668.21835711347
29 231.76547060300456 52.5 153.53224046207936 105 206.03224046207936 14315.521414129013 3.814244156533647 14259.20716997235
69 663.2257838084199 50.0 149.5062212536432 100 199.5062212536432 13905.188783083906 0.6716594890599481 13854.517123594716
84 768.8367190060353 49.5 150.7424943883666 99 200.24249438836665 13806.30372387249 0.40870406976512186 13756.395019802596
16 117.22105983104683 54.0 158.05990106239332 108 212.05990106239332 14483.409009136272 6.399438546171069 14423.009570589971
92 878.3797940852654 49.5 145.61613740206178 99 195.11613740206178 13747.189162068818 0.0 13697.689162068687
70 667.7566982576188 50.5 152.00786925150643 101 202.5078692515064 13965.989208737532 0.0 13915.489208737401
55 517.4774964284545 51.5 152.33200752204942 103 203.8320075220494 14144.271624522566 0.5555142622722542 14092.216110260162
36 300.4942943906233 53.5 162.23251312615344 107 215.73251312615346 14420.972524201703 1.6665836665771394 14365.805940534992
34 273.55447858247584 54.0 159.59396038773252 108 213.59396038773255 14476.873584106817 2.9988188899644115 14419.874765216717
95 917.3855715985519 50.5 149.70316257055393 101 200.2031625705539 13836.183735459696 0.3000000000000682 13785.383735459562
96 927.9289671700965 50.5 151.8240086968898 101 202.3240086968898 13831.842952497042 0.0 13781.342952496909
80 714.6938017775279 51.5 152.73209004563205 103 204.23209004563205 14054.709317573986 0.4512689561146317 14002.758048617738
53 489.22726904012603 53.0 160.06687091840422 106 213.06687091840422 14297.486950329301 1.1137069717908048 14243.373243357373
65 618.5713022404606 52.5 155.0633761473241 105 207.5633761473241 14196.812947773838 0.15714872158196158 14144.15579905212
103 983.2717492902445 51.5 155.91719547186378 103 207.41719547186375 13883.34673550433 0.20000000000004547 13831.64673550419
67 658.0119107613441 53.0 159.961588879628 106 212.96158887962804 14215.439400148252 0.0 14162.439400148112
38 345.6813695728652 55.0 161.09057268229142 110 216.09057268229142 14529.922333082126 3.415438729180721 14471.506894352804
28 214.59824483288875 56.0 162.66301281643652 112 218.66301281643655 14679.354884173837 4.345311835007692 14619.00957233869
97 932.4862914732589 52.0 154.92554429204745 104 206.92554429204742 13967.795085788237 0.0 13915.795085788097
77 694.9154088933607 53.0 157.9514544625663 106 210.9514544625663 14207.295909589357 0.7000000000001592 14153.595909589216
40 373.2683005321779 55.0 162.48948120246354 110 217.4894812024635 14532.702752580286 0.7234942562436117 14476.979258323903
47 419.52197059351164 55.0 160.05150510539514 110 215.05150510539514 14507.918126714907 1.4039307906319323 14451.514195924134
63 593.4160261131842 54.0 156.49516279174387 108 210.4951627917439 14335.956508625613 1.4528810702522605 14280.50362755522
14 99.87751757500831 58.0 178.9934542687137 116 236.99345426871372 14832.636452819792 11.85543781209985 14762.78101500755
32 240.8964484377665 56.5 164.2924937074037 113 220.7924937074037 14704.383585995709 2.5223729113022273 14645.361213084261
93 882.2011914438194 53.5 155.59590070551442 107 209.09590070551442 14098.63468775684 0.5000000000001137 14044.634687756694
58 572.6033333626075 55.0 162.52719010072587 110 217.52719010072587 14409.918149895173 0.0814867898313878 14354.836663105196
64 602.7964452638982 55.0 163.9963837657969 110 218.9963837657969 14390.885128918646 1.4120215504275393 14334.473107368072
86 795.6816049368647 54.5 159.0899880056521 109 213.58998800565206 14217.701336728178 0.0 14163.20133672803
23 157.63993852048014 58.5 174.77660749780645 117 233.27660749780642 14859.280984109784 3.9251896401359545 14796.855794469502
56 540.2635923736773 56.0 165.38645395141043 112 221.38645395141043 14481.196165047 0.20000000000004547 14424.99616504685
52 485.0717552713059 56.5 169.39330375326182 113 225.89330375326182 14538.362963289463 0.9692207406099556 14480.893742548704
62 585.1877665858386 56.0 164.00652751861793 112 220.00652751861793 14445.340693124093 1.1207002284830878 14388.219992895461
88 798.0902918499369 55.0 164.2456117311953 110 219.24561173119537 14238.498138104627 0.39029768418083677 14183.107840420298
81 721.0539564140819 56.0 165.3404347345119 112 221.34043473451186 14331.932294388811 0.37185328342411594 14275.560441105234
73 685.942745023317 56.5 169.28392631955788 113 225.78392631955788 14378.725373828762 0.40000000000009095 14321.825373828608
68 658.7803190242349 57.0 163.0299872710799 114 220.02998727107993 14410.983156089873 0.3000000000000682 14353.683156089717
60 581.9765356574368 57.5 173.36886143399255 115 230.86886143399255 14490.601186184527 0.5000000000001137 14432.60118618437
39 352.08679818361566 59.0 171.39739666424708 118 230.39739666424708 14722.950781421603 3.153877430287821 14660.79690399116
13 98.35694154196075 62.5 189.95218640880668 125 252.45218640880665 14987.748396478912 13.308485678988916 14911.939910799765
33 255.54347253071475 61.5 185.96701102618277 123 247.4670110261828 14839.147684702139 3.9708848354566157 14773.676799866518
83 751.3692625954517 63.5 187.32647743181823 127 250.82647743181823 14374.072035445202 0.0 14310.572035445022
66 628.5798362533924 67.0 195.8424103217776 134 262.84241032177766 14507.714698981123 0.3628883549272359 14440.351810626003
