# Cpu scheduler: rr
# Quantum: 0.1
pid arrival_time cpu_bursts_time io_bursts_time nbursts bursts_time tat ready_wait_time io_wait_time
2 14.799683679293338 20.0 0.0 1 20.0 115.4699021987312 95.46990219873162 0
6 27.957742554602444 40.0 17.118978944077007 2 57.11897894407701 199.99076056140765 113.98282178126993 46.007938780139625
5 26.40965283178499 60.0 29.919426622363552 3 89.91942662236356 285.1875563041476 128.72689882521843 96.46065747892655
8 39.82650590819362 100.0 56.53680045451161 5 156.5368004545116 531.8842437398772 141.0430799698362 290.8411637700293
0 9.96958587802766 120.0 83.52711409031855 6 203.52711409031855 628.7432239807898 155.05842800408755 353.6847959766861
4 25.425175114716126 45.5 135.52080873647157 91 181.02080873647157 11039.757717658553 54.95290394299863 10939.304813715478
22 207.43018519491218 43.0 123.79868263742952 86 166.79868263742952 12211.53515782762 4.206829074628558 12164.328328752898
20 192.44707546497844 43.5 131.41802452199724 87 174.91802452199724 12357.504508320497 2.9772141764142077 12311.027294143987
46 440.153707286545 42.0 125.41378303516672 84 167.41378303516672 12208.561233741706 1.407453125056918 12165.153780616552
10 55.93059562265267 48.5 141.95638773511052 97 190.45638773511055 12682.082699935027 38.31983801133407 12595.262861923597
57 534.682983957626 42.0 124.50249814865033 84 166.50249814865037 12274.829991299035 0.5450598325503506 12232.284931466385
12 88.95318266136316 47.0 138.66132725251333 94 185.6613272525134 12777.829046680214 22.115509731233985 12708.713536948882
52 508.93275271921544 42.5 122.37550672272565 85 164.87550672272567 12396.74967864164 0.956075697865117 12353.293602943677
13 130.65180829110332 46.0 139.24512105797447 92 185.2451210579745 12803.967762166825 9.640994381269223 12748.326767785453
43 403.6823265272438 43.5 126.97482032611391 87 170.4748203261139 12593.79009237316 0.8187873343382535 12549.47130503872
14 136.18798771258906 46.5 140.22585054281257 93 186.72585054281254 12966.950483924795 10.305121232261712 12910.145362692429
78 787.7946796923376 42.5 126.12534700576758 85 168.6253470057676 12494.462128567528 0.10000000000002274 12451.862128567423
3 24.18975932401555 53.5 157.3616751562157 107 210.8616751562157 13273.555155954165 55.80771187880234 13164.24744407526
7 37.439737526954815 52.0 154.851752280379 104 206.851752280379 13272.095632865437 47.87294806509795 13172.222684800236
16 148.4870854022342 47.0 138.9055395550569 94 185.90553955505692 13162.069263534151 7.076147317558053 13107.993116216488
70 652.4873668406908 43.5 127.50244867412944 87 171.00244867412943 12719.187480225472 0.0 12675.687480225366
18 175.0782741457943 47.5 141.47373022293073 95 188.97373022293073 13420.41556576311 4.1461053134073325 13368.769460449595
99 963.8679923503494 43.0 122.99483828219624 86 165.99483828219627 12648.675467633557 0.40000000000009095 12605.275467633448
72 714.525759686221 44.5 138.42108688233216 89 182.9210868823322 12995.466084613456 0.5149362093626451 12950.451148403985
1 9.96958587802766 57.5 175.43592567968207 115 232.93592567968207 13755.56769809053 60.341967869391404 13637.725730221026
96 935.1949207905004 44.0 131.7898637769769 88 175.7898637769769 12890.610323181714 0.40000000000009095 12846.210323181604
56 532.7913231040434 46.5 139.8930348864221 93 186.39303488642213 13434.142763425032 0.5053964046790043 13387.13736702024
85 837.6860815306281 45.0 133.02218787923488 90 178.02218787923488 13131.091746091215 0.0 13086.0917460911
41 379.4024179481443 47.5 142.09281893657527 95 189.59281893657527 13592.565237578026 2.9173920689069064 13542.147845509004
17 151.37821896405882 49.5 149.62276173839382 99 199.12276173839388 13833.08381616527 7.523240278955569 13776.060575886198
80 791.3569577749827 45.5 134.525372053209 91 180.02537205320897 13240.413709237684 0.10000000000002274 13194.81370923757
92 909.9969348944924 45.0 133.22941667715367 90 178.22941667715372 13130.411984380791 0.5000000000001137 13084.911984380677
48 450.31112145552527 47.5 141.49404237439086 95 188.99404237439086 13638.807631793887 1.6785458830341327 13589.629085910734
76 777.6631538211702 46.0 134.6956681115529 92 180.69566811155283 13345.431986827522 0.0 13299.431986827403
89 892.1898304376714 45.5 134.42311012582476 91 179.92311012582476 13238.13450078358 0.7610071589107292 13191.873493624553
53 514.4698508266147 47.5 143.27180170457288 95 190.77180170457285 13657.243001800285 0.8743525821981848 13608.86864921797
54 516.0370218694767 47.5 143.50377943666925 95 191.00377943666925 13663.518056753957 0.9125251819751838 13615.105531571864
42 383.2360104251802 48.5 150.05757604474493 97 198.5575760447449 13820.144855602899 1.5014787686531008 13770.143376834127
29 262.46884392118255 49.5 146.7289479607781 99 196.2289479607781 13956.983627100959 2.338983653183959 13905.144643447657
50 496.5465221438944 48.0 136.05052018678649 96 184.05052018678646 13743.1392259781 1.1301136682468496 13694.009112309735
79 790.1818398117945 46.5 137.4258677765058 93 183.92586777650584 13455.73511409451 0.0 13409.235114094392
81 796.4984345804646 46.5 137.7637677407943 93 184.26376774079432 13458.628675501344 0.14802190040518326 13411.980653600822
11 85.75895854270561 53.0 159.71946779956164 106 212.71946779956164 14190.02116819139 24.029982558442313 14112.991185632829
27 250.28872378309038 50.0 145.73867570261993 100 195.73867570261996 14048.832739488733 2.99826049651125 13995.834478992101
15 140.42617107928226 51.5 154.03373770051022 103 205.53373770051022 14184.151721952325 9.73182514554901 14122.919896806654
9 50.65131573183953 55.5 166.81183404981792 111 222.3118340498179 14301.206354221198 40.88121705378373 14204.825137167294
103 1034.5154023286568 46.5 136.24797353988947 93 182.74797353988947 13398.866834888246 0.49999999999954525 13351.866834888126
66 614.827467139438 48.5 146.6843256651733 97 195.18432566517328 13833.812638544296 1.5853427193744665 13783.727295824798
84 830.7129150495747 47.5 149.50381238595753 95 197.0038123859576 13635.213031672141 0.0 13587.713031672018
68 646.2366453808164 48.5 146.4924085021424 97 194.99240850214238 13832.74627010323 0.0 13784.246270103105
21 198.5423533025505 51.5 154.5565791371313 103 206.05657913713128 14292.923015755598 3.6856216949920793 14237.737394060483
62 574.9004181319841 49.0 148.61814417834367 98 197.6181441783437 13928.653664301402 0.5000000000001137 13879.153664301277
49 463.41831635733905 50.0 145.53060171012748 100 195.53060171012748 14100.68864356416 0.5640133907733116 14050.124630173263
33 287.0448290757709 51.5 154.15703000292845 103 205.65703000292848 14318.604769112955 3.528521508421818 14263.576247604407
83 809.7235294800348 48.5 140.82856534038288 97 189.32856534038285 13801.718283677386 0.0 13753.21828367726
25 236.59557782556354 52.0 151.3763087366507 104 203.37630873665069 14389.338410359196 3.2242451220580506 14334.114165237008
24 233.46377164135396 52.5 154.34253152407447 105 206.8425315240745 14460.785410129509 5.152830773601664 14403.13257935578
47 445.2640936105644 51.0 147.4800016521169 102 198.48000165211687 14258.141512040911 1.429700281756027 14205.711811759025
19 175.1703032020906 53.0 157.60943852945212 106 210.60943852945212 14530.075965717731 4.248464332009007 14472.827501385591
60 558.4159577702721 50.5 145.13785433746253 101 195.63785433746256 14162.697558426511 0.994791877795933 14111.202766548586
101 985.878445783171 48.5 136.3490854251785 97 184.84908542517846 13736.800773739113 0.3000000000000682 13688.000773738984
61 571.6512158681221 50.5 148.09715951148232 101 198.5971595114823 14161.804854220267 0.45953377994885614 14110.845320440187
34 294.37635157365287 52.5 157.1373370225972 105 209.63733702259717 14479.147898521924 2.7000379713203984 14423.947860550472
26 246.25730424882292 53.0 158.91597369490088 106 211.91597369490086 14531.452750707396 3.1801459657832254 14475.272604741482
28 251.18114734096528 53.0 154.4955984286863 106 207.49559842868626 14534.564617846436 2.248080108448363 14479.316537737855
35 310.00331442141646 52.5 157.4539202149162 105 209.95392021491617 14478.67477805245 1.6138812260377904 14424.560896826279
75 776.3677267397662 50.0 150.25915423857862 100 200.25915423857865 14024.269002260824 0.0 13974.269002260693
23 232.33033861318287 53.5 155.45561201913625 107 208.95561201913628 14593.901341318793 3.9490747634396826 14536.452266555223
104 1064.1257304216526 49.0 148.07407501147145 98 197.0740750114715 13763.977475765578 0.0 13714.977475765447
39 347.05967985450326 53.0 158.15689550060603 106 211.15689550060603 14514.083765958101 1.4505518838849412 14459.633214074083
94 918.9853745461231 50.0 148.31573774716594 100 198.31573774716594 13958.011862940513 0.8451630780053847 13907.166699862375
67 619.0131305138848 51.5 151.478930089153 103 202.97893008915298 14261.834113775436 0.9996793449284951 14209.334434430375
55 517.9714811562396 52.0 156.40476646109207 104 208.40476646109207 14367.967287413792 0.797035664859095 14315.170251748797
73 722.1288453421352 51.0 150.68295483571546 102 201.68295483571544 14165.10591873351 0.25065758687844664 14113.855261146497
58 538.8513153353139 52.0 155.7255693575215 104 207.72556935752152 14349.56979498398 0.5072981892233202 14297.062496794622
86 867.1533230985932 50.5 149.03299989689071 101 199.53299989689071 14031.375015874084 0.7996816102676121 13980.075334263682
87 877.3255780531734 50.5 151.51865889349415 101 202.01865889349415 14030.055059065735 0.4474515035853983 13979.107607562015
77 779.0964656096448 51.0 155.9957427345937 102 206.99574273459376 14130.931974281255 0.47517597994919925 14079.45679830117
37 326.49760101819993 54.0 160.065499209046 108 214.06549920904598 14619.078136430433 2.036134061617929 14563.042002368678
38 343.94459533429995 54.0 158.62146096526877 108 212.62146096526874 14610.08127342327 1.7838858814331502 14554.2973875417
32 284.243020159854 54.5 160.95122568554078 109 215.45122568554078 14679.28095329885 4.484568156702039 14620.296385142012
65 614.5376473804159 52.5 158.02622551401575 105 210.52622551401572 14357.698219210384 1.375162478396419 14303.82305673185
98 937.7791316730751 51.0 152.31216889703222 102 203.31216889703222 14038.688009032378 0.34142247667091397 13987.34658655557
36 313.50680263158443 54.5 161.698173749581 109 216.19817374958103 14669.876668854638 1.1389444285135824 14614.237724425986
44 421.64235471727204 54.0 158.6246914122149 108 212.62469141221493 14574.329851663771 2.1289567430901 14518.200894920545
45 424.61151156511016 54.0 158.78995264908787 108 212.78995264908787 14578.220440678297 1.7098151730997984 14522.510625505058
30 265.02850619149774 55.5 165.647624817723 111 221.14762481772303 14753.786901899877 2.340714432201821 14695.946187467534
90 892.7282943967422 52.0 153.77833774281794 104 205.77833774281797 14131.234230761327 0.7225431998400609 14078.511687561346
31 276.0926104265274 56.5 167.89673815327487 113 224.39673815327487 14794.312276530345 3.1199105213615894 14734.69236600884
63 582.362914684017 54.5 162.81694692510595 109 217.31694692510592 14494.202336365808 0.4279594321346849 14439.27437693353
71 656.3527652458471 54.5 163.43765598852985 109 217.93765598852985 14437.182798159356 0.0 14382.68279815921
74 735.7519992116646 54.5 165.01746323177565 109 219.51746323177565 14375.399201161992 0.2513550216765452 14320.647846140168
91 905.9644250870091 54.5 165.00095061091577 109 219.50095061091577 14237.462190142767 0.0 14182.96219014262
64 605.3695501508557 56.0 163.0762591413127 112 219.07625914131273 14541.133630177826 0.0 14485.133630177676
95 925.8187792876316 55.5 165.59787981139985 111 221.09787981139985 14257.708511223 0.0 14202.208511222849
88 888.3352588878522 56.0 169.74684733374517 112 225.74684733374517 14305.78359515388 0.5000000000001137 14249.283595153724
93 918.7305376241283 56.0 168.53551433053772 112 224.5355143305377 14281.185254274964 0.9000000000002046 14224.28525427481
69 650.5935013164021 57.5 168.85465572959743 115 226.35465572959743 14554.381996378299 0.36698959386285424 14496.515006784279
40 351.7090359432733 59.5 177.90699391219522 119 237.4069939121952 14856.549268181447 1.5047258515879207 14795.5445423297
82 797.892447516985 57.0 170.39800877904923 114 227.39800877904923 14413.816748848762 0.5000000000001137 14356.316748848603
100 967.1578816150635 56.5 167.9172880981401 113 224.4172880981401 14249.135995416396 0.08333733950951228 14192.552658076727
51 501.47463019689286 59.5 173.11023891650626 119 232.6102389165062 14722.717138474785 1.2817480031714013 14661.935390471454
97 936.9205541497457 59.0 179.5909191753616 118 238.5909191753616 14302.30989249424 0.20000000000004547 14243.109892494074
59 543.1400292767113 61.0 180.5804248780737 122 241.5804248780737 14697.631343333085 1.5574511898960282 14635.073892143022
102 995.3671488330453 59.5 187.1773968088377 119 246.67739680883764 14249.874853881014 0.0 14190.374853880845
