# Cpu scheduler: rr
# Quantum: 0.1
pid arrival_time cpu_bursts_time io_bursts_time nbursts bursts_time tat ready_wait_time io_wait_time
0 15.203656836087212 60.0 30.810631970232293 3 90.8106319702323 316.22529513401975 136.31455772396782 119.91073741004875
6 43.33640739672221 60.0 28.71475950905784 3 88.71475950905784 376.1230833190621 128.013608241899 188.10947507715554
3 21.902708576629813 80.0 49.33139727768018 4 129.3313972776802 480.16121085240314 140.8699592314266 259.2912516209692
4 25.523093648791782 120.0 72.3819346171223 6 192.38193461712234 836.9373995502931 169.81271947299155 547.1246800772852
8 56.93770890433693 140.0 96.2050538176304 7 236.2050538176304 1052.122485691405 168.4627903958076 743.659695295594
2 17.56129098526313 47.0 141.95002344055553 94 188.95002344055553 11248.578903105943 56.44393547065732 11145.134967635207
5 38.497652924314465 45.5 137.95419232688266 91 183.4541923268827 11701.240332029965 48.65055235194498 11607.089779677934
19 135.57068711269133 43.0 129.8011029972242 86 172.80110299722423 12349.783883096716 9.482844422925751 12297.301038673693
37 280.9234180377632 42.0 127.555119924744 84 169.55511992474402 12290.601423373764 3.899604714771499 12244.701818658898
16 124.25462260509707 43.5 124.65845487907553 87 168.15845487907558 12478.561825080506 11.66209909125078 12423.39972598916
55 417.8282554963211 41.5 123.51885069374845 83 165.01885069374845 12188.718752921472 1.6467339049219163 12145.572019016454
9 60.82932036187479 47.0 141.41507153296436 94 188.41507153296436 12778.841575602428 33.68670967779236 12698.154865924535
29 205.75786042184225 44.0 129.19292597358813 88 173.19292597358816 12799.17101364652 4.841969992174512 12750.329043654245
42 320.6636149145394 43.5 129.09284696690398 87 172.592846966904 12737.854480738779 2.8888389792555813 12691.465641759421
15 99.66580289555121 46.5 141.23280813428374 93 187.73280813428374 13155.510885086791 16.628562129705614 13092.38232295698
24 155.01494370987572 45.5 134.79691207053148 91 180.29691207053145 13144.823971212787 6.857083323922097 13092.46688788876
11 74.57347821177375 48.0 146.01941442610607 96 194.01941442610607 13236.126179340046 29.01913832701858 13159.107041012921
102 998.8077932652836 42.0 119.35355279135122 84 161.3535527913512 12392.713021903506 0.4972974833383432 12350.21572442006
53 400.40716006668924 44.5 133.62664051810157 89 178.12664051810157 13025.636911518277 2.5458228741677544 12978.591088644003
1 15.203656836087212 55.0 168.0391684994472 110 223.03916849944721 13514.52899686077 54.7904398051469 13404.738557055516
36 280.7680085692063 45.5 136.86075042346553 91 182.3607504234655 13252.6433955732 3.7686245724153196 13203.374771000677
32 252.60098243056592 46.0 138.53227809490954 92 184.5322780949095 13383.695888719207 2.1332177865355106 13335.562670932562
58 451.98262804437235 45.5 126.92526122451727 91 172.42526122451727 13284.050214921397 1.4444454107688216 13237.105769510516
28 173.45579786383283 47.0 142.14677730155375 94 189.14677730155375 13575.430498565487 4.195368317931155 13524.235130247444
33 263.1184352506556 46.5 134.6696409156132 93 181.16964091561323 13498.858602445414 2.587293334425908 13449.771309110876
45 339.3205001892616 46.5 140.5802541998612 93 187.0802541998612 13514.228819759854 1.6364989115672302 13466.092320848173
47 351.53829407916413 47.0 143.40623286019354 94 190.40623286019354 13633.499288018531 1.6148197438393481 13584.884468274577
31 216.71982458392466 48.0 144.9792087578663 96 192.97920875786633 13837.966534710427 4.832533447375937 13785.134001262935
86 840.7528610171676 45.5 130.71501801966548 91 176.21501801966548 13269.42670378978 1.0076321819126406 13222.919071607752
79 704.7543227911206 46.0 140.5668437261262 92 186.5668437261262 13418.39058514959 0.5890486608468564 13371.801536488627
81 715.6871346934479 46.0 134.9603410803563 92 180.96034108035633 13410.090821701135 0.5531299213612328 13363.537691779657
38 287.4192423441091 48.0 138.43843355515307 96 186.4384335551531 13852.866921126833 3.939602743985745 13800.92731838273
14 95.23893051889499 50.5 149.5749027467964 101 200.07490274679643 14069.617182694721 20.3504996523873 13998.766683042217
83 770.4463128939083 46.5 130.32652922866063 93 176.82652922866063 13505.263104023672 0.9009904386686003 13457.862113584884
12 87.59181834480694 51.5 149.9247686697744 103 201.42476866977444 14229.683806788906 22.509344570698204 14155.674462218085
65 526.440938960333 48.0 142.6168656856885 96 190.61686568568848 13851.350941220715 1.6067675195808988 13801.744173701014
17 125.43221569649928 50.5 147.9131306873807 101 198.41313068738066 14253.859260547453 11.024728505806621 14192.334532041526
49 362.5943917800433 49.0 144.3580716143104 98 193.3580716143104 14067.953761127534 1.9712463730477339 14016.982514754363
82 719.6229782510247 47.5 139.1791940955647 95 186.6791940955647 13726.782617114914 0.5097763953723415 13678.772840719419
104 1016.0709443462949 46.5 139.46140655982936 93 185.96140655982936 13448.606276621322 0.14954414956741857 13401.956732471632
90 887.6506284570746 47.0 139.46732496598048 94 186.46732496598048 13582.598774475624 0.0 13535.598774475504
95 905.0002798235981 47.0 137.78024131880537 94 184.78024131880534 13576.017488762845 0.9911079855129401 13528.026380777212
22 139.16603139555292 51.0 153.2258137346246 102 204.22581373462458 14371.050146708061 10.18647843532139 14309.863668272616
50 372.12202164773424 49.5 144.05300004184093 99 193.5530000418409 14168.63213912101 2.9897016994825094 14116.142437421402
35 270.3433863253237 50.0 148.4771016037934 100 198.4771016037934 14276.07518038614 3.0018155452867177 14223.073364840728
18 128.25779675810247 51.5 152.70017887706757 103 204.20017887706757 14463.039047380156 10.09055181391281 14401.448495566116
34 265.7357606657839 50.5 148.50229247351996 101 199.00229247351996 14370.848425211176 3.8908390471532357 14316.457586163897
69 601.6293913378196 49.0 147.3584079657292 98 196.35840796572924 14040.90490513685 1.2400503505010647 13990.664854786222
88 879.5694192569528 48.0 142.33973309467547 96 190.33973309467547 13776.426496788872 1.1000000000002501 13727.326496788746
72 620.0097584572645 49.0 150.21414357533587 98 199.21414357533587 14050.034598173737 1.0756551435520123 13999.95894303006
26 168.95112100516263 51.5 153.68643598121562 103 205.1864359812156 14534.801950480245 5.950888590613687 14477.351061889503
70 601.8204535293277 49.5 143.3885398129264 99 192.8885398129264 14127.53563483545 1.3698062536661837 14076.665828581657
10 61.783671909283804 55.0 161.5176786565815 110 216.5176786565815 14669.25036744838 32.66080815127702 14581.589559296974
7 52.12292667692729 56.0 162.5583283880394 112 218.5583283880394 14701.280456506543 40.582034453813016 14604.698422052605
67 550.8087489569651 50.0 144.70078221113465 100 194.70078221113465 14227.525358392852 1.1997068323454414 14176.325651560375
99 948.6512968599006 48.5 139.8576880563026 97 188.35768805630258 13832.713931527285 0.909668357686428 13783.30426316947
101 964.6794305621787 48.5 139.42423616062496 97 187.92423616062496 13832.03591956407 0.21294736445565832 13783.322972199485
103 1008.6938682529116 48.5 149.6382076230846 97 198.13820762308464 13804.976184151918 0.4592282661559466 13756.016955885632
63 510.7236845967966 50.5 147.86518764986397 101 198.36518764986397 14306.846548949095 1.5274299227520487 14254.819119026213
64 513.9008900206289 50.5 148.90890402239475 101 199.40890402239472 14308.395336030115 1.8393220108915784 14256.056014019094
97 924.8888521786969 49.0 147.1789696778512 98 196.17896967785123 13912.714222629938 1.0025356304187198 13862.71168699939
27 171.48182348034297 52.5 153.99154929216024 105 206.49154929216024 14697.240675511985 4.776513019578601 14639.964162492273
80 712.4088807151231 50.0 147.79454856529046 100 197.79454856529048 14169.705174509054 0.5317483106940699 14119.17342619823
30 206.65777814662775 52.5 151.50990603339199 105 204.009906033392 14687.580274272712 5.3078323760966555 14629.772441896484
40 310.72039207951536 52.0 152.70574353407517 104 204.70574353407517 14590.060045588616 2.416447087739641 14535.643598500743
75 653.4413108523787 50.5 152.4682658362033 101 202.9682658362033 14254.686421448694 2.0376549258347723 14202.148766522727
23 139.25010780411853 53.5 157.46910918988422 107 210.96910918988422 14790.553050208186 9.20901583971957 14727.844034368332
84 800.4302716593451 50.5 153.93058145143522 101 204.43058145143522 14180.173588650283 1.0329812494256885 14128.640607400723
77 677.366788169399 51.0 153.4945268783766 102 204.4945268783766 14309.072827836371 0.8142314737216338 14257.258596362513
51 395.26627240840224 52.5 152.6628403680786 105 205.1628403680786 14606.600415874329 3.524117099394857 14550.576298774798
91 890.3249448483172 50.5 148.7410490950377 101 199.24104909503768 14118.734191343736 0.0 14068.234191343601
92 891.5200549127026 50.5 152.0646704887494 101 202.5646704887494 14119.04982421102 0.0 14068.549824210886
73 638.8502050675218 51.5 154.99707363375273 103 206.49707363375273 14379.33236209572 0.7640698736337299 14327.06829222195
20 135.82662064835648 54.5 160.78164545541514 109 215.28164545541512 14888.178601373902 9.602119905828062 14824.076481467937
57 443.85756772583863 52.5 156.37879976576787 105 208.87879976576784 14589.265975239887 1.7754066551763117 14534.990568584575
43 322.025402839223 53.0 159.30424155468603 106 212.30424155468603 14712.62942087228 2.787039985380204 14656.842380886763
78 679.419715348661 51.5 155.56054065764067 103 207.0605406576407 14361.467419682438 1.0613042944601148 14308.906115387841
48 356.71419169396324 53.0 160.27324282601134 106 213.27324282601137 14687.352468132623 1.9186421556983646 14632.433825976788
61 470.5370897841827 52.5 154.7414572885834 105 207.2414572885834 14580.087735721017 1.2148392388572802 14526.372896482022
62 481.6611544420592 52.5 156.2768163844939 105 208.77681638449388 14571.751614430364 1.9918873164036768 14517.259727113824
85 822.2619148682633 52.0 155.3045331332097 104 207.3045331332097 14297.115422319272 0.3000000000000682 14244.81542231913
39 298.3070357327857 54.5 167.94745085721974 109 222.44745085721974 14834.727064405299 4.683675492134 14775.543388913024
98 931.1252611220687 52.0 153.5617608963817 104 205.56176089638166 14212.81185893082 0.7656269788399186 14160.046231951837
68 583.7723909907121 54.0 159.8950008595126 108 213.89500085951255 14610.537709352722 2.1428764708768995 14554.3948328817
52 395.3903219550877 55.0 163.74686758776414 110 218.74686758776411 14804.878924788101 2.94024104190936 14746.938683746048
46 343.8683068915506 55.5 164.48743361648337 111 219.98743361648343 14880.248048008816 2.358091582506461 14822.389956426163
71 609.0084000474543 54.5 164.76651866470007 109 219.26651866470007 14622.903827648193 0.5582995616520066 14567.845528086396
89 879.5977324420383 53.5 158.87908290938338 107 212.37908290938338 14354.114987303492 0.8716868149147103 14299.743300488431
56 432.49697481375483 55.5 165.73191523105686 111 221.23191523105686 14810.4283700987 1.8549712757671841 14753.073398822786
66 540.6095268647052 55.0 159.12636143936487 110 214.12636143936493 14704.309838554884 1.087201595426336 14648.22263695931
74 641.7133963503169 55.0 165.49481145453177 110 220.49481145453177 14625.589023943869 1.0389678715905575 14569.550056072128
25 165.58486874392455 58.5 176.218686159331 117 234.71868615933096 15146.962509998299 6.069192528401572 15082.393317469743
93 898.5679779661701 55.5 168.4702973516492 111 223.9702973516492 14428.752277833644 0.8234098429394408 14372.428867990551
100 950.2932971200532 55.5 169.47856663007704 111 224.978566630077 14388.625591001042 0.9211272354199309 14332.204463765467
54 416.7138383605951 58.0 171.28762027796427 116 229.28762027796427 14930.466412894055 1.9428841480767574 14870.523528745824
96 921.4884077241323 56.0 160.9534404717688 112 216.95344047176883 14427.204324157463 1.102980084982505 14370.101344072325
41 317.5545824261549 58.5 176.35312361630832 117 234.85312361630827 15032.540895062295 2.884995087642551 14971.155899974496
13 88.98347908475455 62.0 183.99885819132572 124 245.99885819132575 15283.33200614377 20.306377676796586 15201.025628466816
60 462.87314971850526 60.0 184.06879409718007 120 244.06879409718005 14938.733204339711 1.9064561571115064 14876.826748182435
21 136.54525634584343 62.5 183.95044371475186 125 246.45044371475183 15268.856178627297 10.374769231280112 15195.98140939585
94 901.3823581692783 59.0 171.81558481341818 118 230.81558481341818 14511.98994610892 0.9090296398319424 14452.080916468924
76 662.7997450523574 60.0 177.97808419245277 120 237.97808419245274 14752.529256221296 1.4433926397283585 14691.0858635814
59 461.1204679890002 61.0 185.4229637505967 122 246.42296375059672 14957.628830826594 1.2937968229300054 14895.335034003496
87 848.0641351790491 61.0 187.12855018223365 122 248.12855018223365 14581.097722246697 0.8963580200327215 14519.201364226492
44 324.61757873782983 64.5 192.57622939324713 129 257.07622939324716 15110.435757514218 2.6528491174381656 15043.282908396603
