# Cpu scheduler: rr
# Quantum: 0.1
pid arrival_time cpu_bursts_time io_bursts_time nbursts bursts_time tat ready_wait_time io_wait_time
6 40.97704858632681 20.0 0.0 1 20.0 83.501770383521 63.50177038352184 0
0 10.678818969850642 80.0 51.39996973363834 7 131.39996973363836 437.3723540423402 145.8824830414369 211.4898710008955
2 12.698891455482892 80.0 44.84772274210415 7 124.84772274210415 476.0937331989616 146.82742288983263 249.2663103091213
12 83.30474422389179 80.0 42.11381870863836 7 122.11381870863836 429.4878804305581 99.08360217079365 250.40427825975777
17 112.69495589666766 80.0 50.2069622161529 7 130.2069622161529 441.29557836082313 91.78386307318269 269.5117152876281
1 10.678818969850642 43.0 127.27110253989764 171 170.27110253989764 10233.304048381968 37.85532932919136 10152.44871905271
4 23.220260267493316 42.5 123.64001296255661 169 166.1400129625566 10557.312877835304 32.90324567912904 10481.909632156105
79 605.2261815652727 37.0 107.64528466849644 147 144.64528466849646 10859.15073114628 0.10000000000002274 10822.050731146197
9 61.26895197270566 44.0 131.8642570995416 175 175.8642570995416 11963.713679906741 18.225813003761715 11901.48786690289
59 481.6900473914719 41.0 124.21915680016032 163 165.2191568001603 11968.12453025928 1.6025772629714083 11925.521952996214
3 13.024545636564515 50.5 147.26557604631296 201 197.7655760463129 12500.131374518583 36.07484107720617 12413.556533441282
40 301.5330977638232 43.0 123.93787302960877 171 166.93787302960877 12474.998764051736 2.169648586011988 12429.829115465624
28 183.07923363430328 44.0 124.12235201152411 175 168.12235201152413 12643.307927273143 4.518648455961113 12594.789278817085
45 348.0114847651623 43.0 125.76736610095473 171 168.76736610095475 12492.838107834632 1.6461942461531294 12448.19191358838
33 232.61541553514496 44.0 129.41591926592614 175 173.4159192659261 12724.206456551949 2.6876297997453378 12677.518826752104
11 75.14869701187585 46.5 138.9029006895444 185 185.4029006895444 12919.100031619046 16.475162118780077 12856.124869500167
66 526.5396770493975 43.0 126.05457494019721 171 169.0545749401972 12540.816461593287 0.8508572080872909 12496.965604385097
53 445.8281280693862 43.5 129.77070588808047 173 173.27070588808047 12659.923345700236 0.5230449428042903 12615.900300757328
39 297.5395982857176 44.5 133.56252553680213 177 178.06252553680213 12876.659091477659 2.1657018235137 12829.99338965404
7 48.75855025181364 49.0 151.3567991302462 195 200.35679913024623 13132.060214564839 25.186973088617762 13057.873241476116
57 465.7907434190194 44.0 129.31362465535815 175 173.31362465535815 12796.052388284774 1.8018812354203533 12750.250507049252
37 272.92653499746814 45.5 134.93704255499696 181 180.43704255499696 13113.786277224388 2.066905013997655 13066.219372210284
14 90.1514944382326 47.5 138.83183656166452 189 186.33183656166452 13318.891502461742 13.79579807903373 13257.5957043826
5 33.487011488490836 51.0 151.2617325744781 203 202.2617325744781 13378.215743792716 28.532347458332154 13298.683396334276
62 497.9953066127342 44.5 131.00441113023402 177 175.50441113023405 12930.010013975843 1.0158835995725326 12884.494130376164
8 50.69745834250276 50.0 151.51405319490215 199 201.51405319490215 13474.184864769972 24.944410620506062 13399.240454149358
60 493.43588883862986 45.0 131.72431053340767 179 176.72431053340762 13047.168736324367 1.2567358158160005 13000.912000508442
25 170.25554687376862 47.0 139.1532246602047 187 186.15322466020467 13409.216593699086 6.805963282620439 13355.410630416354
26 170.38462070908938 47.0 135.39599513625535 187 182.39599513625535 13410.218000458672 6.209862102340992 13357.008138356221
83 652.5042557266125 44.5 130.89516037654437 177 175.39516037654437 12954.668871309968 0.0 12910.168871309861
42 322.8761848950815 46.5 139.81672082291266 185 186.3167208229126 13376.786001269102 2.140010892258374 13328.145990376732
13 85.5035378546357 49.0 148.5747688023422 195 197.5747688023422 13616.72606458598 15.31336046542603 13552.412704120445
43 324.745306873775 46.5 141.11489806354848 185 187.61489806354848 13381.556780364328 2.58172855895009 13332.475051805268
104 800.4012602979604 44.5 132.3391629860635 177 176.8391629860635 12945.240173591605 0.3991386437497795 12900.341034947745
10 74.24630284638914 50.0 151.02057697095833 199 201.02057697095836 13744.154712217221 17.568617691720945 13676.58609452539
65 518.4928068464203 46.5 135.91893708691148 185 182.4189370869115 13385.268116514384 0.0 13338.76811651427
19 135.1214596593163 49.5 143.43871253637894 197 192.93871253637894 13842.933313749301 8.69815279262599 13784.73516095656
30 192.66429762501616 49.0 140.0922459088848 195 189.09224590888476 13843.96668264075 3.5034494058861014 13791.463233234748
56 465.69425807925165 47.5 139.218819574389 189 186.718819574389 13594.181350639785 1.4983665751880153 13545.182984064479
80 610.6861209920869 47.0 142.39799403334646 187 189.39799403334646 13492.927028589296 0.0 13445.927028589176
47 401.3347385362877 48.0 145.33593180251762 191 193.33593180251762 13706.163589467475 1.889839859473227 13656.273749607884
50 409.1557435839386 48.0 144.0282637545275 191 192.0282637545275 13706.519370082922 0.5998653279406199 13657.919504754864
76 594.8217726914145 47.5 134.6822063386385 189 182.18220633863848 13586.830986511686 0.0 13539.330986511566
24 169.53653937909155 50.0 143.37483175735304 199 193.37483175735304 14026.533675915209 7.219778937189176 13969.313896977897
97 727.1108827908754 47.0 142.13141871823854 187 189.13141871823854 13475.896399216505 0.0 13428.896399216384
49 408.26067865467394 48.5 142.99221481341846 193 191.49221481341843 13802.135533689197 0.8510192175546081 13752.784514471523
84 671.3158246751608 47.5 139.417152201473 189 186.91715220147293 13580.963711043678 0.8918717246835968 13532.571839318874
91 711.8289041536952 47.5 141.45121940163364 189 188.9512194016336 13569.32016932183 0.5136550504521438 13521.306514271257
16 110.56889683282553 51.5 157.2644099159434 205 208.76440991594342 14192.611276129222 9.297560877760048 14131.81371525134
20 152.6322459866511 51.0 152.81439905646664 203 203.81439905646667 14159.46195158248 9.114005366807277 14099.347946215552
74 578.6827471619787 48.5 145.31491603534363 193 193.81491603534363 13764.746899997817 1.037461309240598 13715.209438688453
81 631.1434593353034 48.5 144.460668160987 193 192.96066816098698 13754.922616478985 0.10000000000002274 13706.322616478863
68 539.8698227408074 49.0 147.61902993102257 195 196.61902993102257 13850.340631526133 1.620711516680558 13799.71992000933
52 431.61201690434274 49.5 146.61067691539034 197 196.11067691539034 13959.699693507087 1.3578028244817233 13908.84189068248
71 562.6087794849717 49.0 148.1218521826631 195 197.12185218266313 13845.808061129595 0.09524985216398818 13796.712811277308
36 271.2652795030849 50.5 145.0325461943572 201 195.53254619435717 14142.119616915732 2.598531552656482 14089.02108536295
15 103.08767157480338 52.5 159.92553581892838 209 212.42553581892838 14360.241414195933 9.255467201332479 14298.485946994475
69 553.9221747907259 50.0 148.6362185853206 199 198.6362185853206 13993.045102796295 0.3683594667650141 13942.676743329404
70 557.6034583523477 50.0 147.97881837712316 199 197.97881837712316 13993.324816994826 0.2144569673347405 13943.110360027362
22 163.56495078945792 52.5 153.235158636999 209 205.73515863699896 14414.40362604994 6.076569628497424 14355.827056421313
48 406.1210461581118 51.0 150.95227093440994 203 201.9522709344099 14200.30393204388 0.5086444489121504 14148.79528759484
35 262.1684818318562 52.0 150.9992261671118 207 202.9992261671118 14364.878854923634 1.7018573356752995 14311.176997587829
87 683.1789862750489 50.0 150.9778138289597 199 200.97781382895974 13957.724113659662 0.38286487168443273 13907.341248787845
51 428.1321937362052 51.5 152.20966465592318 205 203.70966465592318 14246.97293465404 1.3469720671848222 14194.125962586724
75 591.1280794260717 51.0 150.6961143633945 203 201.69611436339454 14119.905994032712 0.22086304912591004 14068.685130983451
63 500.7671492732773 51.5 150.73172798377763 205 202.23172798377763 14222.575821025066 1.2004455277449324 14169.875375497186
101 764.6233181768636 50.5 151.79112790420228 201 202.29112790420226 13974.27077784187 0.40000000000009095 13923.370777841737
58 473.81428380346256 52.0 155.3133804563192 207 207.31338045631924 14281.921601104263 0.5783408509787478 14229.343260253148
98 728.2343654249233 51.0 153.59139884041332 203 204.59139884041326 14056.892509255658 0.13244545395809837 14005.760063801565
27 178.20344421010833 54.0 164.808772376379 215 218.80877237637895 14615.342926365513 5.039519545326783 14556.30340682005
102 776.3221283272686 51.0 151.10463102103603 203 202.10463102103606 14023.265674360739 0.3000000000000682 13971.965674360605
29 188.91001667356522 54.5 165.25600566477686 217 219.75600566477686 14660.528082485089 3.9829847091212685 14602.04509777583
90 711.4181625005143 52.0 146.53815990204654 207 198.53815990204657 14168.829025881274 0.424396703632965 14116.404629177503
96 723.5779018683775 52.0 154.62388224101105 207 206.62388224101105 14167.04487476576 0.6736212641083057 14114.371253501511
89 693.4725667165172 52.5 153.2917385554307 209 205.7917385554307 14228.216724459811 0.26792216050057505 14175.44880229917
82 649.7449781345063 53.0 161.55915627778978 211 214.55915627778978 14296.786799867648 0.8437370513474889 14242.943062816159
85 672.9212571909344 53.0 152.5622111735484 211 205.5622111735484 14287.219862479722 0.18609147321797082 14234.033771006363
88 690.6782422455703 53.0 159.00432806403472 211 212.00432806403478 14276.624087162203 0.0 14223.624087162061
18 131.10115849128334 56.5 166.80559392021834 225 223.30559392021837 14839.414863616348 7.612529140258914 14775.302334475948
61 494.38169665305855 54.0 158.53793548330037 215 212.53793548330034 14479.81486030525 1.210928001387515 14424.603932303722
32 217.41543213201322 55.5 163.93497381543875 221 219.43497381543875 14758.405273437282 3.7827203104825173 14699.122553126655
92 715.445159808479 53.0 158.74656910399545 211 211.74656910399545 14263.042033877859 0.5000000000001137 14209.542033877717
93 719.5760693617796 53.0 155.4539472121866 211 208.45394721218656 14261.958561837373 0.3000000000000682 14208.65856183723
21 159.23207286704405 56.5 171.16755284353536 225 227.66755284353536 14849.03301957507 7.60737534563998 14784.925644229286
55 460.8075900869614 55.0 166.05576398761698 219 221.05576398761696 14573.181917786274 1.9850345674772711 14516.196883218652
72 568.4127664855436 54.5 162.418204861688 217 216.91820486168797 14467.337168721777 0.988754403860753 14411.848414317772
73 577.6111792619861 54.5 162.3154627606113 217 216.8154627606113 14461.853670017248 0.0 14407.353670017103
54 460.1638145232132 55.5 165.86752690184966 221 221.36752690184966 14606.608936671335 1.3288101312251683 14549.780126539965
103 792.0341837056602 54.5 163.70738908174783 217 218.20738908174786 14302.599309272022 0.40000000000009095 14247.699309271875
86 682.5618511467331 55.0 163.2677068074053 219 218.26770680740526 14413.645811322373 0.20000000000004547 14358.445811322223
23 165.82492728678685 58.0 176.5035524915244 231 234.5035524915244 14934.216447356246 6.067022615579077 14870.149424740517
94 722.7406793159165 55.0 164.46228820867574 219 219.46228820867572 14381.728777760298 0.6108438165690586 14326.11793394358
41 302.14775887740643 57.0 168.92321229335266 227 225.92321229335266 14806.111943677099 2.3476164136211537 14746.764327263329
34 250.38774162364757 57.5 170.12534001216756 229 227.62534001216756 14867.581079942254 1.4064371464663736 14808.674642795639
31 194.20522906046213 58.5 170.81879632842134 233 229.31879632842137 14939.724736082642 3.3197530712562298 14877.904983011236
100 758.684108542555 56.0 163.78047048063848 223 219.78047048063843 14389.008839106213 0.0 14333.00883910606
99 739.8412081287435 57.0 171.29327482184618 227 228.29327482184618 14436.234137289697 0.3000000000000682 14378.934137289541
46 371.0195116879712 59.0 176.85639388405892 235 235.85639388405895 14808.698036344767 1.6868829940046908 14748.011153350604
38 284.11030280043576 59.5 176.77351442094255 237 236.27351442094252 14897.186148753863 3.773037848196566 14833.913110905507
78 604.0931718296467 58.0 178.60204747657528 231 236.60204747657525 14580.664051093514 0.5323676762805007 14522.131683417074
67 539.7059749322458 58.5 174.89918139987356 233 233.39918139987358 14649.508484824304 1.5845593252421395 14589.423925498904
44 336.91669522359734 61.0 180.80194568310492 243 241.80194568310492 14870.897362384248 1.0669956518499362 14808.830366732234
95 723.3529953152199 62.0 182.22412504483813 247 244.22412504483816 14511.062737202017 0.59852781726579 14448.464209384576
77 603.6179593144835 63.0 186.25127911141823 251 249.25127911141817 14633.598626840072 0.10000000000002274 14570.498626839895
64 506.1472675690848 65.5 200.89107503714726 261 266.39107503714723 14740.728410175378 0.6453570853637984 14674.583053089831
