# Cpu scheduler: sjf
# Quantum: None
pid arrival_time cpu_bursts_time io_bursts_time nbursts bursts_time tat ready_wait_time io_wait_time
0 4.702734789139288 60.0 32.61906547296463 5 92.61906547296462 133.33912596257417 40.72006048960955 32.619065472964635
10 70.02742591702827 40.0 12.242193302337208 3 52.242193302337206 181.5144348346852 125.68172629851918 15.832708536166024
15 94.00471613971797 60.0 27.554123458573144 5 87.55412345857314 293.5371446119955 146.16178750737484 87.37535710462063
11 78.13061073450434 80.0 39.074927184166754 7 119.07492718416677 396.18987221505506 161.0803221487588 155.10955006629626
9 54.11223318514179 100.0 68.21133761078514 9 168.21133761078514 493.01620296687986 162.44660292245555 230.56960004442433
33 239.54660035771616 36.5 108.55891635376969 145 145.0589163537697 10459.25541431745 36.267747030577965 10386.487667286872
12 87.62844905568986 39.5 119.24104532491145 157 158.74104532491143 10808.395663723308 79.7874316249738 10689.108232098335
8 44.30991101779699 44.0 137.126656452285 175 181.12665645228503 11978.930330725465 110.10255343971212 11824.827777285753
3 6.552208641678053 45.0 134.38089491777646 179 179.3808949177765 12187.194578496232 92.12767664080768 12050.066901855425
25 175.31218533329746 43.0 124.82782243447271 171 167.82782243447272 12244.230627831335 52.641684403057866 12148.588943428278
5 12.720480206398578 46.5 142.6573596018005 185 189.15735960180047 12628.299115831354 65.78884772747375 12516.01026810388
66 513.9124214214884 42.0 123.95013747206289 167 165.9501374720629 12278.421118331216 0.0 12236.421118331215
104 907.9680544188654 40.5 120.97380196110434 161 161.47380196110433 11933.867818513469 0.0 11893.367818513467
30 212.65820177427898 44.0 131.21748455656171 175 175.21748455656177 12634.148762723373 48.74181379888813 12541.406948924483
1 4.702734789139288 48.0 144.76379499546405 191 192.76379499546405 13007.167797030528 147.21054365592892 12811.9572533746
19 134.6751495883778 46.0 136.1391911074119 183 182.13919110741188 12890.36743438243 69.37314817009062 12774.994286212339
56 419.55833155877457 43.5 133.23545855047294 173 176.73545855047294 12656.812110641149 37.67874896703887 12575.63336167411
17 113.07553030575488 46.5 139.2557007457421 185 185.7557007457421 12997.878703498813 50.4396363880862 12900.939067110725
35 248.25533450609484 45.0 128.39044956533797 179 173.39044956533797 12942.471817849131 14.25551379190037 12883.216304057232
28 207.1826006124101 46.0 141.23543461503405 183 187.23543461503402 13147.651732913659 51.67239552869907 13049.97933738496
60 457.3801661834746 44.5 133.64202794750366 177 178.14202794750366 12918.032476309048 18.359324598411092 12855.173151710638
91 757.7535192803978 43.5 125.48977845933669 173 168.9897784593367 12729.896093275407 0.0 12686.396093275405
71 554.4226649521016 44.5 134.01813258851573 177 178.5181325885157 12950.402240845578 2.2057711999200365 12903.69646964566
101 882.7509126158911 43.5 129.34126355765568 173 172.8412635576557 12721.834159770977 0.0 12678.334159770977
27 196.54103914461166 47.5 140.67739680244767 189 188.17739680244765 13485.458675935872 28.95959568914253 13408.99908024673
16 98.86737508667332 49.5 145.17780730397033 197 194.67780730397033 13671.85413044407 109.27301374607956 13513.08111669799
26 193.8159087786434 48.0 137.39838230434142 191 185.3983823043414 13592.924759973384 45.16049544035923 13499.764264533025
98 822.6163644042867 44.5 136.59578115435346 177 181.09578115435346 12969.934755915057 0.0 12925.434755915057
74 594.5306928857126 45.5 134.20306281445855 181 179.70306281445852 13199.995651541329 0.12997468611763452 13154.36567685521
76 604.297055598609 46.0 135.43514486070112 183 181.43514486070114 13314.455985217368 0.0 13268.455985217368
46 373.4292035282143 47.5 144.4044745691237 189 191.90447456912375 13626.753493574819 26.25904078946064 13552.994452785359
63 475.8741289617877 47.0 139.17538868547726 187 186.1753886854773 13530.51640283383 6.946353987771715 13476.570048846059
34 242.58515495646114 48.5 145.9293313131686 193 194.42933131316857 13783.667278706349 27.513367385674343 13707.653911320675
90 755.6457682075956 46.0 137.4524990381501 183 183.4524990381501 13317.492617454853 0.0 13271.492617454855
7 40.033270807972784 52.0 158.19009871104782 207 210.19009871104782 14066.864949704752 106.60684835409415 13908.258101350657
18 132.22224701190544 50.5 151.26885352053247 201 201.76885352053247 13991.257740411733 82.29099499295853 13858.466745418775
49 383.5848936123264 48.0 141.29237696757153 191 189.29237696757156 13746.855045534441 13.900172771666917 13684.954872762773
29 207.48425582016608 49.5 150.7748819887563 197 200.2748819887563 13979.002539776866 42.993058461116135 13886.509481315748
65 484.8798493796657 48.0 144.8980845960253 191 192.89808459602529 13748.725875551147 2.698085087571201 13698.027790463577
4 10.113684840619307 53.0 157.09086290742877 211 210.0908629074288 14236.497743787553 79.57509740257798 14103.922646384975
72 564.4571356359788 48.0 144.2218025006639 191 192.2218025006639 13742.394912631711 0.0 13694.394912631711
21 146.62715948254007 51.0 151.2437442475249 203 202.2437442475249 14171.379071847545 83.77368225431212 14036.605389593231
89 740.0498904306211 47.5 139.51600749672306 189 187.0160074967231 13628.865514754762 0.0 13581.365514754762
38 280.40768481533127 50.0 150.84942296046566 199 200.8494229604657 14113.27540646398 15.869923177699377 14047.40548328628
22 147.06506235784744 51.5 157.22350949685503 205 208.72350949685503 14266.18085469013 79.98180972282847 14134.699044967301
64 480.9473800980002 49.0 141.45154272176228 195 190.45154272176228 13943.695890039251 4.3731028515591674 13890.32278718769
54 412.87650609673364 49.5 145.54566056311438 197 195.04566056311438 14037.138679765441 0.0 13987.638679765441
24 164.25604905898638 51.5 152.30178250815635 205 203.80178250815635 14305.217113021941 69.25320163435839 14184.463911387584
57 422.3471817005064 50.0 147.6377560542942 199 197.63775605429413 14129.260911690695 33.28533379688753 14045.975577893807
40 312.77369602284125 51.0 148.77519147719886 203 199.7751914771988 14300.674295268886 6.938585779459856 14242.735709489425
36 260.869536444426 51.5 152.21640083156134 205 203.71640083156137 14379.700745034825 57.882394922142566 14270.318350112682
81 641.3386876339579 49.5 149.44623863590886 197 198.94623863590886 14006.53319824337 0.45784540525733064 13956.575352838114
39 281.8605831493108 51.5 154.9810347631071 205 206.48103476310712 14381.371754380432 39.299079731262395 14290.572674649171
73 574.7805358003734 50.0 144.13090028560978 199 194.1309002856098 14105.374820254598 0.36993822693500533 14055.004882027662
47 374.23622736253276 51.0 149.3025845243943 203 200.30258452439432 14307.367168356319 25.26859349416503 14231.098574862155
100 847.9782592077394 49.0 142.01485362108713 195 191.01485362108713 13855.27176278776 0.0 13806.27176278776
87 728.0759877828028 49.5 150.3822334622358 197 199.8822334622358 13981.44268041396 0.0 13931.94268041396
20 140.14072226234316 53.5 159.5221609630061 213 213.02216096300612 14579.995297676298 79.45719638440139 14447.038101291897
58 425.31424493373225 51.0 150.27074312432467 203 201.27074312432464 14297.379555312118 29.05544845929677 14217.324106852822
42 332.45738913316745 51.5 153.2074187215269 205 204.7074187215269 14392.192981619652 35.7148465461716 14304.978135073481
67 516.56250108721 51.0 151.105957574321 203 202.105957574321 14272.03938905026 0.0 14221.03938905026
23 155.80343935327778 54.0 161.42057212104015 215 215.42057212104015 14681.004005692399 53.507316004073886 14573.496689688325
86 723.4372532466382 50.5 147.73059952509095 201 198.23059952509092 14124.017106933326 0.0 14073.517106933326
53 402.34598736621103 52.0 158.6187593931773 207 210.6187593931773 14448.05183753024 0.0 14396.05183753024
79 618.9068191474963 51.0 152.08207972339642 203 203.08207972339645 14236.712472044017 0.06291863416549859 14185.64955340985
37 275.6029220340385 53.0 156.29850807148202 211 209.298508071482 14584.730969025584 36.31205985197602 14495.418909173608
84 677.6307540497897 51.5 149.1334395166011 205 200.63343951660113 14272.147860221725 0.11866799819119933 14220.529192223534
61 460.92705565590563 53.0 159.7212193645552 211 212.72121936455522 14533.07983694578 15.893427293653758 14464.186409652128
82 669.0265066460976 52.0 151.81887064938934 207 203.81887064938934 14329.230840803404 0.0 14277.230840803404
48 380.2604410622462 53.5 154.09985318809285 213 207.59985318809282 14629.222554876902 17.519434965288553 14558.203119911614
85 697.0299938241116 52.0 150.19077360867607 207 202.19077360867607 14317.291678583566 0.0 14265.291678583566
75 595.9371541950768 52.5 153.8911955644532 209 206.3911955644532 14419.81959808505 0.0 14367.31959808505
2 6.121901942065116 58.0 168.343760882504 231 226.34376088250406 15011.175220405998 103.92396525544899 14849.25125515055
77 612.2658726909865 52.5 155.43106516351196 209 207.93106516351196 14413.241909898325 0.30883234579721375 14360.433077552529
6 25.278110513633074 58.0 175.46212170905065 231 233.46212170905068 15022.994042969882 89.66770942518312 14875.326333544697
52 395.8404773580565 54.0 160.8193857752185 215 214.81938577521856 14675.655883783438 3.701383393656954 14617.954500389782
43 340.33269052966443 54.5 157.54435728532667 217 212.04435728532667 14746.506878300763 21.624933787800387 14670.381944512963
32 233.11242809006077 55.5 159.82773629989632 221 215.3277362998963 14873.251214055892 52.322145404980404 14765.429068650912
96 813.4713271362252 52.5 153.6990189425241 209 206.1990189425241 14295.821641657283 0.27105831070662134 14243.050583346576
59 451.96115424404076 54.5 160.32485994967328 217 214.82485994967328 14682.716708414107 2.75160646094821 14625.465101953161
94 788.8811502195889 53.0 160.18067775037352 211 213.18067775037355 14356.388783315744 0.0 14303.388783315744
95 809.6165779122721 53.0 153.94611789862844 211 206.94611789862847 14340.360000709763 0.0 14287.360000709763
69 533.9806649276377 54.5 161.81985428241282 217 216.31985428241288 14631.872410264512 15.147771224383973 14562.224639040129
13 87.78868104315845 58.5 172.604996315633 233 231.10499631563303 15081.230443931376 64.92429629502323 14957.806147636355
102 893.1695713759367 53.0 156.65119772352492 211 209.65119772352494 14277.648188686402 0.0 14224.648188686402
44 341.05581159121135 55.5 160.0740188348036 221 215.57401883480367 14831.327459560585 17.81115220625776 14758.016307354328
78 618.2646647177113 54.5 159.00477585522512 217 213.50477585522512 14579.14261147955 0.20507306395052183 14524.437538415601
55 418.19004124506705 55.5 165.16770768855633 221 220.66770768855633 14780.511594782613 0.4205523264628255 14724.59104245615
14 93.75310537050267 59.0 172.58361858568085 235 231.58361858568082 15120.721582029106 101.70561495541354 14960.015967073692
41 316.1944257645799 56.5 171.41818712429765 225 227.91818712429762 14906.547571385343 2.6474681305112995 14847.400103254831
70 549.885202529953 55.5 170.64151935313666 221 226.14151935313666 14679.408165934434 4.743233622068715 14619.164932312366
103 903.6565060915822 54.0 160.43453822702006 215 214.43453822702003 14327.379304852311 0.0 14273.379304852311
45 355.7452074729592 56.5 157.34833874728292 225 213.84833874728292 14877.665560067526 26.431026679595732 14794.73453338793
62 464.76725176665144 56.0 165.23226808319785 223 221.23226808319785 14774.944116789884 14.05323118290795 14704.890885606976
51 395.36377301169546 56.5 174.08639737137509 225 230.58639737137509 14848.583606067905 3.678087740017986 14788.405518327887
99 846.9633098843319 55.5 160.57463756414148 221 216.0746375641415 14428.953744735545 0.0 14373.453744735545
68 521.3820768488044 57.0 167.94361401131 227 224.94361401131 14757.148433859733 0.0 14700.148433859733
31 218.01396595078754 59.0 182.92848424982083 235 241.9284842498208 15065.144901319793 45.35404884315432 14960.790852476639
88 729.8465107675462 56.5 172.25762234868137 225 228.75762234868137 14561.28067488939 0.0 14504.78067488939
92 774.9295485484014 57.5 172.7432197173572 229 230.2432197173572 14537.551290356449 0.0 14480.05129035645
93 786.8483520646145 58.5 176.91060034812745 233 235.41060034812745 14543.530232142732 0.048297586798980774 14484.981934555934
97 814.7817397728181 58.5 176.83861409475145 233 235.33861409475142 14519.422007712834 0.24482831318130138 14460.677179399652
50 388.87772966861013 61.0 181.29167686596028 243 242.2916768659603 14951.206307465894 8.164131083103314 14882.042176382789
83 669.1038639720259 60.0 182.23263366142942 239 242.23263366142936 14674.425477595092 0.42264267407165335 14614.00283492102
80 640.4717125684494 60.5 184.252464076283 241 244.75246407628302 14704.208198024144 0.0 14643.708198024144
