# Cpu scheduler: sjf
# Quantum: None
pid arrival_time cpu_bursts_time io_bursts_time nbursts bursts_time tat ready_wait_time io_wait_time
8 53.84074954914936 40.0 11.089735039358322 2 51.089735039358324 203.66778632734625 133.5610450751586 30.106741252187646
0 18.0085358764956 60.0 30.183109904790502 3 90.1831099047905 266.5 161.53226679545145 44.96773320454855
6 32.49773776625201 60.0 35.307961306459475 3 95.30796130645948 332.0107981102436 197.66865394692883 74.34214416331479
2 30.392383957271683 80.0 50.531211623550234 4 130.53121162355023 364.6161519192239 195.48793283712703 89.12821908209689
5 31.890690476424407 120.0 70.8660560822347 6 190.8660560822347 532.3266360496373 206.71179818341972 205.61483786621756
61 586.7095618040167 35.0 103.1341955938584 70 138.1341955938584 10184.926024633145 0.508880186472993 10149.417144446672
10 62.6349894117079 41.5 122.21853126915906 83 163.71853126915906 11211.362689917598 119.73715424434019 11050.125535673258
53 556.8613080540794 37.5 108.60822600947856 75 146.10822600947856 10870.27305665897 12.356018471982338 10820.41703818699
1 18.0085358764956 43.0 127.26536741370444 86 170.26536741370444 11450.75592946157 96.34815074121161 11311.407778720357
69 698.0844207108978 40.5 118.4215239214053 81 158.9215239214053 11862.086619610336 0.0 11821.586619610336
57 576.7847720927155 42.0 124.57829634903321 84 166.57829634903322 12197.516319753922 0.9325544333462403 12154.583765320576
32 302.887021429866 44.5 132.64744890135614 89 177.14744890135614 12593.432094704009 46.42048938443918 12502.511605319569
64 629.8959721042352 42.5 125.59533114726304 85 168.09533114726307 12383.782386105271 0.0 12341.282386105273
14 82.75189406976514 47.5 143.89032041925898 95 191.390320419259 12977.579883620743 54.02320483335416 12876.056678787389
54 558.1812305838715 43.5 130.55510478509544 87 174.0551047850954 12596.71766061155 12.633128091046501 12540.584532520505
12 79.61059478656965 48.0 148.78506170469186 96 196.78506170469183 13091.547380684045 110.04212404340188 12933.505256640643
21 138.08636087242613 47.0 137.3440950007825 94 184.34409500078243 13039.64474526559 88.62474600140035 12904.01999926419
27 226.576500313919 46.5 140.40121170407477 93 186.90121170407474 13038.766009364243 30.77429748869443 12961.491711875547
43 448.8266847702857 44.5 134.17737825738098 89 178.677378257381 12818.409599503355 0.0 12773.909599503353
11 75.8597002874582 48.5 140.0814585816197 97 188.5814585816197 13214.339302538487 117.13027749413007 13048.709025044356
70 713.9240266341837 43.0 126.6664041358293 86 169.66640413582928 12578.64634844954 0.0 12535.64634844954
9 58.00717432956302 49.0 143.84918086710067 98 192.8491808671007 13314.654261432224 68.8649964274156 13196.789265004809
7 46.64397687183842 49.5 143.0420407126398 99 192.5420407126398 13406.17179658517 104.36014707292495 13252.311649512245
100 1010.9489003918461 42.5 124.96240425540458 85 167.46240425540458 12484.783313986627 0.0 12442.283313986627
33 319.29798731030127 46.5 144.63520135281092 93 191.13520135281092 13179.192387200354 26.955650475373886 13105.73673672498
30 265.67537277103946 47.5 138.9371594836863 95 186.43715948368623 13352.021865923194 47.04787618359717 13257.473989739598
24 187.48773257359989 48.5 141.2942861868642 97 189.7942861868642 13502.797263434328 86.36486707202559 13367.932396362301
25 200.51682919210083 48.5 140.48016149288424 97 188.98016149288424 13527.444504515557 18.94410343005893 13460.000401085497
79 763.4691640770004 44.5 130.63834021346636 89 175.13834021346636 12969.921737971377 0.08476092813771174 12925.336977043238
50 516.7275692306342 46.0 137.02016707102516 92 183.02016707102513 13226.893023441438 0.16548379360301624 13180.727539647836
104 1036.341321232774 43.5 133.6690104483494 87 177.16901044834938 12731.086637272156 0.4421169748854936 12687.14452029727
19 128.89189881585517 49.5 146.59792331607665 99 196.09792331607665 13655.29915854977 102.29099819970972 13503.50816035006
103 1035.2920496131014 44.0 132.1262232569355 88 176.12622325693548 12844.692842377583 0.0 12800.692842377583
42 446.23578040525325 47.0 137.5755316054292 94 184.57553160542918 13435.263606619403 0.11986714175168345 13388.143739477651
56 573.5841914692702 46.5 135.36836595222962 93 181.86836595222962 13355.460632492839 2.6331350567915024 13306.327497436047
87 824.1678366577302 45.5 134.53770887970853 91 180.03770887970856 13199.825331970917 0.28455684809193826 13154.040775122825
18 115.12527200812015 51.0 147.41121039743868 102 198.41121039743865 13974.236999815359 71.60229408265157 13851.634705732708
36 363.32263350225446 49.0 140.46017279936336 98 189.46017279936333 13784.268284274753 14.364214029563186 13720.90407024519
95 941.4042332069577 46.0 132.73263234607177 92 178.7326323460717 13280.999927893938 0.0 13234.99992789394
59 582.4552630054725 48.0 139.8767504720595 96 187.8767504720595 13679.732417994512 0.0 13631.732417994512
31 289.61892444999444 50.5 149.79399661084034 101 200.29399661084034 14012.798595276778 78.26135368934109 13884.037241587435
46 469.4371862829714 49.0 145.67076848343984 98 194.67076848343982 13834.126770322404 36.46474834663138 13748.662021975773
67 677.286059424839 48.0 139.0742724001199 96 187.07427240011992 13691.901037795173 0.34550492011919687 13643.555532875054
68 692.4999012967199 48.0 141.45807591280592 96 189.4580759128059 13695.678836288009 0.0 13647.678836288009
16 101.76279880459573 53.0 161.63032157791517 106 214.6303215779152 14308.83717754139 100.60381297623391 14155.233364565156
88 830.9526090420148 47.5 142.0475917746184 95 189.5475917746184 13593.589294125894 0.0 13546.089294125894
17 104.86776672546547 53.0 160.03593306484007 106 213.03593306484004 14327.653757409074 77.68791528315387 14196.96584212592
20 136.7806094841825 53.0 160.71769005934297 106 213.71769005934294 14376.534880256346 111.4696522556957 14212.065228000649
75 746.8191336168268 48.5 143.93477083530155 97 192.43477083530155 13779.646028641155 0.3063734889723264 13730.839655152184
3 30.47750899633519 55.0 163.5270549630803 110 218.52705496308033 14504.558167257073 58.076609184731765 14391.481558072343
15 83.37086798320516 54.0 159.10064662558435 108 213.10064662558437 14460.579412234365 49.87025012362372 14356.709162110741
38 383.3162363358072 51.0 154.4361027757302 102 205.43610277573023 14163.363160738121 12.192299540688396 14100.170861197434
37 381.7065458834318 51.5 155.41646898086677 103 206.9164689808668 14245.183509367083 13.301989993063842 14180.38151937402
49 516.3930530242372 50.5 150.7278276829099 101 201.22782768290986 14115.925695658236 0.0 14065.425695658238
51 545.080297665182 50.5 150.06309782428465 101 200.56309782428463 14110.083453592488 19.137028860879695 14040.446424731608
66 660.7271982921832 50.0 151.97245981057978 100 201.97245981057978 14039.539682707931 0.4330329661046335 13989.106649741827
81 782.3420726926145 49.5 146.1789838878198 99 195.6789838878198 13941.699251761645 0.4197139428108585 13891.779537818835
82 785.505052809461 49.5 149.39668983507408 99 198.89668983507408 13943.13062161254 0.3774852820720298 13893.253136330468
41 405.38785734996253 52.0 151.6879747726947 104 203.6879747726947 14339.776105712277 44.05631040434281 14243.719795307936
13 82.07762323432284 55.5 165.01709566464552 111 220.51709566464552 14683.666395572594 64.75357843506455 14563.41281713753
99 999.6827129178985 49.0 145.62925611927326 98 194.62925611927324 13780.825270381567 0.0 13731.825270381567
80 778.5930316748818 50.0 154.6984244575194 100 204.69842445751937 14008.596886773592 0.0 13958.596886773592
4 31.619080212444494 56.5 168.0197563785615 113 224.5197563785615 14758.678708828465 70.9070968093669 14631.271612019098
71 720.1423562747302 50.5 148.39614198240426 101 198.89614198240426 14097.821110554281 0.04070502721469893 14047.280405527064
58 580.4061493452815 51.5 153.50986489360238 103 205.00986489360236 14255.400000665271 0.0 14203.900000665271
29 261.4536926921704 54.0 158.06614367558706 108 212.06614367558706 14582.60923563386 11.888424639503512 14516.720810994357
62 599.2638842956029 52.0 153.99417820487025 104 205.99417820487025 14310.217763367467 0.21378631958396 14258.003977047882
91 890.2975946239218 50.5 149.17178360196 101 199.67178360196 14020.98582364288 0.35114224506924074 13970.13468139781
52 547.920255419691 52.5 156.9998818065862 105 209.4998818065862 14374.856498785164 17.79707110637071 14304.559427678792
84 806.5561919217707 51.0 154.07053429780407 102 205.0705342978041 14124.165912750905 0.0 14073.165912750905
65 639.7836231420216 52.0 156.6059340804333 104 208.60593408043334 14304.917100683098 0.0 14252.9171006831
22 149.09358435489614 56.0 170.38934102145117 112 226.3893410214512 14814.171260763724 37.1806097469545 14720.99065101677
45 462.7214565878977 53.5 160.7577472529219 107 214.2577472529219 14515.537759228375 0.23469912779586366 14461.80306010058
83 802.8021127318858 51.5 157.55480988626485 103 209.05480988626488 14177.985421045309 0.4128124031927882 14126.072608642116
40 403.7243992444817 54.0 158.2538117064131 108 212.2538117064131 14581.42712356602 47.856811530478694 14479.570312035541
96 947.3077357674912 51.0 152.5271682508152 102 203.52716825081524 14047.754374585962 0.09315966161398137 13996.66121492435
89 854.8975413888141 51.5 154.62018132964354 103 206.12018132964354 14152.00090328789 0.0 14100.50090328789
44 462.45615571569357 54.0 161.43341028952008 108 215.4334102895201 14559.079404854197 0.0 14505.0794048542
39 400.765615958274 54.5 162.57561700421184 109 217.07561700421184 14623.735494899778 55.47786734861893 14513.75762755116
94 934.0262217952845 51.5 153.56892191247636 103 205.06892191247638 14094.865509717643 0.0 14043.365509717643
28 243.68958579442236 56.0 169.05907555898412 112 225.05907555898415 14790.566305382614 80.03947670733842 14654.526828675274
76 750.658371016723 52.5 155.07499300572746 105 207.57499300572744 14295.94048499775 0.0 14243.44048499775
60 586.1893612122501 53.5 158.71885963217866 107 212.21885963217866 14464.869753295781 0.0 14411.36975329578
34 325.2965329603392 55.5 168.95554959639855 111 224.45554959639855 14734.966589018315 18.8526536022016 14660.613935416113
86 817.0634620288091 52.5 153.49473851858193 105 205.9947385185819 14249.960035164813 0.0 14197.460035164813
35 358.4245227607775 56.0 164.0903418597811 112 220.09034185978112 14748.853750880211 27.27406003677754 14665.579690843433
101 1024.6343224233538 52.5 155.07002876631026 105 207.5700287663102 14093.478658998769 0.0 14040.978658998769
85 808.8630406265498 53.5 153.65123693355247 107 207.15123693355247 14318.343554971316 0.0 14264.843554971314
102 1026.701147309904 53.0 157.5907083079536 106 210.5907083079536 14120.007142511475 0.0 14067.007142511477
74 746.1255071057991 54.5 161.45853440367205 109 215.95853440367208 14416.65310150938 0.0 14362.153101509379
26 217.77293193090088 58.5 179.99481269753204 117 238.49481269753204 14952.149687277406 37.092400287943406 14856.557286989462
92 918.6886285309589 54.0 167.9323787263026 108 221.9323787263026 14254.336729953471 0.0 14200.336729953471
47 490.0111089546277 56.5 167.87465381834102 113 224.37465381834105 14688.273893344878 9.863452714506423 14621.910440630372
98 961.089947606584 54.5 162.64811420186234 109 217.1481142018623 14238.13683934543 0.0 14183.63683934543
77 751.4718830213693 55.5 173.1356266241896 111 228.63562662418957 14453.159188289463 0.0 14397.659188289463
93 923.9398633235353 55.0 161.52178398648206 110 216.52178398648203 14287.836671227238 0.0 14232.836671227238
55 559.5192969177114 57.5 171.73685330570834 115 229.23685330570834 14669.532100699898 11.698029608350339 14600.334071091547
48 513.8014628547135 58.5 179.3020587003149 117 237.80205870031483 14734.47597792092 0.3163383975237366 14675.659639523397
63 605.1535841805899 58.0 173.99100115671652 116 231.9910011567165 14644.37630683641 0.0 14586.376306836411
78 753.687379173955 58.0 168.3265835921377 116 226.3265835921377 14511.090672055027 0.0 14453.090672055027
72 737.9530469400285 59.0 169.94884336350214 118 228.9488433635022 14540.557431654855 0.0 14481.557431654857
97 960.3942274044826 58.5 174.62041556633122 117 233.1204155663312 14324.80112885496 0.13226361167858158 14266.168865243282
23 172.48079564543514 64.0 188.35594771307208 128 252.3559477130721 15116.566641254298 87.40423668840594 14965.162404565892
73 739.9957193072861 60.5 183.28336084550799 121 243.78336084550799 14554.180490147373 0.3011277420514489 14493.379362405321
90 877.0434110922994 60.5 177.8265582188631 121 238.32655821886317 14421.17480810822 0.0 14360.674808108222
