# Cpu scheduler: sjf
# Quantum: None
pid arrival_time cpu_bursts_time io_bursts_time nbursts bursts_time tat ready_wait_time io_wait_time
3 3.7203745239284967 40.0 18.02030714772613 3 58.02030714772613 159.9623337711123 99.41586302406151 20.54647074705077
12 56.691088831705684 40.0 12.821962391391994 3 52.82196239139199 218.99161946333513 158.36475012434846 20.626869338986637
10 38.72566282303001 60.0 28.272039599351462 5 88.27203959935146 319.9570454720108 193.79816472910485 66.15888074290595
0 2.1827082950407766 100.0 65.24749198427281 9 165.2474919842728 409.1478473399326 177.3189678937886 131.82887944614396
9 37.8389705426915 160.0 100.8537862488528 15 260.85378624885277 696.1619906326365 169.93560799982887 366.22638263280766
4 5.407441329195374 42.0 128.88445458125065 167 170.88445458125062 11221.597072796903 108.91476377784784 11070.682309019054
13 60.68439169614304 41.5 125.45045853838744 165 166.95045853838744 11252.71531314214 153.29076463493442 11057.924548507206
11 45.50632235218859 44.5 130.28860008217038 177 174.78860008217035 12070.082580861088 90.80667368427538 11934.775907176812
25 194.7902156301571 43.5 130.82294849924526 173 174.32294849924529 12327.019978977229 67.91314855431145 12215.606830422917
69 657.8343521373854 41.5 121.14302050211698 165 162.643020502117 12174.938149706759 0.0 12133.438149706759
6 19.084476588247625 47.5 140.17368555460374 189 187.6736855546037 12816.013999483146 90.08910697123756 12678.42489251191
41 373.04953346149966 43.5 127.29142386518447 173 170.79142386518447 12559.92147303197 45.60022775750252 12470.821245274466
8 26.6882543822909 48.0 147.02930214008433 191 195.02930214008433 13030.451409329353 136.17991298764747 12846.271496341706
29 236.56478897607195 45.5 134.33285498498066 181 179.83285498498066 12975.786399432773 69.0806518633087 12861.205747569462
56 533.6053855989011 44.0 127.93217171989276 175 171.93217171989278 12812.710002582924 33.56248231411894 12735.147520268805
7 20.508374892066247 49.5 141.934491977648 197 191.434491977648 13403.473050206185 62.7815036994775 13291.191546506709
52 509.2695500586489 44.5 125.37078686949818 177 169.87078686949818 12943.144650886547 0.0 12898.644650886547
71 676.0717110265904 44.0 127.56045960681527 175 171.56045960681527 12882.890893549735 0.0 12838.890893549735
24 191.54082853169513 47.5 140.18398726638998 189 187.68398726638998 13421.057377901303 83.27341671567578 13290.283961185629
2 2.4070508280771845 50.5 153.06443686698066 201 203.56443686698066 13652.32489129475 121.8104224758146 13480.014468818934
18 145.90494024254903 48.5 143.6233669361588 193 192.1233669361588 13514.51755975981 75.49633934773942 13390.52122041207
57 535.5904058776496 45.5 136.42884283397456 181 181.92884283397456 13210.242673273497 26.4862220693052 13138.256451204194
30 237.62042415391105 47.5 144.35696473126893 189 191.85696473126893 13528.009094147432 74.22888882335741 13406.280205324074
59 550.9449828483503 45.5 136.91508688779473 181 182.41508688779476 13223.911533407188 2.5771122729514673 13175.834421134236
15 110.16592424543754 49.5 153.28974238123027 197 202.78974238123027 13669.259534223625 67.41344628680582 13552.34608793682
5 12.804082076810378 51.0 147.61657317522042 203 198.61657317522042 13771.726232959028 113.44572598691016 13607.28050697212
20 160.91906698910677 49.0 150.91001229833842 195 199.91001229833842 13629.108572459674 42.130990918426875 13537.977581541247
44 416.11346257913897 46.5 138.14384389300932 185 184.64384389300932 13379.312718146839 3.7170930558343684 13329.095625091004
26 222.5298002735788 48.5 141.86723981355578 193 190.36723981355573 13687.967430081968 24.19853521461596 13615.268894867351
16 119.49595462534964 50.0 143.864293810025 199 193.864293810025 13802.734479014724 48.119354895609206 13704.615124119115
39 356.0330883979646 47.5 142.6875984756449 189 190.18759847564496 13595.606053753245 4.711873163553776 13543.39418058969
92 816.0711786011483 45.0 129.64231621422374 179 174.64231621422374 13143.073356579907 0.0 13098.073356579907
82 737.9593409831658 45.5 136.66644096155574 181 182.16644096155574 13264.758160278665 6.041620192162213 13213.216540086501
47 465.70594534539777 47.0 137.62784682143314 187 184.62784682143314 13545.550905873639 18.01994282227639 13480.530963051364
63 584.5758774051122 46.5 131.80120640213033 185 178.30120640213033 13471.981388258864 0.0 13425.481388258864
78 714.0450910757744 46.0 141.57291938599676 183 187.57291938599678 13366.195395751567 19.955870099553636 13300.239525652012
34 282.09761084762334 49.0 147.664940424051 195 196.664940424051 13874.368931536885 19.827478375614362 13805.54145316127
38 352.3112780233849 48.5 141.54582264716947 193 190.04582264716947 13811.129029364149 7.937172973430677 13754.691856390718
54 517.4274335385998 47.5 141.61347083701634 189 189.11347083701634 13654.806686002246 0.0 13607.306686002246
61 577.9113810457957 47.5 140.20421308043217 189 187.70421308043217 13672.12078397298 0.0 13624.620783972981
37 344.2589122867192 49.0 145.32565829690012 195 194.32565829690012 13920.835150989908 15.730447183682202 13856.104703806224
1 2.1827082950407766 53.5 159.198111148656 213 212.698111148656 14313.61254582737 109.49432744674533 14150.618218380623
100 910.0832592884524 46.5 137.09856490984305 185 183.59856490984308 13434.58151539628 0.08893470196426279 13387.992580694316
74 694.1366706682065 47.5 141.55238305949888 189 189.05238305949888 13681.367544570516 0.0 13633.867544570518
65 599.6766588265801 48.0 139.55097184797432 191 187.55097184797432 13777.38135677747 0.0 13729.38135677747
67 626.3372316598014 48.0 143.98778642700515 191 191.98778642700512 13776.138191684595 13.421572087368645 13714.716619597226
50 476.03198794941517 49.0 141.14799166607528 195 190.1479916660753 13952.78005931841 0.5013747042041246 13903.278684614204
86 783.363130612725 47.5 143.7757087439417 189 191.27570874394172 13659.10335847207 0.0 13611.60335847207
66 602.0007519486256 48.5 145.4459192235344 193 193.9459192235344 13868.569203863039 0.0 13820.069203863039
93 837.444363969001 47.5 140.5469306572312 189 188.0469306572312 13647.00545893671 0.0 13599.50545893671
79 733.9358634294067 48.0 140.67589634913983 191 188.67589634913983 13761.580403761058 7.565097745921321 13706.015306015135
19 155.83906762516176 52.5 156.54407581510847 209 209.04407581510847 14368.198438649422 56.81146237325564 14258.886976276166
87 788.3356526340127 48.0 142.78669715831657 191 190.78669715831654 13747.49372954627 0.0 13699.49372954627
31 243.41999853716817 51.5 156.85127488570086 205 208.35127488570086 14351.997006029567 52.700761206498186 14247.796244823068
75 695.8629715464044 49.0 149.61627528165556 195 198.61627528165556 13942.146934881908 0.0 13893.146934881908
76 697.5098200168708 49.0 143.9731639697975 195 192.97316396979753 13941.795228195404 0.0 13892.795228195404
28 232.73886888959973 52.0 157.68507790067164 207 209.68507790067162 14417.7225880225 92.99989296456425 14272.722695057935
68 654.9248022125731 49.5 148.60869000787707 197 198.10869000787704 14025.400120045275 0.0 13975.900120045275
80 735.6581528805792 49.5 145.91055493293226 197 195.41055493293223 14000.861892378272 6.9748533285965095 13944.387039049676
98 858.9776843734885 49.0 144.06267306798603 195 193.062673067986 13880.388248328283 0.42847540186471633 13830.959772926419
58 540.9430468343811 50.5 148.32082882741707 201 198.82082882741707 14202.006749360171 17.14588370149545 14134.360865658677
43 407.9479073581284 51.5 148.06237279431235 205 199.5623727943123 14347.004438367216 8.882648276844918 14286.62179009037
90 807.4298080103969 49.5 146.48584132794088 197 195.98584132794088 13973.118191017436 0.3317566487332897 13923.286434368703
23 188.39989462083176 53.5 158.97396882343367 213 212.47396882343367 14603.4969121964 115.15910473765013 14434.83780745875
84 775.7169824238965 50.0 145.38352371387373 199 195.38352371387376 14043.784132366636 0.0 13993.784132366638
72 679.8603747109169 50.5 150.97329864270364 201 201.4732986427036 14156.79440440841 0.0 14106.29440440841
27 224.43908575225404 54.0 156.74265129218287 215 210.74265129218284 14659.311250899751 17.45508556320999 14587.856165336541
101 928.5435979371615 50.0 149.80479701550894 199 199.80479701550894 13963.246773189026 0.0 13913.246773189025
46 456.02981102867295 52.5 162.86296713239895 209 215.36296713239898 14456.410982985808 48.10266703112745 14355.80831595468
96 853.4477460993434 50.5 154.16170224381594 201 204.6617022438159 14067.033434108887 0.758572202978371 14015.77486190591
36 309.63821872934477 53.5 157.3387958946769 213 210.83879589467688 14618.569293280336 51.94940783779629 14513.119885442542
85 776.5181154696304 51.0 150.22912811490366 203 201.22912811490366 14160.51765421356 0.36103687448610344 14109.156617339075
22 184.28489428715943 55.0 165.09220956066318 219 220.09220956066318 14753.992165097125 32.039995199539476 14666.952169897584
60 573.9466661576779 52.0 153.50346644540713 207 205.50346644540707 14365.37874672299 0.0 14313.37874672299
51 502.6227976414164 52.5 150.50241663093163 209 203.00241663093158 14446.416236485464 0.06860204321617402 14393.847634442247
94 847.4549312702826 51.0 152.7539586659116 203 203.75395866591163 14122.682717090298 0.274939132547388 14071.407777957751
33 273.30783115139985 54.5 161.5767238730746 217 216.0767238730746 14714.991693052387 10.67257828919162 14649.819114763195
104 983.8337945418074 51.0 158.6848893548336 203 209.68488935483356 14029.642206513836 0.17931741185475403 13978.462889101982
77 698.5443926581221 52.5 156.0636714593984 209 208.5636714593984 14347.53407127982 0.0 14295.034071279822
83 740.9349929082648 52.5 156.23403205626414 209 208.73403205626414 14322.771356751646 4.5659682670632264 14265.705388484583
88 790.8372239495418 52.5 155.1207488054531 209 207.6207488054531 14283.313273074291 0.0 14230.813273074291
32 252.03048896408146 56.0 172.9112904390023 223 228.9112904390023 14850.209063599577 40.72704775171775 14753.48201584786
70 671.7214916125564 53.5 155.15668713520319 213 208.65668713520319 14437.801458480702 0.0 14384.301458480702
89 796.3299143581521 53.0 157.97938558818734 211 210.9793855881873 14316.605395094693 0.0 14263.605395094693
64 588.1300101082808 54.0 158.9696629308593 215 212.96966293085933 14528.147217502003 0.0 14474.147217502004
40 361.60055834681816 55.5 170.1913148854765 221 225.69131488547652 14761.022792255493 93.00793677104411 14612.514855484449
102 977.666803904212 52.5 155.57827347194785 209 208.07827347194785 14149.687747280943 0.23245763208410608 14096.95528964886
95 853.2868804394067 53.0 157.0897355009909 211 210.08973550099088 14276.818476889082 0.4194378629150606 14223.399039026168
42 386.815858662639 55.5 163.73513803515345 221 219.23513803515345 14746.82890068274 26.583291347581678 14664.745609335157
48 471.23606027974535 55.0 161.02857771947282 219 216.0285777194728 14663.999844549851 5.351494108265058 14603.648350441586
21 167.38040243082605 58.0 174.4091836718983 231 232.4091836718983 14984.830744272396 109.56642483955909 14817.264319432838
17 128.89251932332016 58.5 173.00979588317057 233 231.50979588317063 15028.977840640979 78.03925847148426 14892.438582169494
99 879.2074135376927 53.5 156.60189375719702 213 210.10189375719705 14281.957258311317 0.1653463031946103 14228.291912008122
49 471.6448944995198 56.0 165.23207331081971 223 221.23207331081971 14706.737207058852 4.085752739464908 14646.651454319386
45 437.6899271884957 56.5 165.08109338098888 225 221.58109338098888 14749.298522293058 0.0 14692.798522293058
55 522.1156700117184 56.0 165.87676147086643 223 221.87676147086637 14667.661528347686 56.984004360157655 14554.677523987528
14 81.36273296885624 60.5 178.30135939041244 241 238.80135939041241 15116.591481219994 68.93680729615929 14987.154673923835
97 854.7522730526849 55.0 162.25530164070915 219 217.25530164070915 14352.048379729951 0.0 14297.048379729951
62 580.6704460443382 57.0 170.54476332938614 227 227.54476332938611 14639.438695614079 0.08968956020294172 14582.349006053875
73 683.7087799432279 57.0 170.48387005779574 227 227.48387005779574 14546.32619651615 0.0 14489.32619651615
53 511.6223447466047 58.0 175.06964207604605 231 233.06964207604608 14721.813568777256 0.0 14663.813568777256
35 292.05191117889024 59.5 178.6963878425064 237 238.19638784250643 14942.74807923811 100.80770396398106 14782.440375274131
91 809.6266723682213 58.0 174.51444803000427 231 232.51444803000425 14438.674147517262 0.0 14380.674147517264
103 983.0327390342756 62.5 183.09246093106776 249 245.59246093106776 14297.572136140383 0.480372919386582 14234.591763220997
81 736.3334517943189 65.5 200.56525417219683 261 266.0652541721968 14552.661421614088 6.667509381009154 14480.493912233078
