# Cpu scheduler: sjf
# Quantum: None
pid arrival_time cpu_bursts_time io_bursts_time nbursts bursts_time tat ready_wait_time io_wait_time
0 1.598165288858202 60.0 33.031591079992054 3 93.03159107999205 261.0 157.2868633363274 43.713136663672586
5 18.127549893932954 60.0 26.379928590267323 3 86.37992859026733 294.97061539492523 186.4880153796426 48.482600015282614
6 25.292098335063574 60.0 29.39034836786739 3 89.39034836786739 319.8060669537946 203.22035745347807 56.585709500316526
3 4.895938266412695 140.0 89.23242460331086 7 229.23242460331087 666.0534428172201 215.78858249468533 310.2648603225348
9 36.79519612456968 140.0 94.5206725689051 7 234.5206725689051 692.1692818933981 202.6599489483438 349.5093329450542
35 307.08214904568945 41.5 119.66137732605321 83 161.16137732605318 11956.241867978213 32.88915531772648 11881.852712660486
79 683.4423998714642 40.5 117.95413651302505 81 158.45413651302505 11952.238647535403 0.2018880385370494 11911.536759496867
21 179.59802002413713 44.0 125.20462445446417 88 169.20462445446418 12500.176722752856 97.71588828969837 12358.460834463158
43 403.7306884525725 42.5 125.40479355785752 85 167.90479355785752 12377.730873613857 11.909874992185166 12323.320998621673
19 172.56503440803897 44.5 129.14859643876156 89 173.64859643876156 12650.905830621272 126.43230732023343 12479.973523301038
70 630.6142966286864 41.5 116.01418232360582 83 157.5141823236058 12235.272033335432 1.5777820850815942 12192.19425125035
25 209.48451078403 45.0 132.9390626635576 90 177.93906266355756 12839.997182410158 57.0343909948173 12737.96279141534
63 611.1150384852169 42.5 122.9932302510676 85 165.49323025106762 12502.447817282955 21.25669843054618 12438.691118852408
100 961.141934564552 41.5 118.63113315960275 83 160.13113315960277 12277.227172743529 0.4158206121110197 12235.311352131419
47 425.30040097431163 44.5 131.79133899975574 89 176.29133899975574 12971.895198191101 30.95840573632711 12896.436792454775
34 300.06316558105254 46.0 136.3693667615467 92 182.3693667615467 13225.748548894035 67.0654747926576 13112.683074101376
30 261.8126067013933 46.5 139.5928996165852 93 186.09289961658527 13316.819400364277 68.89795212080418 13201.42144824347
31 271.1177387499108 46.5 140.18698005064633 93 186.68698005064633 13321.35854203911 62.28110576175442 13212.577436277354
22 181.67893110240726 47.5 139.2296681580679 95 186.72966815806794 13470.766601898162 88.98369942639968 13334.282902471763
65 614.1262411597814 44.5 129.50277916946524 89 174.00277916946524 13042.908583489409 16.081278462073897 12982.327305027335
1 1.598165288858202 51.0 148.93493149174697 102 199.93493149174702 13827.1148438663 137.754861752559 13638.359982113741
88 793.7821476231379 44.5 132.10680621743032 89 176.60680621743032 13055.540874340426 0.0 13011.040874340426
2 3.9299142843614603 51.0 152.758884400155 102 203.758884400155 13887.267400543351 176.546891998423 13659.720508544928
40 383.10412183734593 47.0 141.23244269299894 94 188.23244269299897 13575.005979786863 64.06241047712058 13463.943569309744
42 397.27987585803055 47.0 140.66068332529653 94 187.66068332529653 13584.557852278998 25.152328051642257 13512.405524227355
82 710.9300463995016 45.5 141.13686644639634 91 186.6368664463963 13301.023631361304 18.5344316184661 13236.98919974284
26 232.8925737872479 49.0 138.2811162388023 98 187.28111623880227 13914.946678888527 71.21618035931164 13794.730498529218
8 33.53557666684116 52.0 151.0510635550275 104 203.05106355502744 14135.539421235026 83.75516451696578 13999.784256718061
49 436.24310397715175 47.5 143.9729095944844 95 191.4729095944844 13734.153579257083 6.686517047349582 13679.967062209733
50 457.26744249646595 47.5 145.08007047943275 95 192.58007047943272 13733.404100801914 55.24497404161076 13630.659126760303
14 104.64274112792513 51.0 151.91238186810853 102 202.91238186810853 14151.646068853914 125.88338658873431 13974.76268226518
28 247.37780553833082 49.5 148.08081619509338 99 197.58081619509335 14025.89532795531 58.48544330944688 13917.909884645862
75 649.033358845469 47.0 140.94673741181919 94 187.94673741181919 13653.467718125898 0.0 13606.467718125898
24 201.7968641400892 50.5 152.8713690393017 101 203.37136903930173 14202.02256972278 25.133329846185177 14126.389239876595
73 646.8923491773295 47.5 143.66370510102215 95 191.16370510102212 13760.519346929188 0.0 13713.019346929188
55 548.143114810839 48.0 143.96943106740557 96 191.9694310674055 13861.979044350906 38.03491277402327 13775.944131576884
4 14.538519455120248 53.5 159.95926107737856 107 213.45926107737856 14461.312588310082 154.07008211839718 14253.742506191684
23 189.11918668197853 51.0 155.3340116468629 102 206.33401164686293 14301.590204706123 66.45055662716891 14184.139648078955
48 432.6396255175021 49.0 144.68264794722555 98 193.68264794722558 14066.437402247504 14.241234534333046 14003.196167713171
16 129.53268627701496 52.0 153.41509983881465 104 205.41509983881468 14416.673990936302 70.24139968965767 14294.432591246643
69 628.1638738243711 48.5 142.8207658556335 97 191.32076585563348 13977.670148276797 2.579181983024796 13926.590966293772
10 38.21547465915452 54.0 161.76331546274446 108 215.76331546274446 14573.661593249952 59.803289219822034 14459.85830403013
72 645.3044731894684 48.5 142.68291710576105 97 191.18291710576102 13969.889800611894 0.0 13921.389800611894
56 548.8837307971833 49.0 140.20319621086261 98 189.20319621086264 14068.83083601481 36.685125423969 13983.14571059084
91 830.871030405358 48.0 140.8774401000573 96 188.87744010005736 13847.417746865005 0.0 13799.417746865005
46 416.8916723811914 50.0 147.849508665529 100 197.84950866552902 14264.790700770718 56.54935206334005 14158.241348707377
64 611.2053367271363 49.0 148.57259683681795 98 197.57259683681798 14073.055870077282 20.465421368335114 14003.590448708946
101 977.0156531505288 47.5 136.37068988125046 95 183.87068988125043 13710.546191951917 0.4248581702804586 13662.621333781635
37 340.57755221030567 51.0 153.11341702401987 102 204.11341702401984 14385.372137056363 47.770935381978006 14286.601201674384
103 988.9460774166073 48.0 138.87466978351603 96 186.87466978351605 13787.733517533157 0.26955954557377027 13739.463957987584
32 278.2288698947703 52.0 156.09616333516615 104 208.09616333516607 14534.168191778444 50.65083816053385 14431.51735361791
15 123.19091723408827 53.5 157.95535657300636 107 211.45535657300633 14692.110808802183 88.06233657268233 14550.5484722295
89 796.1454098473329 49.0 143.19347902489162 98 192.1934790248916 14020.285145346641 0.046987537556788084 13971.238157809084
78 682.5241002591342 49.5 146.23680607032188 99 195.7368060703219 14139.768434711094 0.42528082449859994 14089.843153886593
44 408.8395186960554 51.0 151.7142921034957 102 202.71429210349572 14416.66276210665 6.162072652280472 14359.50068945437
68 625.5035013864889 50.0 150.59043116313595 100 200.59043116313595 14239.601376635721 4.188577327279063 14185.412799308442
36 318.6135509446447 52.0 159.0534561376373 104 211.05345613763728 14559.968052251133 71.50697785997556 14436.461074391158
77 679.8041015664262 50.0 148.501459482294 100 198.50145948229397 14218.69491746929 1.6452795172066317 14167.049637952083
58 556.1405823916367 51.0 152.66655276584603 102 203.66655276584598 14398.874047557078 25.918667082771094 14321.955380474308
38 347.2018049214009 52.5 157.27500128532307 105 209.77500128532307 14620.029132947251 23.358747364233636 14544.170385583016
81 707.6477610251588 50.5 150.07310534567097 101 200.57310534567097 14277.761845815598 0.0 14227.261845815598
13 74.09051141726464 55.5 167.27669527179532 111 222.77669527179532 14922.784596216141 144.63464732028535 14722.649948895854
102 978.5804925192319 49.5 150.62584041875616 99 200.12584041875613 14023.74009104976 0.0 13974.24009104976
71 642.8910197531652 51.0 147.8970898212118 102 198.8970898212118 14376.123842422588 0.0 14325.12384242259
86 782.1715834824054 50.5 154.69796493130406 101 205.19796493130403 14245.574603056095 0.0 14195.074603056095
41 387.7726552190747 52.5 154.03990924748243 105 206.5399092474824 14642.978260658061 50.2034336885514 14540.27482696951
61 586.3470610155308 51.5 155.2424606709592 103 206.7424606709592 14462.003160145623 0.0 14410.503160145623
54 501.6710294531624 52.0 158.28203209590038 104 210.28203209590035 14554.128662321264 55.54958754164579 14446.579074779618
39 374.89061073272785 53.0 154.61597754882052 106 207.61597754882052 14703.28958779914 6.386659067548067 14643.902928731592
76 673.6983618918036 51.5 151.03194820439415 103 202.53194820439415 14417.947702927366 4.751019191829187 14361.696683735538
80 701.1825328000527 51.5 152.8977984043514 103 204.39779840435142 14409.419620746008 0.09236318081400441 14357.827257565194
93 857.6489485445653 51.0 151.01670476323625 102 202.01670476323625 14269.347903681757 0.0 14218.347903681757
57 551.7000182176938 52.5 159.45232631577136 105 211.95232631577136 14585.327527542442 32.876847489947295 14499.950680052496
33 281.0411805368857 54.5 158.71803840834698 109 213.218038408347 14863.99546792689 43.26383186551419 14766.231636061377
95 925.1520534476565 51.0 154.11624499943122 102 205.11624499943122 14221.754020289261 0.4743624992496507 14170.279657790012
60 579.2624685056725 52.5 157.82364081478318 105 210.32364081478318 14577.319093340373 1.818163801577839 14523.000929538795
20 174.8790628780999 55.5 169.4400494081856 111 224.94004940818556 14994.0602499251 107.90379603209837 14830.656453893002
74 648.2019359849089 52.5 155.25585340765014 105 207.75585340765014 14534.576102572688 0.0 14482.076102572688
59 578.866054042837 53.5 154.09505500862193 107 207.5950550086219 14659.916519455976 1.7145782644132623 14604.701941191563
27 234.14336031954173 56.0 169.62519755109597 112 225.62519755109594 15020.450376438834 56.804829124525156 14907.645547314309
94 902.3899797786012 52.5 152.4249526220429 105 204.9249526220429 14364.529303678357 0.0 14312.029303678357
52 493.00266728582403 54.5 160.19735568942554 109 214.69735568942554 14784.64516792947 1.2446222347837193 14728.900545694685
83 710.9793062675783 53.5 151.85553515494712 107 205.35553515494718 14573.809728538343 18.98517175038944 14501.324556787953
92 841.5290698980224 53.0 157.72425375780446 106 210.7242537578045 14449.551345782776 0.0 14396.551345782776
104 999.8741596191157 52.5 154.0494983499816 105 206.5494983499816 14298.112273686074 0.0 14245.612273686074
51 491.36676622129477 55.5 168.5134379317164 111 224.01343793171642 14849.413502811532 2.0496455892811127 14791.863857222252
29 252.5303703503141 57.5 173.06282966642365 115 230.56282966642365 15104.427495863369 47.781514752602476 14999.145981110767
45 409.75904772254773 56.5 178.005869074603 113 234.50586907460297 14961.54351053126 3.520556393104812 14901.522954138156
12 63.31069067620038 60.5 185.40254234117077 121 245.90254234117077 15323.893503158624 63.236659247882386 15200.156843910741
17 151.63154464362188 59.5 180.45111622001872 119 239.95111622001872 15262.33253177016 87.95833912045097 15114.87419264971
87 786.3997536060939 55.5 164.63816531055943 111 220.13816531055943 14630.40875710534 0.0 14574.90875710534
97 946.1784768037695 55.0 159.62883376063445 110 214.62883376063442 14475.219496027468 0.11641323618607657 14420.103082791282
90 820.8449213610176 55.5 163.61346978745 111 219.11346978745001 14603.51014904666 0.0 14548.01014904666
62 600.2826145568037 56.5 167.2495910985939 113 223.74959109859387 14827.300728262042 35.53407013837625 14735.266658123664
53 495.09938230149055 57.5 171.40399982487938 115 228.90399982487935 14943.344663462443 0.781469051430463 14885.063194411014
85 778.2724290114642 56.5 176.8533495802058 113 233.35334958020576 14670.855432747758 0.0 14614.355432747756
66 614.3298497286291 57.5 167.62235850270903 115 225.12235850270903 14843.807907284481 15.60323098662684 14770.704676297853
11 59.78648011301024 62.5 184.9993116847975 125 247.4993116847975 15400.738549168038 95.20623287877025 15243.03231628927
96 933.3941406163262 57.0 165.0235867012566 114 222.02358670125653 14541.123018427397 0.0 14484.123018427397
98 947.1011693982039 57.0 170.5839197494899 114 227.5839197494899 14529.082052825088 0.0 14472.082052825088
99 957.2091880262653 57.0 174.5949055595756 114 231.59490555957558 14520.422895198342 0.0 14463.422895198342
7 25.318409214339965 64.0 184.3553952200258 128 248.35539522002577 15457.017703829744 102.1638345408306 15290.853869288912
84 714.4487677809162 58.5 168.66938184214413 117 227.16938184214416 14770.70107302947 17.015710237051508 14695.185362792417
67 621.158853409008 60.5 174.3101719066314 121 234.8101719066314 14874.073619367316 6.617249626095486 14806.95636974122
18 155.93219922301637 64.0 189.10185692382763 128 253.1018569238276 15340.367472121026 78.25052919556836 15198.116942925457
