# Cpu scheduler: sjf
# Quantum: None
pid arrival_time cpu_bursts_time io_bursts_time nbursts bursts_time tat ready_wait_time io_wait_time
10 39.007269925379546 40.0 18.85237679976188 2 58.852376799761885 230.61167582946092 149.84532544983273 40.76635037962819
4 17.286237914543545 80.0 50.09534136372016 4 130.09534136372017 411.8327078402969 179.42279456404373 152.40991327625318
7 25.568336384572163 80.0 49.906101774163744 4 129.90610177416374 430.46613823751034 184.1366858477142 166.3294523897961
0 1.6189457548404629 100.0 67.00812576869252 5 167.0081257686925 492.07788873377393 178.8711054813807 213.20678325239322
3 14.68969162348432 120.0 69.25500401987611 6 189.2550040198761 644.0216904809203 200.98570662381476 323.0359838571055
18 112.52344034100135 40.5 121.8062233498887 81 162.30622334988868 11562.544779869537 56.94914046587466 11465.095639403664
61 461.0143635673674 39.0 113.99854487080478 78 152.99854487080478 11483.908213575563 1.5201110547150734 11443.388102520848
24 152.86989961976846 42.0 125.24108321166396 84 167.24108321166398 12120.02981086944 37.297222153887446 12040.732588715553
5 20.078723971913572 45.5 137.50141660175635 91 183.00141660175632 12601.419994956075 70.54054576676327 12485.379449189313
74 536.438599624001 42.0 123.17726680460913 84 165.17726680460913 12371.26269068073 19.37041937247193 12309.89227130826
20 141.24447228264785 44.5 131.30206358436212 89 175.80206358436212 12800.665513580687 56.21364736455169 12699.951866216135
13 65.8821518046015 45.5 133.59990950724475 91 179.09990950724475 12896.206067685354 102.15875790842234 12748.54730977693
93 722.2368084925608 42.0 122.96007747651252 84 164.9600774765125 12406.397963235611 0.0 12364.397963235611
8 33.16450204883356 47.0 142.9549306779628 94 189.9549306779628 13121.677500860473 56.73726735131185 13017.940233509162
51 371.36527664297927 44.0 134.27562340019904 88 178.27562340019904 12902.150276893046 14.854519273073493 12843.295757619971
35 250.59621644469036 45.0 136.01544494449573 90 181.0154449444957 13099.195405896853 57.209352539700376 12996.986053357152
91 681.6609532728389 43.0 125.65566386282451 86 168.6556638628245 12674.9902963176 0.2824765492664483 12631.707819768331
63 484.8303321729234 44.0 130.3252947402277 88 174.32529474022766 12910.497540072112 12.86650231569098 12853.631037756422
27 165.6782200066986 46.5 137.85573335089538 93 184.35573335089538 13435.559775217363 49.07687032485734 13339.982904892508
23 149.61794958076413 47.0 137.2730215098976 94 184.27302150989755 13508.555671562151 61.34112940937604 13400.214542152777
54 410.4137503779685 45.5 134.59784659181224 91 180.09784659181227 13301.2835426677 45.18848005947348 13210.595062608227
57 426.5882982339286 45.5 137.11281754134498 91 182.612817541345 13303.717079656542 16.47980919592021 13241.737270460622
87 668.3123345411949 44.5 129.56012903010526 89 174.06012903010526 13063.392038599693 0.3990475632097059 13018.492991036484
45 342.7643714833086 46.0 135.56146740736656 92 181.56146740736656 13421.320476750294 18.64547643831588 13356.675000311978
49 366.58849543594124 46.0 136.31430532494423 92 182.31430532494426 13423.850246765625 21.549265160362722 13356.300981605262
62 479.0125694527253 46.0 132.953742332138 92 178.95374233213798 13412.587348422758 16.184265035889098 13350.403083386867
82 607.6915358924323 45.5 138.79917517581234 91 184.29917517581234 13312.88454135204 0.0 13267.384541352041
16 95.17331931733914 49.0 148.48679224739615 98 197.48679224739615 13888.539860893563 81.07570636711633 13758.464154526448
17 109.21645427304848 49.0 148.13127504846216 98 197.13127504846216 13905.462525531088 80.39232112669596 13776.07020440439
11 45.9704402916975 50.5 151.40225407301565 101 201.90225407301568 14060.894569981683 83.57428824431035 13926.820281737373
71 534.3990949113651 47.0 145.13286557169542 94 192.1328655716954 13658.436754128987 23.676623654272248 13587.760130474715
98 781.3397321493189 46.0 136.98277445859102 92 182.982774458591 13421.046095444848 0.0 13375.046095444848
28 209.65211780431463 49.0 143.6205156655113 98 192.6205156655113 14032.602887202209 56.782411510702104 13926.820475691507
14 83.98374057938304 50.5 152.69213230700618 101 203.19213230700626 14183.732152282133 46.775239823987675 14086.456912458145
83 609.6958426886974 47.0 140.58718404864263 94 187.58718404864263 13661.039607580822 0.0 13614.039607580822
9 34.52115454830976 51.5 154.45857970914793 103 205.9585797091479 14268.926662650576 112.03622120251154 14105.390441448064
73 536.3263921765393 47.5 135.8129311643006 95 183.3129311643006 13774.28535339564 20.023560775264514 13706.761792620375
75 545.8805562212654 47.5 140.53016241143024 95 188.03016241143024 13775.295939705804 8.121998845864368 13719.673940859939
68 521.2924534931819 48.0 142.06352306640733 96 190.06352306640736 13874.271333149067 0.0 13826.271333149069
15 90.15989210385483 51.0 152.07855496580623 102 203.07855496580623 14319.503335685124 83.6333349610495 14184.870000724075
99 813.3199936737457 47.0 142.39740490751748 94 189.39740490751745 13624.171193039692 0.0 13577.171193039692
80 571.4575292421464 48.0 143.5845763597904 96 191.5845763597904 13881.797992183008 0.25052689641734105 13833.547465286592
39 295.4711740245631 49.5 151.31352328114767 99 200.81352328114767 14190.608203977263 11.194666751910916 14129.913537225351
41 306.6253765115501 49.5 142.0871481397871 99 191.58714813978708 14194.801807537739 53.037901148803996 14092.263906388935
79 563.9229040632104 48.5 143.41424885540812 97 191.91424885540815 13979.57386276642 0.0 13931.073862766421
21 146.02224485529183 51.0 151.4303619848401 102 202.43036198484006 14402.54583974462 82.6495475152849 14268.896292229336
66 518.0716477658335 49.0 147.89329486328197 98 196.89329486328194 14069.503758173438 0.0 14020.503758173438
102 835.2739389859546 48.0 143.23439607200984 96 191.23439607200982 13803.32221987908 0.0 13755.322219879079
64 502.57492548582366 49.5 147.3999218616037 99 196.89992186160373 14158.535018629447 1.6219090027907441 14107.413109626657
25 155.13300267098577 51.5 150.91248425857037 103 202.41248425857037 14513.248685138602 22.33087940334903 14439.417805735253
40 300.32705391972803 50.5 152.93956038316412 101 203.43956038316412 14370.615846501314 4.224929635649573 14315.890916865663
77 554.3645005308152 49.5 144.24364353308667 99 193.74364353308664 14156.454567984745 3.1380545363144847 14103.81651344843
81 581.2553052454841 49.5 141.8923866418448 99 191.3923866418448 14150.718133969047 0.32372034068623634 14100.89441362836
48 363.55163840199185 50.5 152.26265835149718 101 202.76265835149718 14370.382608071845 26.592204674706977 14293.290403397137
104 857.9810145729787 48.5 144.8233754481609 97 193.3233754481609 13882.898145864136 0.0 13834.398145864136
19 112.533871491088 52.5 156.60886674848035 105 209.10886674848038 14629.804784722139 51.79961638613615 14525.505168336003
70 529.2281946776224 50.0 146.69391343911255 100 196.69391343911255 14234.760684055884 30.92703311316302 14153.83365094272
89 674.3828497652019 49.5 148.8122268929662 99 198.3122268929662 14109.12780565883 0.13112893371021528 14059.49667672512
31 219.9476004678645 52.0 157.10173838912723 104 209.10173838912723 14595.916173803722 14.489508277006905 14529.426665526715
53 391.75388932211825 51.0 148.03289769340674 102 199.03289769340668 14440.329146078227 51.93086192196415 14337.398284156263
90 678.890872732595 50.0 149.7011491337051 100 199.7011491337051 14177.35314842119 0.2146857827231088 14127.138462638468
38 284.2320785130567 52.0 155.42386386109706 104 207.42386386109706 14596.77861798495 36.293101623383905 14508.485516361565
12 58.442096781930935 55.0 162.9676587557771 110 217.96765875577717 14903.00081908326 35.745000152149196 14812.255818931111
56 421.0868744372168 52.0 155.0722187484928 104 207.0722187484928 14559.746942580394 23.399040268296005 14484.347902312096
22 149.04981690275477 54.0 164.01468817807128 108 218.01468817807128 14854.799831453964 67.40716628383655 14733.392665170126
29 215.14025071842318 53.5 159.86315254903624 107 213.36315254903624 14796.335298950362 38.51202229937124 14704.32327665099
67 518.3396049631269 52.0 155.74281493830173 104 207.7428149383017 14508.060658402184 0.23204280270658728 14455.828615599477
72 535.0407814460146 52.0 151.56683182319233 104 203.5668318231924 14504.056664215932 21.99958117663914 14430.057083039292
60 448.7232586870398 52.5 158.05465428190683 105 210.55465428190686 14612.144518436242 11.311215935042696 14548.3333025012
94 740.5397621339602 51.5 154.55688334708674 103 206.05688334708677 14338.18386639482 0.0 14286.68386639482
84 611.4289173819183 52.0 154.45543413709512 104 206.45543413709512 14470.316657257426 0.0 14418.316657257426
76 554.2807757813891 52.5 151.8294308295661 105 204.3294308295661 14553.492102320795 2.721779285740581 14498.270323035056
43 338.33397615194013 53.5 159.3420321966535 107 212.84203219665352 14777.78427709542 23.703001555978688 14700.58127553944
47 360.0901651757779 54.0 161.5942932153691 108 215.59429321536913 14812.044634246808 30.123994493144835 14727.920639753662
30 218.07407420936102 55.0 163.0502821716342 110 218.0502821716342 14961.649322003675 24.25156687304701 14882.397755130627
1 1.6189457548404629 58.0 172.93380792257096 116 230.93380792257096 15193.884030135607 112.9272948599689 15022.956735275637
2 4.417609334270896 58.0 170.69914515128207 116 228.6991451512821 15194.884216792077 96.44808519935597 15040.436131592722
59 429.94950254429943 54.0 160.0595138094585 108 214.05951380945848 14774.187910750148 12.483003447719227 14707.704907302428
34 244.50857194646053 55.0 163.78849555395433 110 218.78849555395433 14963.188929698743 46.3441504959649 14861.844779202778
100 814.955275200339 52.5 151.81749066170084 105 204.31749066170082 14399.306426565157 0.47157980469160066 14346.334846760466
44 340.6787343829453 54.5 165.66868052083018 109 220.16868052083015 14875.129215622499 20.929420723729436 14799.69979489877
36 257.33316379825766 55.5 166.22283584328167 111 221.72283584328162 14992.927004737578 41.12967944166911 14896.29732529591
37 269.1134076439464 55.5 162.85181909032863 111 218.35181909032866 14983.5953167043 28.082882902179335 14900.012433802123
50 369.58022384777314 55.0 164.75409039720472 110 219.7540903972047 14890.869786799065 17.43384009280311 14818.435946706262
32 223.40183223317345 56.0 165.98064834365817 112 221.98064834365817 15043.13502437205 4.817735451110963 14982.317288920938
55 414.8475332605898 55.0 166.64876713027212 110 221.64876713027212 14861.84089722127 35.82916901925677 14771.011728202013
33 240.39688606003043 56.0 165.58705229486583 112 221.58705229486583 15042.626559096412 52.36101170065629 14934.265547395757
86 659.8416011571502 54.5 163.7550125839123 109 218.25501258391233 14645.65128814538 5.369780947254412 14585.781507198126
42 314.72827639236755 56.5 162.57580092405777 113 219.07580092405777 15011.576662310526 42.53915387523011 14912.537508435296
92 712.9298050892309 55.0 166.39331658283757 110 221.3933165828376 14629.743450333539 0.4460540052518809 14574.297396328288
85 615.6652347134788 55.5 166.47428136970754 111 221.97428136970757 14731.113521766116 0.0 14675.613521766116
65 505.073255628598 56.5 167.75042898340286 113 224.25042898340286 14860.882500817317 0.6235788600163801 14803.7589219573
46 349.6995627858953 57.5 177.77185289315247 115 235.27185289315247 15028.566943787962 11.074300961739823 14959.992642826224
26 157.20379981729798 59.0 168.7900002102453 118 227.7900002102453 15232.648122828155 70.55643588718749 15103.091686940968
88 670.9759071306181 56.5 171.86801214470813 113 228.36801214470813 14725.461123086896 0.0 14668.961123086896
52 374.1667781702809 58.0 168.39124507956421 116 226.39124507956421 15029.19482635395 9.802094122068354 14961.392732231883
78 559.0516891035223 57.5 169.04902466905497 115 226.54902466905494 14853.941953882497 0.6578724458240686 14795.784081436674
103 840.7715896032461 56.5 169.00041866233624 113 225.50041866233627 14576.376198077916 0.35820038562417267 14519.517997692292
96 766.5311289264204 57.0 167.37279174661097 114 224.37279174661103 14655.050529370317 0.0 14598.050529370317
101 833.0310033831171 57.5 170.27469236859847 115 227.77469236859844 14601.608421306193 0.0 14544.108421306193
95 758.7629701055264 60.0 176.074687112242 120 236.07468711224197 14712.98893979392 0.0 14652.98893979392
6 23.866388540947984 65.5 196.7599184051998 131 262.25991840519987 15452.351032518456 107.55515199502561 15279.29588052343
58 427.8260453671454 63.0 191.65927709742238 126 254.65927709742235 15060.127208892185 14.94197106509074 14982.185237827092
97 773.2548789373858 62.0 187.47749892110915 124 249.47749892110917 14717.217471092263 0.0 14655.217471092263
69 523.0516920020444 64.0 187.57668782866537 128 251.5766878286654 14971.109375480804 0.0 14907.109375480804
