# Cpu scheduler: sjf
# Quantum: None
pid arrival_time cpu_bursts_time io_bursts_time nbursts bursts_time tat ready_wait_time io_wait_time
0 8.073040991587838 40.0 11.530385818118903 2 51.5303858181189 109.5 57.969614181881106 11.530385818118901
6 36.04769834445308 60.0 31.720183865669412 3 91.72018386566941 285.5253426471348 164.46952768358932 61.055814963545444
3 11.031349895141574 80.0 52.049657978015375 4 132.04965797801538 337.54169109644624 178.08157973248436 79.46011136396191
5 31.78777505478967 140.0 93.30811882225584 7 233.30811882225584 689.1035766720341 183.06211666393415 366.0414600081
12 79.06343633523437 140.0 87.15092025542188 7 227.15092025542185 703.0962579445766 150.41989688544697 412.67636105912965
102 1115.0855209201554 36.0 105.21503219090637 72 141.21503219090638 10614.591047584265 0.4884328766302133 10578.102614707634
2 9.667663689060296 45.5 132.06618088396917 91 177.56618088396917 12286.003197270447 150.80357381748857 12089.699623452958
37 305.48504713115284 42.0 127.51740782742812 84 169.51740782742812 12105.464479978858 21.374629389690824 12042.089850589167
70 650.9275673824884 40.5 121.71033325409016 81 162.2103332540902 11846.583128896535 21.637167203821377 11784.445961692714
17 139.8299571856733 44.0 132.34034735476786 88 176.34034735476786 12385.5514530776 53.626202544502576 12287.925250533097
24 218.6183850048961 44.0 130.68873113864757 88 174.6887311386476 12527.740525397761 32.68144755491247 12451.05907784285
14 119.26117539296223 46.0 135.0534872383506 92 181.0534872383506 12827.759530079393 77.32338991327609 12704.436140166115
40 348.0610180912051 44.0 127.72512011902244 88 171.72512011902245 12685.834994988674 14.650558173958473 12627.184436814714
20 173.7985452500076 45.5 133.87486239533115 91 179.37486239533115 12898.213488527204 94.44584372878577 12758.267644798418
22 195.85581949331763 45.5 135.02678987631353 91 180.52678987631356 12938.423429058414 96.92403646286309 12795.99939259555
75 753.8154323031245 42.5 122.28138847982818 85 164.78138847982817 12431.386450801641 0.0 12388.886450801641
1 8.073040991587838 49.0 147.16816804014545 98 196.16816804014547 13264.143932069492 147.7163863981514 13067.42754567134
91 997.0317017917645 42.0 121.94895731178497 84 163.94895731178497 12326.897530031163 0.0 12284.897530031161
32 289.2397060353622 46.0 138.6943437328176 92 184.6943437328176 13183.45089399765 67.0717038909388 13070.379190106709
26 225.0347736666844 46.5 137.63580879339568 93 184.13580879339565 13249.195047451787 80.05462005361963 13122.640427398168
15 124.37187413927265 48.0 141.77455996686356 96 189.7745599668636 13415.652352641731 104.66665282567499 13262.985699816056
30 277.4930712039593 47.0 139.22490156627717 94 186.22490156627714 13432.510447691444 107.99764989469384 13277.51279779675
8 53.573231998239756 50.0 143.8758983579627 100 193.8758983579627 13688.158377665059 86.20435562639219 13551.954022038666
11 78.74169419138131 50.0 146.7168894351624 100 196.7168894351624 13776.87051156422 120.74295629185859 13606.127555272364
43 370.5146304312056 47.0 140.04272332436594 94 187.0427233243659 13498.477549287862 22.383810264086264 13429.093739023776
34 301.7976672641578 47.5 136.66103113389752 95 184.16103113389755 13577.515904510352 31.113313406075804 13498.902591104275
83 849.8583114769064 45.0 128.26527349877466 90 173.26527349877466 13088.446812960954 0.30303629863396964 13043.143776662318
31 283.8096297126073 48.0 140.97989708299258 96 188.97989708299255 13675.100699814322 92.04374178375508 13535.056958030567
25 223.01677485191607 48.5 139.17781320860766 97 187.67781320860766 13738.949242730165 101.91177583919313 13588.537466890972
52 435.4917443831879 47.0 139.38557212378578 94 186.38557212378578 13550.603765219654 21.3748547181213 13482.228910501533
35 302.38029394184167 48.0 141.9368014914969 96 189.9368014914969 13699.952986060887 29.17285019391511 13622.780135866973
96 1055.8830838984686 44.5 130.39354657819393 89 174.89354657819393 12955.80156438385 0.375962356159107 12910.92560202769
19 163.10628237500913 49.5 145.68418159431133 99 195.18418159431133 13863.986225924917 107.25482906808034 13707.231396856836
64 590.8512909390117 46.5 137.29477844726716 93 183.7947784472672 13440.355223144326 29.795309905542354 13364.059913238785
29 253.0141705514559 48.5 147.2727388227884 97 195.77273882278843 13789.042287597602 74.13466776557385 13666.407619832027
7 46.3372795355515 51.5 156.04380002608366 103 207.54380002608363 14005.555109453013 98.60688453812583 13855.448224914888
21 184.9137919867337 49.5 148.4187167420643 99 197.9187167420643 13921.287190462284 57.58953220068497 13814.197658261599
57 480.5888876247221 47.5 140.12680988513426 95 187.62680988513426 13664.527299632971 29.72281062069868 13587.304489012275
10 77.360021601586 51.5 154.14560247777223 103 205.64560247777217 14081.263063774675 89.54649938287639 13940.216564391798
85 865.5685153369545 46.0 137.5362764425306 92 183.53627644253058 13308.874304829902 0.17885017720811902 13262.695454652694
80 822.926287149969 46.5 140.73489102345576 93 187.23489102345576 13412.12903562625 0.0 13365.62903562625
28 246.69226932617224 49.5 149.7198975532589 99 199.21989755325887 13991.110451163919 72.92023937137932 13868.69021179254
58 496.69367024265887 48.0 139.93549483121862 96 187.9354948312186 13765.138489307083 2.4477288391628917 13714.69076046792
77 799.8447134036412 47.0 142.33634087719267 94 189.3363408771927 13506.696336335808 0.0 13459.696336335808
99 1081.514333842009 46.0 135.64138020496875 92 181.64138020496875 13261.149181648232 0.0 13215.149181648232
73 680.4891824750091 48.0 145.6898517005445 96 193.6898517005445 13738.248755936074 1.1753276956200125 13689.073428240454
66 604.545992627032 48.5 144.98456943169566 97 193.48456943169563 13839.732883284787 9.03377000168814 13782.199113283099
42 357.91480402370144 50.0 150.8781679528344 100 200.87816795283442 14108.409043602856 85.18594851196531 13973.22309509089
54 443.3943139446215 49.5 142.0484751690177 99 191.5484751690177 14051.154842913613 7.2477383947692715 13994.407104518843
72 677.4155317114453 48.5 146.96504122923 97 195.46504122922997 13820.240479873446 0.0 13771.740479873446
44 377.4061486053599 50.0 153.9051478104396 100 203.9051478104396 14123.254809046157 10.61908952782187 14062.635719518335
63 587.8710057703831 49.0 143.207213079613 98 192.20721307961298 13935.236506080975 33.3377354466038 13852.89877063437
46 404.9921850380588 50.0 151.48716036281732 100 201.48716036281735 14135.95671810407 16.64987260497861 14069.30684549909
89 886.4335654730513 48.0 143.65982089787363 96 191.6598208978736 13679.083503648773 0.40301240623887225 13630.680491242534
50 434.98398579094936 50.0 150.78310712889203 100 200.78310712889203 14135.258651811726 27.737464922379104 14057.521186889348
95 1055.7590462546277 47.5 143.5443563745307 95 191.0443563745307 13531.741327759424 0.0 13484.241327759422
100 1087.9580242992845 47.5 141.38001151461287 95 188.88001151461287 13517.929968051389 0.0 13470.429968051389
4 26.359358529294468 55.0 166.90966125578632 110 221.90966125578638 14585.473479720235 112.87874397221262 14417.594735748022
82 849.6094477560393 48.5 144.2571124567288 97 192.7571124567288 13764.909863964414 0.05190001950097667 13716.357963944914
47 413.7351595183204 50.5 148.84345134676693 101 199.34345134676693 14204.244393628755 0.9646859214190613 14152.779707707336
48 425.37640297865045 51.0 149.69159423341594 102 200.6915942334159 14270.493378828929 61.30685288764221 14158.186525941288
87 873.7836999274763 49.0 141.52140056020482 98 190.52140056020482 13824.958772517055 0.03890879455184404 13775.919863722504
93 1044.9619362746953 48.5 140.23392152270907 97 188.73392152270907 13675.136815539732 0.44412166944266573 13626.192693870289
23 200.45231044942406 53.0 159.12366349868591 106 212.12366349868591 14546.344803898057 72.3717335615008 14420.973070336557
69 633.0464956987473 50.5 149.22198442119964 101 199.72198442119966 14128.227585484818 0.0 14077.727585484818
88 881.9937229776075 49.5 141.2403832780212 99 190.74038327802117 13891.466590539314 0.0 13841.966590539316
71 656.7103944075636 50.5 145.84964872139767 101 196.34964872139773 14119.201256639406 13.12886554479769 14055.572391094609
36 302.5461167407408 52.5 154.1468393386943 105 206.6468393386943 14494.802050140968 28.15676208586825 14414.1452880551
103 1131.9015866965306 49.0 145.82741123262733 98 194.82741123262733 13694.130110708487 0.0 13645.130110708487
13 81.30171844969006 55.5 167.08870985951313 111 222.58870985951313 14752.213829932578 109.31233546234692 14587.40149447023
92 1025.818951425218 49.5 143.0166378786168 99 192.5166378786168 13808.706746561733 0.0 13759.206746561733
16 130.36234672730816 55.0 168.54772761469357 110 223.5477276146936 14749.172722838597 126.24247020103346 14567.930252637563
61 528.3548168563377 52.0 154.56791843427442 104 206.56791843427436 14354.823123935266 34.2173445504726 14268.605779384794
33 298.88869206177276 53.5 154.89970088442806 107 208.39970088442806 14590.934940608962 17.549779482969143 14519.885161125992
27 233.72465991497842 54.0 156.05892049188375 108 210.05892049188378 14668.82872526974 39.48390681981925 14575.34481844992
78 809.8999873052072 51.5 145.70010057378758 103 197.2001005737876 14130.08488440166 0.0 14078.58488440166
94 1052.696275301713 50.5 151.9976827714093 101 202.49768277140927 13888.329888274347 0.0 13837.829888274347
56 465.37078383371903 53.0 162.76661066171602 106 215.76661066171602 14486.46033659397 0.0 14433.46033659397
45 400.6935277674214 53.5 164.46556161467058 107 217.9655616146706 14560.771096041806 28.19410183465743 14479.07699420715
68 627.9643896351254 52.5 158.10715162614673 105 210.60715162614673 14344.608648573787 0.0 14292.108648573785
79 810.3208045248361 52.0 155.25024958047607 104 207.25024958047612 14175.660460353025 0.24516791987809938 14123.415292433147
39 331.4060091389394 54.5 159.65985966945092 109 214.15985966945092 14667.994633493212 62.77470305445564 14550.719930438758
84 860.3699077420308 52.0 148.35061144462207 104 200.35061144462207 14146.597393294513 0.47421395132516864 14094.123179343187
90 922.0352804395933 52.0 152.99513399647503 104 204.99513399647503 14101.721303099635 0.0 14049.721303099635
86 867.0020398966825 52.5 158.04108957131572 105 210.54108957131575 14177.883372617132 0.0 14125.383372617132
55 444.9137422736666 54.5 160.0973948656388 109 214.59739486563882 14610.606699904405 6.7435956086819715 14549.363104295722
65 593.8867261967044 54.0 162.47751053838678 108 216.47751053838678 14470.35725601468 24.92264843392013 14391.43460758076
81 842.8598625785091 53.0 159.9874956362786 106 212.9874956362786 14224.592413470156 0.0 14171.592413470156
67 607.7606743056281 54.0 161.86761616285094 108 215.86761616285094 14461.48923770565 5.755702168431299 14401.733535537218
41 352.56491431127637 56.0 167.38875018743275 112 223.38875018743278 14744.906652061854 6.67374261676872 14682.232909445087
49 426.70480140938025 55.5 163.482244733596 111 218.98224473359596 14674.74977025472 55.556530735939134 14563.69323951878
59 514.2189696440129 55.5 164.5802742533449 111 220.08027425334492 14606.72850918417 0.0 14551.228509184168
104 1148.6926014973378 53.0 154.45148214120985 106 207.45148214120985 13977.102172095512 0.0 13924.102172095512
62 546.0664668962785 55.5 166.43070164466735 111 221.93070164466735 14583.817557862181 0.193030240357416 14528.124527621823
97 1056.0948334021218 53.5 158.92868733890154 107 212.4286873389015 14074.918471880841 1.164212852505898 14020.254259028334
101 1103.4818580840197 53.5 155.34017509033956 107 208.84017509033953 14036.832651667693 0.0 13983.332651667693
74 687.7919818388066 55.5 164.6847510561656 111 220.18475105616557 14462.574653505751 0.0 14407.074653505751
38 315.5670563996707 57.5 171.22886866079546 115 228.72886866079548 14837.254694510642 62.91155600527725 14716.843138505365
53 439.0758697883586 57.5 173.3295167423715 115 230.82951674237148 14729.842855550265 9.56618255103217 14662.776672999235
98 1056.261257490477 55.0 166.1282096747315 110 221.1282096747315 14113.883905898485 1.497788764150755 14057.386117134334
18 150.8298255267675 60.0 174.57171702113033 120 234.57171702113035 15020.454278458788 56.50601335166024 14903.948265107128
51 434.9867623896363 59.0 171.15491611947223 118 230.15491611947215 14755.741148531328 25.05046192807282 14671.690686603257
9 61.38064974632487 63.0 190.48460883812305 126 253.48460883812305 15130.801041328143 146.69772756513245 14921.10331376301
76 773.0636681040363 58.0 176.24098800178498 116 234.24098800178498 14421.929668098135 12.596026175774682 14351.33364192236
60 514.9473184926458 59.5 177.46208026895218 119 236.96208026895215 14681.191325561538 0.0 14621.691325561538
