# Cpu scheduler: sjf
# Quantum: None
pid arrival_time cpu_bursts_time io_bursts_time nbursts bursts_time tat ready_wait_time io_wait_time
0 5.141455951126915 60.0 27.82215430090696 3 87.82215430090696 272.0 169.85023277333727 42.14976722666269
7 23.75849540757565 100.0 67.91044398902274 5 167.91044398902272 542.4686911258998 214.10475970633235 228.36393141956745
8 34.935427209336005 100.0 50.0263375290227 5 150.0263375290227 557.2917593241394 214.0608426436531 243.23091668048636
9 39.51050736664888 120.0 68.38201907060368 6 188.38201907060366 701.2512989926123 216.3028077203336 364.9484912722787
5 8.49203519890659 140.0 87.65916382681971 7 227.6591638268197 772.2189845519202 225.2803798304716 406.93860472144866
10 40.227307919386305 41.5 123.71057909448952 83 165.21057909448953 11344.013923336744 110.73592203323184 11191.778001303512
21 137.60811900833022 42.5 125.32258534370365 85 167.82258534370365 12063.91997548587 69.86751653501324 11951.552458950855
42 342.6685261410497 41.0 121.94708436426745 82 162.94708436426743 11997.1050298756 40.792257838327316 11915.312772037272
2 5.28353164085246 46.0 140.72729991877938 92 186.7272999187794 12580.599842923535 107.19816229223272 12427.401680631303
17 107.29158866190897 44.5 135.5965466106334 89 180.0965466106334 12548.38446102894 70.5323872878387 12433.3520737411
39 316.77064009913977 42.5 122.12957196234863 85 164.62957196234862 12407.725795947912 61.397678719626015 12303.828117228286
18 118.48334264469965 44.5 126.88053330402353 89 171.38053330402352 12612.42850039991 62.65673986226493 12505.271760537646
30 254.88576796321405 44.0 130.5063325301899 88 174.50633253018987 12747.378888874346 57.04222975469773 12646.336659119648
84 769.7228305839334 42.5 126.51051083906603 85 169.010510839066 12505.964474523724 13.988189166893449 12449.47628535683
4 7.250161763754466 48.5 145.61121805863365 97 194.11121805863365 13291.716845762347 79.52839654484735 13163.688449217498
60 560.592949607911 44.0 128.4338552031098 88 172.43385520310977 12900.321998986954 9.806561037680694 12846.515437949274
27 209.6986464216947 46.5 142.16744829193024 93 188.66744829193027 13363.387511766776 28.746598227429843 13288.140913539348
49 395.9010379315138 45.5 137.92246203131523 91 183.4224620313152 13281.454486222896 63.67405208936384 13172.280434133532
6 12.596889240666112 50.5 150.68744707301764 101 201.1874470730177 13830.090823812467 62.97387779045076 13716.616946022015
54 460.5504563027825 46.0 131.793632362022 92 177.793632362022 13422.180954028614 24.50068591861549 13351.680268109998
29 233.75248164863515 47.5 138.45104463158756 95 185.9510446315876 13680.73855007741 73.79132083125359 13559.447229246158
13 83.82764744112455 49.5 148.28268323617246 99 197.7826832361725 13851.731101500256 135.94211404408813 13666.288987456168
16 106.42726330339026 49.5 151.6913316513433 99 201.19133165134326 13899.25659818646 77.28917401631436 13772.467424170147
80 705.6416445444011 45.5 137.0732712369776 91 182.57327123697763 13309.54870045371 0.04956445653851915 13263.999135997172
65 604.2232528461866 46.0 137.45091168665047 92 183.45091168665047 13421.55434870254 33.46485016570625 13342.089498536834
53 438.41139886346514 47.0 137.69732583944852 94 184.69732583944852 13669.522316404413 21.963403650686928 13600.558912753726
11 55.882975814952985 51.0 150.2419963192042 102 201.2419963192042 14130.12676815829 119.1936292140787 13959.933138944212
86 812.4824894917148 46.0 131.32610758183455 92 177.32610758183455 13414.496335547692 0.49251981914233056 13368.003815728549
100 964.6105847790865 45.5 134.70521209925894 91 180.20521209925897 13285.01415839798 0.0 13239.51415839798
62 580.9913316834013 47.0 138.5124697782956 94 185.5124697782956 13670.082089020532 14.735854850074134 13608.346234170456
15 96.24089755464128 51.0 149.82047924810675 102 200.82047924810672 14226.762419724368 59.07909002715358 14116.683329697215
25 171.5808234596665 50.0 145.92639284677466 100 195.92639284677463 14183.615165345549 72.41729276860872 14061.19787257694
37 309.64001807192165 49.0 145.37521195413925 98 194.37521195413922 14090.058992605276 54.634674427470316 13986.424318177804
70 618.4536036411585 47.5 141.2787340496569 95 188.77873404965686 13784.465376664872 14.163128413219852 13722.802248251652
1 5.141455951126915 53.0 156.47360796040536 106 209.4736079604054 14414.270393176406 110.31287729849927 14250.957515877906
3 5.760587695976627 53.0 149.658396171134 106 202.65839617113403 14426.161614923123 99.92737388689773 14273.234241036225
47 379.06727719289813 49.0 145.73068723718507 98 194.73068723718507 14115.00979548409 52.12093439406789 14013.888861090023
50 396.9550780320421 49.0 145.5529322143827 98 194.5529322143827 14120.185497858143 60.468922342539656 14010.716575515604
20 126.61720524527844 51.5 156.27314012128784 103 207.77314012128784 14421.31424601979 62.696930788532384 14307.117315231259
52 434.8731304394627 49.5 144.3862080086235 99 193.8862080086235 14218.83918072554 25.714347704928798 14143.62483302061
64 590.4588289742245 49.0 142.96907173841788 98 191.96907173841788 14091.933937194008 7.268357559250944 14035.665579634755
69 618.4515799918173 49.0 146.22018580425356 98 195.22018580425356 14093.482053711008 14.756670829763834 14029.725382881245
72 627.2001640452891 49.0 150.1322331054774 98 199.13223310547738 14087.71642843016 4.863378292300695 14033.85305013786
12 74.36236663077617 53.0 153.39391172281472 106 206.39391172281472 14643.742537239325 154.39152433653254 14436.351012902793
74 652.5185460274686 49.0 152.8451584508881 98 201.8451584508881 14074.97689116675 16.03144367499351 14009.945447491757
31 255.8719359051774 51.0 151.14314631333502 102 202.14314631333502 14472.672617962839 47.23947094949796 14374.433147013342
34 269.7744146710875 51.0 149.26976518900125 102 200.26976518900125 14468.484791359073 21.454325450722592 14396.03046590835
19 124.77329290878336 52.5 161.40791905141634 105 213.90791905141634 14621.92795249002 69.8562246148345 14499.571727875184
97 951.2550527330442 48.0 143.40475234092906 96 191.40475234092906 13811.888389955722 0.0 13763.888389955722
89 879.8013518424523 48.5 145.9504137612342 97 194.4504137612342 13927.165301513083 0.23452079622893507 13878.430780716853
91 894.9929372108778 48.5 144.92577753787518 97 193.4257775378752 13919.87437348889 0.0 13871.374373488892
51 426.70392365986436 50.5 144.19030240077944 101 194.69030240077944 14409.416442915835 34.454671516724716 14324.461771399112
24 165.8881331219364 52.5 154.15290820766728 105 206.65290820766728 14682.54386179136 61.84239042091943 14568.201471370441
55 475.6574573984401 50.5 152.71891898239454 101 203.21891898239454 14389.087161962776 56.611089442009074 14281.976072520767
32 257.93562379451856 52.0 149.6934669238321 104 201.69346692383212 14641.291681901868 47.982412511003076 14541.309269390866
33 264.66575717979816 52.0 157.29166454158874 104 209.29166454158872 14639.190822360166 37.135318757607536 14550.055503602558
41 330.37020711040276 51.5 151.4690651249337 103 202.9690651249337 14574.493798668771 13.735278229997562 14509.258520438774
95 936.648759276756 49.0 143.2702239205275 98 192.27022392052749 13980.449962993145 0.18899256179520307 13931.260970431349
28 217.851158608049 52.5 157.91882775741084 105 210.4188277574108 14707.854381145835 49.452876084353505 14605.901505061482
98 955.1185750195143 49.0 141.33977936176126 98 190.33977936176126 13974.20245301038 0.0 13925.20245301038
35 291.98876543379663 52.0 162.02773013319464 104 214.02773013319464 14650.601831994103 89.20691248561195 14509.394919508492
94 918.6112056752869 49.5 154.8712327274367 99 204.3712327274367 14063.714392667567 0.36002230240171684 14013.854370365165
44 361.728764110368 52.0 155.32176210348308 104 207.32176210348308 14638.53412233559 33.71631886093627 14552.817803474654
63 588.1360217530403 51.0 145.37371457581372 102 196.37371457581372 14418.624687633628 9.091164780435179 14358.533522853191
66 610.4032626718965 51.0 150.22875693909927 102 201.22875693909933 14410.614136859682 25.273213497758206 14334.340923361922
48 381.5328497689723 52.0 158.75309541807948 104 210.7530954180795 14641.964975612567 47.50742160317759 14542.457554009388
71 625.378443287963 51.5 151.2331840809955 103 202.73318408099547 14465.332229031044 7.176386463728932 14406.655842567317
101 980.8334498743448 50.5 150.819872296352 101 201.31987229635203 14148.0775545168 0.0 14097.5775545168
36 296.6837958185706 53.5 163.4803744383509 107 216.98037443835088 14835.277916701787 81.11158594698765 14700.666330754799
57 487.91356653522513 52.5 156.45318937347918 105 208.95318937347918 14657.699404391793 29.896270260141875 14575.303134131651
68 615.8413762938592 52.0 152.58776324768561 104 204.58776324768561 14531.563925011293 17.564765100571094 14461.999159910723
14 89.25377137721908 56.0 162.83285160876105 112 218.83285160876108 15061.300933481361 121.73196612793839 14883.568967353423
58 532.7587544291041 52.5 153.0834170007147 105 205.5834170007147 14627.850292014225 0.0 14575.350292014225
76 672.9870961944522 52.0 156.6182912025049 104 208.6182912025049 14490.782703110357 0.0 14438.782703110357
96 945.7435803324377 51.0 149.89462065267972 102 200.8946206526797 14228.044122272273 0.11885010707783294 14176.925272165194
43 361.04323374244575 53.5 164.25018688218773 107 217.7501868821878 14816.075330104572 35.66713620058886 14726.908193903982
99 959.131371799522 51.0 155.28058289669423 102 206.28058289669423 14219.923606686367 0.0 14168.923606686367
79 700.6314276836194 52.0 155.17046652281772 104 207.17046652281778 14482.004623058117 0.0 14430.004623058117
81 709.6938650587589 52.0 152.81342746267302 104 204.81342746267296 14476.306184797684 0.0 14424.306184797682
87 824.1549868039012 52.0 152.53672555942654 104 204.53672555942654 14398.4377501845 0.3999975285430537 14346.037752655957
102 981.0773921429578 51.5 154.02709101395766 103 205.52709101395766 14246.281031291772 0.25605773138693166 14194.524973560385
40 323.9609977758244 54.5 163.97615323163376 109 218.47615323163376 14923.928284936777 32.27787522701436 14837.150409709764
67 613.2375017682145 53.5 166.6414149838927 107 220.14141498389273 14659.23220036013 20.957076077731585 14584.775124282398
38 314.4857244762507 55.0 163.698807259645 110 218.69880725964504 14964.551558343068 74.57648751922522 14834.975070823843
90 893.8809757609373 52.5 155.53020474488827 105 208.03020474488824 14386.70821907399 0.4818988927549981 14333.726320181235
23 165.42607797957825 57.0 169.61219560038333 114 226.61219560038336 15157.671158728552 55.671161214622 15044.999997513929
46 371.7778533381536 55.5 166.47253677499054 111 221.97253677499054 14961.151585669357 64.23012004094915 14841.421465628408
103 989.0724799497086 53.0 163.44201935937087 106 216.44201935937087 14346.734400197207 0.15184077487708691 14293.58255942233
73 642.5026912589739 54.5 161.51543196262412 109 216.01543196262412 14699.433626186028 30.145221457185016 14614.788404728844
61 579.3039525374736 55.0 163.4168285412841 110 218.41682854128413 14776.530916948683 15.42323399600184 14706.107682952681
75 671.4685930473985 55.5 169.18145346227698 111 224.68145346227692 14723.759128308333 0.0 14668.259128308333
22 159.66594841125013 58.5 173.83646979935477 117 232.3364697993548 15237.497873567963 74.52181543725862 15104.476058130704
78 685.6316453662994 55.5 164.68696550639703 111 220.18696550639703 14717.692727436937 0.0 14662.192727436935
104 994.3387540788017 55.5 163.28436338266724 111 218.78436338266732 14453.03030094628 0.3519848001074024 14397.178316146172
56 480.593855019417 59.0 179.5811974000443 118 238.5811974000443 15015.704882812317 44.55526588459941 14912.149616927718
88 867.0962572398435 57.5 170.1581942403273 115 227.6581942403273 14630.293965148281 0.24176297282281212 14572.552202175459
82 726.382052267402 59.0 175.5692048282517 118 234.56920482825169 14797.354002470829 16.37975409185924 14721.974248378969
92 908.0580782934595 59.0 178.482484009415 118 237.48248400941497 14633.126322640515 0.38555069051142254 14573.740771950004
85 811.2566650013155 59.5 172.49583600541828 119 231.9958360054183 14734.419288916162 0.1833923901901926 14674.735896525974
77 681.0597681374634 60.0 176.86447422624957 120 236.86447422624954 14865.980014279352 0.17114697328270267 14805.80886730607
26 179.24723347902108 63.0 190.22591490313647 126 253.2259149031365 15369.543523141865 42.61516720816664 15263.9283559337
45 371.1428478090702 61.5 174.95593618140154 123 236.45593618140157 15178.855227415472 66.29902432520129 15051.05620309027
93 908.9583701270028 59.5 177.06090843649753 119 236.56090843649747 14644.45745454747 0.0 14584.957454547468
59 550.6908263846291 61.0 182.5297264170951 122 243.5297264170951 15003.914107900642 16.53636014884637 14926.377747751794
83 741.0278170539661 61.5 180.4431095719067 123 241.9431095719067 14818.770913914095 7.23398930529504 14750.0369246088
