# Cpu scheduler: sjf
# Quantum: None
pid arrival_time cpu_bursts_time io_bursts_time nbursts bursts_time tat ready_wait_time io_wait_time
7 31.64145379300515 20.0 0.0 1 20.0 66.19812988664569 46.19812988664569 0
3 9.889283381955208 40.0 18.116831490893233 2 58.11683149089323 141.45030029769563 82.22350334463188 19.226796953063754
0 7.839583679650844 80.0 46.98777628723995 4 126.98777628723995 316.0 159.74415547451963 76.25584452548037
14 71.23304910059113 60.0 26.50623068502299 3 86.50623068502298 289.76520125319644 133.82181533335515 95.94338591984129
5 26.82970066626045 100.0 52.44317910023956 5 152.44317910023958 442.5163684958778 149.6939577044787 192.82241079139914
27 167.84727569005 39.0 114.92081062129004 78 153.92081062129003 10987.037670533186 43.58095626476981 10904.456714268415
26 152.99340116547305 41.5 121.04351411786979 83 162.5435141178698 11670.009503081908 49.251610370184835 11579.257892711723
1 7.839583679650844 47.0 138.44052282421808 94 185.44052282421808 12740.878023352561 72.02093238514648 12621.857090967416
73 623.1969329121331 41.5 124.96442576799592 83 166.46442576799592 12174.876373541441 0.14292518572074187 12133.23344835572
62 476.3272336774155 42.5 120.26385681191795 85 162.76385681191795 12376.660108433902 4.018835484722786 12330.141272949179
8 35.606342115312 47.5 138.4003584795606 95 185.9003584795606 12949.072083397326 86.8008582812329 12814.771225116094
66 495.62501075418743 43.0 128.67030854608464 86 171.6703085460846 12537.212237413856 0.0 12494.212237413856
51 370.9070873588704 44.0 132.92332763091844 88 176.92332763091844 12720.30388703851 33.52480859666173 12642.779078441848
97 804.2280663991003 42.0 127.27848869450116 84 169.27848869450116 12382.597441902006 0.0 12340.597441902006
23 144.1334544630438 46.5 141.79698353660262 93 188.29698353660262 13078.50643032997 90.29849659054011 12941.707933739432
24 144.39435839766503 46.5 139.19958008618934 93 185.69958008618937 13079.53293714355 85.5662379292753 12947.466699214274
35 247.5521802068933 45.5 133.98956693307758 91 179.4895669330776 13070.558925334371 10.46302336879188 13014.595901965578
13 61.48249814683796 48.5 142.34584279784596 97 190.84584279784596 13332.621382690586 75.26251930804739 13208.858863382537
93 771.5336516092885 43.0 126.80743625882502 86 169.80743625882502 12655.101677794939 0.0 12612.101677794939
20 123.20976133842053 47.5 143.46230740960303 95 190.962307409603 13322.250841843537 30.988707755695074 13243.762134087841
32 235.25470954917236 47.0 141.51433151180527 94 188.51433151180527 13430.100823815388 41.17901500397463 13341.921808811414
79 658.9865272604026 44.5 132.02335207031285 89 176.52335207031285 13015.672987860251 0.1615663773890219 12971.01142148286
53 400.2597902359131 46.0 136.29595472509394 92 182.29595472509394 13292.11669016319 0.0 13246.11669016319
4 19.426478730109537 50.5 148.45387940345026 101 198.95387940345023 13701.706183403767 92.84918257223096 13558.357000831535
94 773.3299328016332 44.5 134.79633322607992 89 179.29633322607992 13030.86344795797 0.0 12986.36344795797
9 42.141205451011714 50.5 150.9050185431182 101 201.40501854311822 13765.610633464532 55.66263849095351 13659.447994973578
39 267.7176334281415 47.5 142.54264241414677 95 190.04264241414674 13586.851288980859 21.660676717821048 13517.690612263037
10 54.19605501204204 50.5 142.3944566668526 101 192.8944566668526 13820.052053812822 119.52566827949316 13650.026385533329
25 148.66756947116957 49.0 140.585598624592 98 189.58559862459202 13735.610920999581 63.00040019162799 13623.610520807953
44 311.1786538400799 47.5 139.2463792976184 95 186.74637929761843 13609.70756698255 22.920610882605672 13539.286956099942
41 273.5428921599373 48.0 140.07451452492722 96 188.07451452492722 13701.991690494464 14.767651759318596 13639.224038735147
34 237.40677211691687 48.5 149.03629442656012 97 197.53629442656012 13799.400412419116 30.340613417028038 13720.559799002089
67 507.8013971797129 47.0 137.76324441366296 94 184.763244413663 13568.901432400036 0.3358125006723185 13521.565619899364
68 537.7201854280713 47.0 136.9802470478402 94 183.9802470478402 13566.637568295033 0.0 13519.637568295033
33 235.26357886267547 49.0 145.80973411880296 98 194.80973411880296 13907.855913815929 38.37835404082668 13820.477559775101
65 491.1196581958372 47.5 142.30221111042425 95 189.80221111042428 13674.285236888412 0.6534769151734849 13626.131759973237
57 446.8519727880425 48.0 142.7242739933505 96 190.72427399335052 13759.539045436295 0.0 13711.539045436297
43 302.7953813444348 49.0 146.0008051699464 98 195.00080516994637 13935.559860549844 19.001018583084317 13867.55884196676
38 257.2236831788407 49.5 146.96850631122152 99 196.46850631122152 14032.400834944616 33.98981654518235 13948.911018399434
16 84.68625545164878 52.0 153.1799564761521 104 205.17995647615214 14224.381346739621 85.03038703710152 14087.350959702519
50 368.8088979600823 49.0 141.85177331794253 98 190.8517733179425 13946.086643634175 36.6137278400052 13860.47291579417
29 184.79364647925144 50.5 148.23431954653657 101 198.73431954653654 14172.796016035138 35.084929974922744 14087.211086060213
46 318.58217765252454 49.5 141.859787381916 99 191.359787381916 14048.613514046132 10.757406027126308 13988.356108019007
72 601.9944575690031 48.0 145.04217839819776 96 193.04217839819776 13789.75456926334 0.0 13741.75456926334
59 470.29805014891076 49.0 147.07341610168754 98 196.07341610168754 13967.471189878772 6.548019013227531 13911.923170865544
76 645.6594213623753 48.0 145.69337462943994 96 193.69337462943997 13795.196589507079 0.13776175025304838 13747.058827756826
63 476.8321074688432 49.0 143.6543032606645 98 192.65430326066453 13974.011684985437 4.383340168951008 13920.628344816487
21 128.5709944363847 52.0 155.5295457604678 104 207.52954576046778 14336.160620695378 22.16746323785648 14261.993157457522
84 686.5026129358718 48.0 144.85487993800348 96 192.85487993800345 13783.553984096978 0.0 13735.553984096978
71 589.9058654683382 48.5 147.12528524825711 97 195.6252852482571 13883.878616470878 0.4880211781236312 13834.890595292753
69 538.7669833921326 49.0 144.6118177886374 98 193.61181778863744 13965.222659736817 0.0 13916.222659736817
103 862.3704339866222 47.5 140.63704682943668 95 188.1370468294367 13654.96747218545 0.47065665546654145 13606.996815529981
19 123.16708994533938 52.5 153.11522473740087 105 205.61522473740087 14419.252935082579 33.30028494411361 14333.452650138466
37 252.1554503999796 51.0 145.701357191764 102 196.7013571917641 14304.963823802496 2.729857925803742 14251.233965876692
55 418.00113290651797 50.0 153.1418843436033 100 203.1418843436033 14142.922622859242 0.0 14092.922622859242
17 93.91646811930386 53.5 157.3439508954213 107 210.8439508954213 14486.978593097361 93.6579320107822 14339.820661086578
60 473.6875603295031 50.0 149.24428482688342 100 199.24428482688342 14132.742867414869 4.658508832635164 14078.084358582233
49 360.226982279895 51.0 148.09075138080541 102 199.09075138080544 14285.578249270411 5.271268073892543 14229.306981196518
87 723.7495769898246 49.0 144.61375442636674 98 193.61375442636674 13927.139782875405 0.0 13878.139782875405
45 317.5640389959398 51.5 149.6569663246298 103 201.1569663246298 14370.884018692937 11.586491567251983 14307.797527125684
77 647.3048591102947 50.0 150.75100284928686 100 200.75100284928686 14095.67701212824 0.0 14045.677012128239
91 763.8751870198022 49.5 150.24311924900047 99 199.74311924900047 13983.684950533803 0.0 13934.184950533803
12 60.89428287120292 55.5 165.80928361623575 111 221.3092836162358 14733.513581547772 83.23279791553266 14594.780783632239
15 72.73643480249224 55.5 162.59315270959138 111 218.09315270959132 14750.172983424583 54.200445783217134 14640.472537641366
6 28.70289349412888 56.5 172.40098503460126 113 228.90098503460126 14810.76314774076 96.3345490373475 14657.928598703413
40 269.16289434427455 53.0 155.85702122069225 106 208.85702122069222 14573.58133952104 19.38203397679797 14501.199305544242
98 829.3049054426779 50.0 151.4109024423008 100 201.4109024423008 14014.501888637253 0.0 13964.501888637253
22 142.93581438570305 55.0 163.0074572606418 110 218.0074572606418 14756.081505270175 51.264295707773925 14649.8172095624
75 643.221272283825 51.5 146.75927021126432 103 198.25927021126432 14278.140868969018 0.0 14226.640868969018
61 473.9475523259907 52.5 156.45977405177737 105 208.95977405177737 14454.358834035225 5.398516836147564 14396.46031719908
99 841.441459798781 51.0 145.78148063635018 102 196.78148063635012 14117.941946158475 0.0 14066.941946158475
58 455.0257295561427 53.0 154.90516175455286 106 207.90516175455286 14505.64778456937 15.82033960599557 14436.827444963374
102 861.5265570614612 51.0 154.499341023036 102 205.49934102303598 14108.227037058943 0.0 14057.227037058943
90 749.1582014246472 51.5 151.65644387742176 103 203.15644387742174 14228.484275959247 0.0 14176.984275959247
95 786.6031302278874 51.5 152.319657372055 103 203.81965737205502 14203.201838242885 0.0 14151.701838242887
96 801.2973607861643 52.0 153.4450533516421 104 205.44505335164206 14239.272339322659 0.0 14187.272339322659
54 415.04976183862516 54.0 159.48195624567066 108 213.4819562456707 14630.249338797288 0.0 14576.249338797288
56 420.7731215787707 54.0 164.24069133139324 108 218.24069133139318 14630.12759821438 0.0 14576.127598214378
100 856.2959434434833 52.0 157.1299861918178 104 209.12998619181786 14201.49969589585 0.393606729434282 14149.106089166416
11 57.20988685182931 58.5 169.40738027993962 117 227.9073802799396 15035.694389459097 103.61011883704656 14873.584270622052
88 740.3320482546446 53.0 155.62289473271875 106 208.62289473271875 14359.351174177378 0.30630505430929134 14306.044869123069
47 331.3639855303855 55.5 169.15311284359726 111 224.65311284359728 14793.8152844252 2.7014191287961467 14735.613865296405
48 344.3782406723264 55.5 165.61212475808333 111 221.11212475808333 14782.768490330438 17.62000968146117 14709.648480648977
86 721.5651498073779 53.5 163.40380539548508 107 216.9038053954851 14410.522965008884 0.3307282558807856 14356.692236753004
74 640.7960747613968 54.0 160.38066756060695 108 214.38066756060698 14496.777952220002 0.0 14442.77795222
89 747.4591431776747 54.0 153.9282095164597 108 207.92820951645967 14422.72517680112 0.0 14368.725176801121
78 652.6737238863049 54.5 160.14539268838408 109 214.64539268838408 14521.397925859861 0.0 14466.897925859861
81 677.9062344864448 54.5 164.63657321998463 109 219.1365732199846 14505.75895733416 0.0 14451.25895733416
36 250.82917604852392 57.0 168.4874447518601 114 225.4874447518601 14938.19283236293 4.857963462542358 14876.334868900389
42 284.0356300427557 57.0 165.45831288752115 114 222.45831288752117 14907.357497368088 13.644674131611964 14836.712823236476
52 379.9936126646253 56.5 169.90812083673228 113 226.40812083673228 14819.30117332083 20.992626514729352 14741.808546806102
85 703.3155809415628 55.0 163.32317429709965 110 218.32317429709963 14509.911985476148 0.04589079802337892 14454.866094678124
31 229.33183259580287 58.0 171.37695225483884 116 229.37695225483884 14988.370997977234 42.46424482653205 14887.906753150703
70 570.4027402094293 56.0 165.0926371567363 112 221.09263715673632 14653.221265224576 0.15364688608042343 14597.067618338495
82 684.2758077254517 55.5 164.5491824086638 111 220.0491824086638 14544.299152067744 0.00294724425862114 14488.796204823484
18 102.24647649360581 60.5 178.5287418822433 121 239.02874188224328 15140.141282484165 37.79407869353459 15041.84720379063
2 8.668764310649856 62.0 182.97983547244922 124 244.97983547244925 15236.435464513392 63.81788309939262 15110.617581414
101 857.2945934495742 55.5 169.7020945041082 111 225.20209450410817 14390.875240921292 0.0 14335.375240921294
64 482.7232247764896 57.5 170.5150398555655 115 228.01503985556548 14772.232986884448 1.1228443856487047 14713.610142498801
80 666.2188045710913 57.0 166.4648825392689 114 223.4648825392689 14598.17622782661 0.0 14541.17622782661
83 685.0370513193769 57.0 168.56965553392305 114 225.56965553392305 14580.82591569382 0.24739215768602207 14523.578523536135
28 181.88822880004216 60.5 179.48167327224002 121 239.98167327224002 15088.748239751925 35.72482000458598 14992.52341974734
30 227.96646116325644 62.5 184.6905214974486 125 247.1905214974486 15063.708238548385 47.414014100205975 14953.794224448178
104 864.0120273076866 60.0 175.42292842148146 120 235.42292842148146 14435.487775809337 0.0 14375.487775809337
92 770.1312842975074 61.5 184.5061169098599 123 246.00611690985988 14534.915220694094 0.0 14473.415220694094
