# Cpu scheduler: srtf
# Quantum: None
pid arrival_time cpu_bursts_time io_bursts_time nbursts bursts_time tat ready_wait_time io_wait_time
9 30.613898141530132 20.0 0.0 1 20.0 119.85798818370255 99.85798818370253 0
3 10.59699144605183 40.0 16.977277345956328 2 56.977277345956324 219.87489487918086 143.48460666134721 36.39028821783363
0 9.471886325232656 80.0 42.518729304214865 4 122.51872930421486 384.99455846233013 160.5915618099757 144.40299665235443
5 13.802175369122082 80.0 50.7561647581085 4 130.7561647581085 477.4092185247713 173.43672140035085 223.97249712442044
2 10.318674514441973 100.0 75.46065596251863 5 175.46065596251862 565.1210935960105 165.8169502558379 299.30414334017263
1 9.471886325232656 45.0 132.0346288165898 90 177.03462881658982 11102.419043349648 0.0878103320619914 11057.331233017585
27 178.73003956735567 39.0 111.00135376754197 78 150.00135376754199 11053.469650073808 0.3294084858617907 11014.140241587946
40 349.2668983445069 39.0 112.87387816917632 78 151.8738781691763 11302.643319932886 0.0 11263.643319932886
12 66.42956427310995 44.0 132.79494058317007 88 176.7949405831701 12105.425266999577 0.20393434660824994 12061.221332652969
79 673.7895599203417 40.0 120.40514190695751 80 160.40514190695748 11767.08969730344 0.0 11727.089697303441
11 45.081026958411925 46.5 140.73074561557422 93 187.23074561557425 12687.31502138508 0.36541438472613663 12640.449607000355
4 12.377500286241686 50.0 148.283549384148 100 198.283549384148 12791.785281492272 0.36666059837964937 12741.418620893892
16 101.10037097235548 45.5 132.59978195248368 91 178.09978195248368 12730.785324268778 1.0382872253699418 12684.247037043408
24 135.3260384374321 45.0 132.42554287532326 90 177.4255428753233 12700.01116699134 0.8590688539486848 12654.152098137392
26 155.97221799263673 45.0 134.61284661246256 90 179.61284661246256 12778.265548894546 0.0 12733.265548894547
25 152.10925012041938 45.5 130.96588701874262 91 176.4658870187426 12882.202355371719 0.34540218629047104 12836.35695318543
21 114.68577699530954 46.0 133.70710835695678 92 179.7071083569568 12961.550161643907 0.045833076659562266 12915.504328567247
70 606.7876101880063 43.0 128.52358389252043 86 171.52358389252043 12579.815624324687 0.2774122314132228 12536.538212093275
7 24.789449348457545 49.5 147.6464493017164 99 197.14644930171636 13165.548894796615 0.4905566917502888 13115.558338104865
90 729.3028727965584 42.5 125.89682733708354 85 168.39682733708355 12489.562092552398 0.0 12447.062092552396
67 593.99487632107 43.5 131.5244342294127 87 175.02443422941272 12696.918717481456 0.0 12653.418717481458
61 539.3146519306833 44.0 127.28406185054317 88 171.28406185054317 12814.659669138953 0.0 12770.659669138953
49 443.9937994232331 44.5 131.57726756917697 89 176.077267569177 12911.267072285595 0.0 12866.767072285595
44 374.90182717256675 45.5 135.18052379329794 91 180.68052379329794 13134.02424064316 0.0371303346077525 13088.487110308553
8 26.675473727305295 51.0 152.95551218484908 102 203.95551218484908 13603.570917864385 0.03534501631511944 13552.53557284807
17 104.90388585400024 49.5 150.5882115985128 99 200.08821159851277 13774.359004501042 0.4845263739970278 13724.374478127045
32 239.39815378889026 48.0 142.9897200981917 96 190.98972009819164 13645.793662143684 0.0 13597.793662143684
69 599.9615132138127 46.0 139.03110930688288 92 185.0311093068829 13314.751979189043 0.6275996720710282 13268.124379516972
22 123.22869716855016 49.5 145.35177606738714 99 194.8517760673871 13832.25812018386 0.0 13782.75812018386
91 730.7580617076621 45.5 137.4400536534822 91 182.9400536534822 13228.903911098327 0.0 13183.403911098325
75 637.9115324815501 46.0 137.26134486458304 92 183.26134486458307 13330.280293746495 0.0 13284.280293746495
45 380.88531747700404 47.5 140.05231711615804 95 187.552317116158 13616.791605683755 0.3876604102377996 13568.903945273518
18 107.42975046752359 50.5 148.01044612184532 101 198.51044612184535 14007.866869539313 0.0 13957.366869539313
20 109.43671024844929 50.5 148.50619140153006 101 199.00619140153006 14019.726028882702 0.759471955818313 13968.466556926882
98 813.2386634245319 46.0 134.78595634570948 92 180.78595634570948 13325.997552182705 0.30052066882092277 13279.697031513884
14 87.39337904167544 51.0 152.2577235888109 102 203.2577235888109 14080.292843245945 0.2404358675299818 14029.052407378415
48 441.20367244181864 48.0 144.21486386844327 96 192.21486386844327 13739.918059960222 0.44164326805037035 13691.476416692172
43 363.8896643038349 48.5 143.6308668499015 97 192.1308668499015 13828.027304200596 0.0 13779.527304200597
30 201.4408172128975 50.0 145.9194222916751 100 195.91942229167506 14039.090913400469 0.0 13989.090913400469
38 328.06339059292304 49.0 146.658398208765 98 195.658398208765 13931.08873802088 0.23748560444289524 13881.851252416438
52 468.1557682323108 48.5 143.40987612952853 97 191.90987612952853 13829.803504083497 0.06188152323198892 13781.241622560265
77 655.704855858448 47.5 138.52922499230326 95 186.02922499230328 13654.230545593427 0.0 13606.730545593427
102 835.9299031668136 47.0 138.64004611526323 94 185.6400461152632 13530.58087283497 0.0 13483.58087283497
50 454.35038467467984 49.0 150.72289831659972 98 199.72289831659975 13928.574190442821 0.0 13879.574190442821
6 16.399880773076717 56.0 161.45460442668895 112 217.45460442668895 14403.069568945519 0.49568798816417825 14346.573880957354
47 411.0074921569144 49.5 146.39692449992498 99 195.896924499925 14029.969278046368 0.0 13980.469278046368
71 613.0170527141817 48.5 140.52152765820853 97 189.02152765820853 13840.367325400364 0.0 13791.867325400362
103 845.9155656639861 47.5 141.57861359536867 95 189.07861359536864 13619.709046840493 0.0 13572.209046840493
63 566.1853549361219 49.0 146.9628482761681 98 195.96284827616813 13922.095917405004 0.08861893517700992 13873.007298469827
19 108.86118688265618 52.5 160.2518137563565 105 212.7518137563565 14403.009675320583 0.18653433153519927 14350.323140989049
39 334.3436869419369 50.5 146.737080636275 101 197.23708063627504 14202.95984158088 0.15671947684768384 14152.303122104033
41 360.116722101947 50.5 150.92889758923246 101 201.4288975892325 14195.147470023338 0.0 14144.647470023338
35 289.645146952576 51.0 149.65528484796096 102 200.6552848479609 14277.947448714229 0.0 14226.94744871423
28 184.37331992999967 52.0 160.8181810856745 104 212.8181810856745 14385.674936828116 0.29041235938461796 14333.384524468733
37 299.1956303418499 51.0 149.17299689211836 102 200.17299689211836 14285.140692814626 0.9220896044415099 14233.218603210184
101 835.3018122799423 48.5 142.41412654607325 97 190.91412654607322 13784.016721484142 0.08077398571242611 13735.435947498429
72 617.8179311815652 49.5 149.69265706057362 99 199.19265706057362 14005.46769980129 0.1209418503138977 13955.846757950976
73 619.8311423535829 49.5 151.4505066784114 99 200.9505066784114 14005.38561561178 0.0 13955.88561561178
31 209.78900512371777 52.0 156.49037390569418 104 208.49037390569418 14419.724387795435 0.0 14367.724387795435
42 362.2762490596709 51.0 150.77170880639713 102 201.77170880639716 14274.563824115563 0.5956526982714649 14222.968171417291
76 654.2893248606233 49.5 146.9414249438587 99 196.44142494385875 13991.386254279962 0.15780791580937148 13941.728446364152
10 36.77484658541954 55.5 166.1308285803852 111 221.63082858038524 14623.7013868951 0.0 14568.201386895102
56 490.84579880125335 50.5 154.01890445955166 101 204.51890445955164 14170.833236645753 0.3655950926400351 14119.967641553114
66 592.6026777767592 50.0 147.53014166570196 100 197.53014166570196 14072.361698595658 0.31595202329538097 14022.045746572361
95 797.2493924884488 49.0 138.91240190641784 98 187.9124019064178 13870.418746933336 0.44627946366631477 13820.97246746967
86 710.4845036310518 49.5 147.7509332369376 99 197.25093323693764 13982.189662825896 0.0 13932.689662825896
59 517.5846031963555 50.5 151.1449822442243 101 201.64498224422425 14181.832585258004 0.0 14131.332585258004
97 810.8516771839087 49.5 144.6702126213995 99 194.1702126213995 13926.961042625559 0.0 13877.461042625559
46 401.362126007093 51.5 154.91246542726475 103 206.4124654272647 14337.896752076796 0.0 14286.396752076795
99 816.9479736174749 49.5 149.5873624434363 99 199.0873624434363 13925.74304665518 0.0 13876.24304665518
58 513.4272227533652 51.0 149.32978560033706 102 200.3297856003371 14240.847939944524 0.16003944155420413 14189.687900502971
23 134.9462179020166 54.0 154.88114090184246 108 208.88114090184246 14630.486928102815 0.0 14576.486928102815
53 469.300050469969 51.5 155.7994792913875 103 207.29947929138748 14299.40516332181 0.4741386179417191 14247.431024703867
78 662.4259987097927 50.5 148.6422199795363 101 199.14221997953626 14112.15613429164 0.0 14061.65613429164
88 716.0217053707864 50.5 149.76188208356317 101 200.2618820835632 14090.05698330977 0.0 14039.55698330977
62 558.8295769432762 51.5 149.90626572865133 103 201.4062657286513 14257.070599379986 0.0 14205.570599379984
33 252.75127066441735 53.5 160.41211455641752 107 213.91211455641758 14588.240691526828 0.33621669851038405 14534.404474828318
51 460.3643469117602 52.5 156.94931928812153 105 209.44931928812153 14395.724718552996 0.0 14343.224718552996
15 100.8333848154102 55.5 162.10371270204016 111 217.60371270204018 14757.078444390238 0.7567058653078504 14700.82173852493
104 856.8195239032189 51.0 147.37767920034747 102 198.37767920034747 14036.660551667475 0.0 13985.660551667475
54 472.04820693380236 53.0 156.88304608757522 106 209.88304608757522 14427.548335128356 0.29402714503794414 14374.25430798332
29 190.5388271446936 55.0 164.27089221188623 110 219.27089221188623 14716.460235476365 0.0 14661.460235476365
93 780.4858645159228 51.5 153.74823824130834 103 205.24823824130834 14128.218027234556 0.4135211309520628 14076.304506103603
80 683.3248708645721 52.0 156.49156116950385 104 208.49156116950385 14228.58079729363 0.0 14176.58079729363
13 79.10540451468663 56.5 164.91784292729258 113 221.4178429272926 14845.67809959952 0.7845459847490872 14788.39355361477
65 573.0390690483318 53.5 161.29146523211242 107 214.79146523211244 14395.03883326492 0.0 14341.53883326492
68 598.3251669411391 53.5 157.1827659645478 107 210.68276596454774 14379.402026814712 0.0 14325.90202681471
100 818.9169970939934 52.5 155.22998275801376 105 207.72998275801376 14162.521132938004 0.0 14110.021132938002
82 688.0083759889461 53.5 162.38087444377845 107 215.88087444377842 14316.183507173839 0.0 14262.683507173839
85 706.3972513707915 53.5 158.5035251406324 107 212.0035251406324 14303.278539337494 0.0 14249.778539337496
87 711.0161843672734 53.5 156.26280607713943 107 209.76280607713943 14300.992374369182 0.4683192637784259 14247.024055105405
89 720.3869003271368 53.5 163.16913687877084 107 216.66913687877087 14293.462609289467 0.0 14239.962609289467
94 793.827397673427 53.5 160.7683252282111 107 214.2683252282111 14228.760605830239 0.0 14175.260605830239
34 272.86164686729825 56.5 174.45448143343947 113 230.95448143343947 14757.9788015691 0.0 14701.4788015691
83 694.0592873346161 54.5 161.44128815046483 109 215.94128815046483 14350.60789277484 0.0 14296.10789277484
60 533.8139999443263 55.5 163.19435801560851 111 218.69435801560854 14515.463125944578 0.0 14459.963125944578
55 479.9154113248566 56.0 167.3058898129492 112 223.3058898129492 14576.640089705355 0.0 14520.640089705357
64 571.7514279313954 56.0 170.55645867246625 112 226.55645867246625 14496.247719741463 0.0 14440.247719741463
57 504.38989431314644 56.5 170.84656769302342 113 227.34656769302342 14571.449948694628 0.351845228183322 14514.598103466446
81 686.0252992190755 56.0 161.28143829051086 112 217.28143829051083 14396.458428708273 0.4682729386790925 14339.990155769596
84 697.6830930162174 57.5 167.3017178795913 115 224.8017178795913 14409.021239732658 0.26264903799733474 14351.25859069466
74 636.0714079841463 58.0 173.73804323936224 116 231.7380432393622 14472.11927770137 0.0 14414.11927770137
92 758.5771127965916 58.5 170.90974762660983 117 229.40974762660983 14359.750057568575 0.0 14301.250057568575
96 799.1083611120441 59.5 181.52214053958772 119 241.02214053958772 14328.561093955403 0.0 14269.061093955404
36 294.84598240293775 62.5 185.19375676688813 125 247.69375676688816 14833.858807382343 0.0 14771.358807382343
