# Cpu scheduler: srtf
# Quantum: None
pid arrival_time cpu_bursts_time io_bursts_time nbursts bursts_time tat ready_wait_time io_wait_time
6 44.65460763851834 40.0 14.733576383538761 2 54.73357638353876 193.01781842099993 129.11007856578715 23.907739855212796
7 53.38382313614528 80.0 52.614807025982955 4 132.61480702598294 423.81111763176654 185.65755808184423 158.1535595499223
3 34.818627409867155 100.0 61.41231491668951 5 161.41231491668952 552.5215943315235 196.34408886201035 256.17750546951316
0 26.67242605951829 140.0 83.30110647318378 7 223.30110647318378 827.8022000836307 220.94885371640396 466.85334636722683
8 54.491822339985845 140.0 91.27747131406973 7 231.27747131406974 908.0499620250775 221.70864397452848 546.3413180505491
1 26.67242605951829 48.5 148.11049767752905 97 196.61049767752905 11684.416658693483 0.3123950265583204 11635.604263666924
17 170.8814575939076 42.5 124.91673251397108 85 167.41673251397108 11881.550571006326 0.0 11839.050571006324
14 138.76252344549306 44.5 131.1659540868469 89 175.6659540868469 12359.527723720648 0.0 12315.027723720648
45 474.732733651949 41.5 122.53895984107606 83 164.03895984107606 12133.83791128024 0.0 12092.337911280238
50 501.4977895212881 41.5 119.98723870375599 83 161.487238703756 12153.507273447345 0.049147003738085004 12111.958126443607
41 417.7855232364946 43.0 128.17178115185015 86 171.17178115185015 12535.166374730281 0.0 12492.166374730281
19 185.2487836065164 45.5 139.61946901596684 91 185.11946901596684 12832.538165342427 0.0 12787.038165342427
54 538.4215440282197 43.0 122.33703225507175 86 165.33703225507173 12598.12901706183 0.6441202699817268 12554.48489679185
31 373.7306868086118 44.0 132.01746113311273 88 176.0174611331127 12778.170261117886 0.0 12734.170261117888
99 1067.1004541573327 41.0 121.08032945999575 82 162.08032945999577 12113.94555897072 0.3872738658756134 12072.558285104844
13 135.4531283253799 47.0 137.96041063445685 94 184.96041063445688 13051.735383280615 0.4379221145908332 13004.297461166023
9 69.66743579208996 49.0 143.31811247663106 98 192.31811247663106 13140.979506933989 0.0 13091.979506933989
22 226.4248171812145 46.0 136.49744733531583 92 182.4974473353158 13071.429317129589 0.0 13025.429317129589
62 637.0808749066775 43.5 127.98779304419392 87 171.48779304419395 12742.850383175422 0.46398767345408487 12698.88639550197
15 148.58633992627585 47.5 140.83750156729565 95 188.33750156729565 13237.211079019984 0.0 13189.711079019984
47 489.6427651198287 44.5 132.7456428602262 89 177.2456428602262 12980.808692505638 0.0295769313091796 12936.279115574329
35 401.71446278024393 45.0 133.37428143051298 90 178.37428143051295 13088.80373479964 0.0 13043.80373479964
66 647.9487091944164 44.0 134.52186514302562 88 178.52186514302565 12883.094220842171 0.0 12839.094220842171
10 84.43600485422574 50.0 145.75086590958676 100 195.75086590958676 13525.877948374844 0.5637186170431931 13475.314229757802
94 1037.467911552474 43.0 127.52812902554201 86 170.528129025542 12636.506284431898 0.0 12593.506284431898
12 96.18165780103357 50.0 147.36896153251905 100 197.36896153251905 13594.952063053172 0.13016356876708812 13544.821899484405
36 403.9896490342671 46.0 138.87576817340792 92 184.87576817340792 13340.850536675032 0.15869709815092392 13294.69183957688
46 486.87460560905663 46.5 139.1662604874569 93 185.6662604874569 13459.175021913034 0.0 13412.675021913034
37 404.50811350528 47.0 136.97364324489575 94 183.97364324489575 13571.740638638152 0.14023262713800477 13524.600406011015
58 584.7260530155665 46.5 136.7658542555678 93 183.2658542555678 13483.33823051796 0.0 13436.83823051796
42 417.9011137308482 47.5 137.24146491551738 95 184.74146491551744 13680.481188658085 0.38440950564643117 13632.596779152438
65 644.8500136807355 46.5 141.9307620492718 93 188.43076204927183 13473.472300441115 0.3720182825611573 13426.600282158555
30 366.39445050511074 48.0 141.31323702354842 96 189.31323702354842 13772.201927515587 0.06023902502818146 13724.141688490561
16 154.75638863996843 51.0 153.71809412962003 102 204.71809412962 14070.8627704224 0.0 14019.862770422398
67 648.6802887096669 47.0 140.0687820361618 94 187.06878203616176 13584.409274168169 0.2684204847495266 13537.140853683419
55 558.0758917767325 47.5 139.95321378360453 95 187.45321378360453 13691.313020055564 0.6750554224990992 13643.137964633066
53 534.8423903719378 48.0 139.71171970576623 96 187.71171970576623 13803.479154612318 0.5939642538839962 13754.885190358433
88 886.2491836576189 46.5 141.27576507308635 93 187.77576507308635 13459.225761652317 0.0 13412.725761652317
20 188.6128817588691 51.0 153.4405185278024 102 204.44051852780242 14176.735112765515 0.4873225778082997 14125.247790187706
92 946.1835156389182 46.5 145.88809450934247 93 192.38809450934247 13446.163673053581 0.0 13399.663673053583
74 705.3001303942368 47.5 148.6848431108719 95 196.18484311087184 13699.697756177527 0.0 13652.197756177527
38 411.7029928650415 49.0 142.05301975140821 98 191.05301975140827 14004.455083848492 0.0 13955.455083848492
93 997.1607312545534 46.5 136.72285394428633 93 183.22285394428633 13435.641295065489 0.009876841670916292 13389.131418223817
87 884.2186695605241 47.0 139.54953750658834 94 186.54953750658834 13560.842258123004 0.04406563504983296 13513.798192487953
2 33.115802227040334 57.5 167.57792799214099 115 225.07792799214099 14474.669862599105 0.34302259055439777 14416.82684000855
29 360.53463958356474 50.0 149.34343186548182 100 199.34343186548182 14174.84829999901 0.07261516300070525 14124.77568483601
69 666.1015234013709 48.5 145.1096323788702 97 193.60963237887023 13877.038156370312 0.42560723077349394 13828.112549139538
56 560.1806329396348 49.0 148.0121158924706 98 197.0121158924706 13989.281755341437 0.0 13940.281755341437
102 1083.6927667743662 47.0 133.84574722758427 94 180.84574722758427 13497.094028652406 0.0 13450.094028652406
23 244.8054309624469 51.5 158.9088458403037 103 210.40884584030368 14352.076889925764 0.0 14300.576889925765
64 641.7931216591564 49.0 145.25017230360157 98 194.25017230360157 13973.444591684816 0.0 13924.444591684816
24 302.7585048653775 51.0 149.4616213148918 102 200.4616213148918 14313.600653516709 0.29955429861252014 14262.301099218097
86 876.9830915848959 48.0 143.96416383252463 96 191.9641638325246 13741.561824737288 0.0 13693.561824737288
78 761.3814322234113 48.5 144.86379564729344 97 193.36379564729347 13863.620118520508 0.0 13815.12011852051
73 697.3360623247974 49.0 146.21120023670133 98 195.2112002367013 13968.961396169332 0.11871632488669093 13919.842679844445
84 822.9976854255809 48.5 144.33218723055643 97 192.83218723055643 13850.188120290462 0.0 13801.68812029046
11 86.35282623317526 55.0 163.24127318762464 110 218.24127318762464 14594.905055188477 0.0 14539.905055188476
85 863.5357876783124 48.5 147.648476933886 97 196.148476933886 13830.89591675954 0.0 13782.39591675954
4 34.825974284522815 58.5 175.02668736696077 117 233.52668736696077 14705.102456383322 0.2282137954468908 14646.374242587874
27 326.70004377775376 51.5 147.92881693562083 103 199.42881693562083 14418.586777777673 0.5498758003727175 14366.536901977299
34 397.9957960114982 51.0 152.4371039824555 102 203.4371039824555 14348.826769994057 0.024589074141488254 14297.802180919916
59 610.0346419625874 50.0 144.48710725872536 100 194.48710725872536 14142.516899952672 0.10444898783180179 14092.41245096484
61 630.4860168094226 50.0 147.28033259998733 100 197.28033259998733 14132.080092138422 0.0 14082.080092138422
96 1052.2026215821743 48.5 149.07598550945505 97 197.57598550945505 13731.896907038212 0.0 13683.396907038212
5 43.929992606630414 58.0 174.50087997798636 116 232.50087997798633 14763.948661010794 0.10899762562837623 14705.839663385166
48 490.1030736206116 51.0 151.6821776606943 102 202.6821776606943 14319.597971931367 0.38961984762198654 14268.208352083746
79 767.7317364342142 50.0 150.6918336403521 100 200.69183364035212 14069.460535134524 0.0 14019.460535134524
98 1060.110817667913 49.0 145.9791560318615 98 194.97915603186152 13793.915499875555 0.0 13744.915499875555
91 940.8199129419842 49.5 148.12909762346837 99 197.62909762346834 13927.234769562052 0.891888590061285 13876.842880971992
40 417.01352570317584 52.0 155.8210266941193 104 207.82102669411927 14460.148435464042 0.4200495765805954 14407.728385887462
60 626.1523812605928 51.0 152.76025292505892 102 203.76025292505892 14255.675429637864 0.24190515342399976 14204.433524484439
26 321.80371466989976 53.0 160.22446688739387 106 213.22446688739387 14583.120871211002 0.0 14530.120871211
72 688.1072545893633 51.0 152.6383067117743 102 203.6383067117743 14226.986385713653 0.3375673213340633 14175.648818392321
90 940.7205361894595 50.0 147.23355857470008 100 197.23355857470006 13979.151404038383 0.49126534258596166 13928.660138695795
52 533.9480246234232 52.5 151.68246320618425 105 204.18246320618425 14455.185288599281 0.0 14402.685288599281
33 388.08784307957984 53.5 162.10065404598242 107 215.60065404598242 14625.862318803698 0.23599415733406204 14572.126324646364
71 686.9373645333978 52.0 149.314578128964 104 201.31457812896406 14329.774923616516 0.3829531756216511 14277.391970440895
39 415.77067501496117 53.5 159.76461792297255 107 213.26461792297255 14614.658880826843 0.0 14561.15888082684
97 1057.857704044413 51.5 152.6277701118497 103 204.1277701118497 14040.066801499053 0.3456596522196378 13988.221141846832
89 926.8268474873453 52.0 155.4691936604906 104 207.4691936604906 14173.81798688299 0.0 14121.81798688299
82 799.7945279467415 52.5 153.52230061523133 105 206.02230061523136 14303.625685302333 0.0 14251.125685302335
49 498.47643525227176 54.0 163.97837068388077 108 217.97837068388077 14609.8296245612 0.08674422929652792 14555.742880331904
63 638.5719481841073 53.5 161.9922857089747 107 215.49228570897466 14478.054201157114 0.0 14424.554201157114
51 516.1335413287944 55.0 161.09005555510134 110 216.09005555510134 14668.733862069568 0.0 14613.733862069568
21 215.19309871024615 57.5 174.93490000330667 115 232.4349000033066 14985.89023466818 0.0 14928.390234668179
32 380.8008460394117 56.0 163.51333948990748 112 219.51333948990748 14822.022922503353 0.0 14766.022922503353
57 574.520033244583 55.0 165.6410902172153 110 220.6410902172153 14631.70904437112 0.0 14576.709044371122
18 177.6648886624534 58.5 178.44864169504302 117 236.94864169504308 15053.036479480883 0.2322354373029043 14994.30424404358
75 709.7881132411422 55.0 162.85571675011212 110 217.8557167501121 14530.913581143857 0.24686271801681414 14475.66671842584
44 463.1051163476607 56.5 166.44987867229952 113 222.94987867229952 14794.155532545972 0.227194525379673 14737.428338020592
25 311.30282051085476 58.0 177.97338288754923 116 235.97338288754918 14959.975029579335 0.6947528314756823 14901.280276747859
28 353.4335022656767 58.0 176.6912508982052 116 234.69125089820517 14939.800958593156 0.0 14881.800958593154
70 684.7858819614521 56.5 172.02118808245524 113 228.52118808245524 14620.154578747817 0.0 14563.654578747817
76 731.4552576239954 56.5 162.94679347132148 113 219.44679347132148 14580.697762010359 0.0 14524.197762010359
100 1069.2619919568856 55.5 160.40410234529833 111 215.90410234529833 14253.159480901673 0.0 14197.659480901673
80 771.2566963670905 57.0 165.96580873184783 114 222.96580873184786 14562.047154006392 0.0 14505.047154006392
83 809.6780499972872 57.0 169.4156496514787 114 226.4156496514787 14530.77641382458 0.4037673816885672 14473.372646442891
43 431.3473009415509 59.5 173.61104507741064 119 233.1110450774106 14924.54222249308 0.45069508705569206 14864.591527406024
77 754.7875286998125 58.0 174.2320635894498 116 232.2320635894498 14603.085189408343 0.0 14545.085189408343
68 665.5271306321443 59.0 178.47396013220683 118 237.4739601322068 14704.153090034088 0.0 14645.153090034088
104 1103.8585361804671 59.0 173.73240820246042 118 232.73240820246042 14295.6286209141 0.0 14236.6286209141
95 1040.0738353149093 60.0 178.25440579071523 120 238.25440579071523 14368.44214576681 0.4809761678018276 14307.96116959901
81 771.860749341657 61.5 184.75660110247867 123 246.25660110247867 14640.00926777839 0.3959470254335429 14578.113320752956
101 1074.8035775091737 61.0 176.45767336443018 122 237.45767336443015 14341.992548844273 0.38435302863513243 14280.60819581564
103 1088.7753515075428 63.0 188.22061653055636 126 251.22061653055636 14337.116438282013 0.0 14274.116438282013
