# Cpu scheduler: srtf
# Quantum: None
pid arrival_time cpu_bursts_time io_bursts_time nbursts bursts_time tat ready_wait_time io_wait_time
0 45.10907233935397 60.0 26.36132417963752 5 86.36132417963752 289.49999999999994 165.5989399995227 63.90106000047726
3 55.7559994886697 80.0 42.14255668614328 7 122.14255668614328 446.3530728506842 208.62805029956252 157.72502255112173
4 56.924049505035356 100.0 67.03853162959534 9 167.03853162959535 640.2227497087597 219.48119337172704 320.74155633703265
5 59.868521956682216 100.0 56.21297516619864 9 156.21297516619865 675.3908456010251 232.18907340515239 343.20177219587276
2 54.981347326814884 120.0 69.41751057448627 11 189.41751057448627 725.9465454092584 210.67190558771665 395.27463982154177
15 129.06235875579623 38.5 112.72144291629478 153 151.22144291629473 10577.769593344687 0.4185975623401532 10538.850995782346
18 182.80308860841316 38.5 112.89065287882872 153 151.3906528788287 10780.077132569644 0.0 10741.577132569644
17 156.36262608335068 41.5 125.5152066550481 165 167.0152066550481 11564.539962995534 0.0 11523.039962995534
35 350.9100969269337 39.5 113.93609376611796 157 153.43609376611795 11403.338597502543 0.4814726016010695 11363.35712490094
75 724.9846895342639 38.5 114.46010743888135 153 152.96010743888138 11309.003921843723 0.0 11270.503921843723
1 45.10907233935397 51.0 153.62695122339235 203 204.62695122339238 12138.74316431006 0.9576468024592373 12086.785517507602
83 776.1374816593269 39.0 112.45991948303649 155 151.4599194830365 11461.961497426953 0.0 11422.961497426953
36 354.5430821264352 42.0 125.90218730319188 167 167.9021873031919 12131.680059150276 0.343202049318279 12089.336857100956
7 64.7759369732459 49.0 141.94334831104945 195 190.94334831104945 12938.305744919935 0.5274316297060864 12888.77831329023
6 63.66504440155296 50.0 149.6316621331189 199 199.63166213311888 13181.14973194901 0.9963221526489576 13130.153409796361
24 261.73944184287706 45.5 134.29197558276474 181 179.79197558276476 13003.552539349397 0.31622011586068766 12957.736319233536
90 849.1511540227888 42.5 124.95806865012972 169 167.4580686501297 12443.914213641736 0.6198699786472162 12400.794343663089
12 103.1150467212712 48.5 144.41509270322308 193 192.91509270322308 13320.031054935269 0.3462759433612064 13271.184778991908
70 651.8693093316339 44.0 134.30685806448508 175 178.30685806448508 12848.230355031943 0.0 12804.230355031943
50 455.48367762332754 45.0 135.05809056149448 179 180.05809056149445 13059.54654057885 0.0 13014.54654057885
14 126.84814885160388 48.5 145.31839175661815 193 193.81839175661815 13399.358327424039 0.3682029053630913 13350.490124518677
73 689.4211814843115 44.0 128.70403750761528 175 172.70403750761528 12838.094602447047 0.37431166658041093 12793.720290780466
61 559.1616015719386 45.0 134.56331165784954 179 179.56331165784954 13085.849533109076 0.49859325511954466 13040.350939853957
77 731.747223329395 44.5 130.82158124588332 177 175.32158124588332 12957.040297321206 0.47129201310679036 12912.0690053081
13 110.946518477203 49.5 147.59104758731945 197 197.09104758731945 13659.527026947308 0.6402327504513607 13609.386794196856
72 682.6675003342737 45.0 137.9830442232188 179 182.98304422321877 13092.47683830169 0.0 13047.47683830169
16 138.7963615650777 50.0 144.80471819022227 199 194.80471819022227 13835.95421508189 0.5093922039397967 13785.44482287795
46 430.6262836071356 47.0 135.90480755885636 187 182.90480755885636 13548.341238444564 0.0 13501.341238444566
42 388.8506675665952 47.5 137.05805336541172 189 184.5580533654117 13631.994925985671 0.6503501445940287 13583.844575841078
23 254.4477850673027 49.0 142.6490750237875 195 191.64907502378747 13858.562106961946 0.6880144833762074 13808.87409247857
85 814.6063448342959 46.0 133.51587803681895 183 179.51587803681898 13317.911681196096 0.0 13271.911681196096
80 750.9965859973528 46.5 135.09832990855912 185 181.5983299085591 13427.553506664668 0.0 13381.053506664668
31 315.4779113003308 49.0 148.00682299881822 195 197.00682299881822 13933.829991333085 0.0 13884.829991333087
84 801.3413453339986 47.0 139.8003926461007 187 186.80039264610065 13546.695025373268 0.4181106940890231 13499.27691467918
10 89.34822086876247 53.0 155.53842269145278 211 208.5384226914528 14288.491796441893 0.49178284790787075 14235.000013593984
82 763.9207022997848 47.5 141.72000990459858 189 189.2200099045986 13649.923459404223 0.0 13602.423459404223
67 638.3944658395754 48.0 143.08369454643162 191 191.08369454643162 13789.207913308146 0.4047843115085925 13740.803128996638
48 431.53299153833217 49.0 141.2233122247434 195 190.22331222474344 14001.822212434918 0.5392718053071803 13952.282940629611
58 552.3076340091127 48.5 140.76053467846344 193 189.26053467846344 13896.620322445851 0.0 13848.120322445851
60 554.4422464144923 48.5 145.93975038748707 193 194.4397503874871 13899.997653199083 0.7467027241470987 13850.750950474936
74 703.6394490175412 48.0 143.15187836286066 191 191.15187836286066 13761.491935282042 0.22207143804052976 13713.269863844002
19 194.6739938551267 51.5 153.94967481301197 205 205.44967481301194 14278.820605292769 0.30177167045957276 14227.01883362231
101 1034.4975514205694 47.0 139.577739902232 187 186.577739902232 13501.252144009411 0.0 13454.252144009411
87 828.8899284913798 48.0 143.5659955845093 191 191.56599558450927 13733.160762363406 0.0 13685.160762363406
54 515.4879945103204 49.5 148.9421146083454 197 198.44211460834538 14091.601332885923 0.0 14042.101332885923
49 438.1487440360608 50.0 152.68619308831668 199 202.68619308831666 14196.313795375581 0.0 14146.313795375581
41 379.8311931436934 51.0 153.57229916410085 203 204.57229916410085 14350.428258538428 0.0 14299.428258538426
52 469.0498223655495 50.5 145.09149535312037 201 195.59149535312037 14275.665253537623 0.7687158931420299 14224.396537644481
32 322.5147687345527 51.5 153.1161236111467 205 204.6161236111467 14433.963245331686 0.0 14382.463245331686
11 94.68535912158697 55.0 163.3602509864909 219 218.36025098649094 14667.335024051828 0.03342231873020296 14612.3016017331
28 288.89968366679005 52.0 157.2794008904803 207 209.2794008904803 14492.341706338333 0.014595768296260303 14440.327110570037
38 360.6566361506003 51.5 151.42143455309022 205 202.92143455309025 14434.37663877626 0.0 14382.87663877626
39 361.10700593708776 51.5 151.07491433728197 205 202.57491433728194 14436.91250505426 0.21507833822414568 14385.197426716037
21 222.7875680337159 53.0 161.44326812075766 211 214.4432681207577 14605.291188576466 0.0 14552.291188576466
56 544.7500575608078 51.0 156.09382233363257 203 207.09382233363254 14350.70274124064 0.0 14299.702741240642
91 860.9940557766242 50.0 150.28935928723217 199 200.28935928723217 14074.180487992173 0.46500675477693676 14023.715481237396
98 999.8088699865735 49.5 148.83068806063594 197 198.3306880606359 13943.425637437767 0.0 13893.925637437766
20 206.4156447770201 54.5 153.35505310768002 217 207.85505310768002 14828.497315360048 0.0 14773.997315360048
59 553.5117558691271 52.0 151.97428689247005 207 203.97428689247008 14496.32871027253 0.0 14444.32871027253
103 1047.8290719324361 50.0 148.71439363116951 199 198.71439363116951 14003.92991013259 0.0 13953.929910132589
64 612.3702486313218 52.0 157.734862409059 207 209.73486240905908 14465.285877244445 0.28785034950760746 14412.998026894937
79 750.4425497788156 51.5 154.29410072177097 205 205.79410072177103 14336.639046837692 0.0 14285.139046837692
100 1028.152973087527 50.5 147.8233695225216 201 198.32336952252155 14081.759884002116 0.0 14031.259884002116
104 1047.932140395179 50.5 145.23182189560586 201 195.73182189560586 14072.996888307207 0.39693153725716 14022.09995676995
25 262.95468857668226 54.5 165.00859054230887 217 219.5085905423089 14865.99010460692 0.0 14811.49010460692
96 990.0216569245524 51.0 149.191947937485 203 200.191947937485 14159.45991326032 0.0 14108.45991326032
102 1035.2692803125346 51.0 153.8008996691992 203 204.80089966919923 14145.53703240247 0.4759594315075901 14094.06107297096
71 675.519805330106 52.5 156.28822308195294 209 208.78822308195294 14509.474031537811 0.0 14456.974031537811
63 591.2492828824627 53.0 156.83755797375858 211 209.83755797375858 14599.584971727654 0.291914057895724 14546.29305766976
33 339.1321316276499 54.5 160.36135202983587 217 214.86135202983587 14860.1235530852 0.0 14805.6235530852
93 889.9904173909345 52.0 156.46593695090348 207 208.46593695090348 14340.600780782206 0.33819474095651003 14288.26258604125
68 642.2442243396781 53.0 159.37027275060817 211 212.3702727506082 14592.936051572597 0.0 14539.936051572597
55 535.201946104553 54.0 162.63409104384783 215 216.63409104384786 14751.104494068819 0.0 14697.104494068819
43 398.1522466217677 55.0 161.3597969333761 219 216.35979693337612 14901.165216670566 0.0 14846.165216670568
95 978.7075902963803 52.5 154.48766375053512 209 206.98766375053512 14330.133663592425 0.0 14277.633663592425
92 866.1201283690239 53.0 162.87662115433736 211 215.87662115433739 14452.516266273264 0.4883006619626258 14399.027965611302
29 295.63960308886755 56.0 167.85800631229858 223 223.85800631229858 15032.856281100205 0.1416703179291403 14976.714610782275
76 731.5592087831792 54.0 164.81550102800279 215 218.8155010280028 14620.71709243746 0.15930655932254467 14566.557785878138
97 991.0595642407761 53.0 160.54393406472155 211 213.54393406472153 14366.854252472098 0.0 14313.854252472096
53 508.515811927148 55.0 164.36460546081616 219 219.36460546081616 14853.935477717103 0.0 14798.935477717103
65 622.1074067207418 55.0 162.70023760443777 219 217.7002376044378 14781.455571177417 0.0 14726.455571177416
45 427.3429516940285 56.0 164.54003109451966 223 220.5400310945197 14983.84047282246 0.0 14927.84047282246
69 642.3054987140233 55.0 165.40206001119878 219 220.40206001119878 14773.462581860816 0.4387256256547971 14718.023856235162
86 818.8080390109046 54.5 166.31565228588622 217 220.8156522858862 14602.81372191529 0.05462081585210399 14548.259101099438
26 268.1603819553581 57.5 169.9602288449592 229 227.46022884495923 15157.883994185444 0.40561686532339536 15099.978377320122
81 753.1343566967878 55.0 171.2907404007406 219 226.29074040074056 14682.86065484437 0.39799858853996284 14627.46265625583
37 356.6694523409637 57.0 168.14605102172175 227 225.14605102172175 15081.979789655697 0.23081440895469996 15024.748975246745
27 269.2419422844067 58.0 170.27263936721087 231 228.27263936721087 15187.185795839838 0.0 15129.185795839838
88 835.190893659047 55.5 161.47545798764278 221 216.9754579876428 14646.234072828434 0.0 14590.734072828434
34 350.8915695285348 58.0 173.94528671308117 231 231.9452867130812 15133.198130700646 0.0 15075.198130700646
8 66.85021218451791 63.0 184.83099949834198 251 247.830999498342 15423.07537911041 0.33408236667759184 15359.741296743734
99 1015.4105269942565 55.0 167.59775835107303 219 222.59775835107305 14479.666051927448 0.0 14424.66605192745
40 370.4954651845113 58.0 169.9882858886218 231 227.98828588862182 15128.949762874008 0.0 15070.949762874006
62 566.911843506524 57.0 168.81580405939886 227 225.81580405939889 14938.098360729166 0.3433090281419027 14880.755051701024
94 955.9956844179833 55.5 167.78244063557574 221 223.28244063557577 14550.72459597924 0.006917892732531072 14495.217678086507
89 843.4395657659237 56.0 168.9352384835771 223 224.9352384835771 14664.403299384165 0.26029195080570844 14608.143007433358
78 743.7565365294271 56.5 169.76390398078328 225 226.2639039807833 14767.110655917399 0.0 14710.610655917399
47 430.8561275301165 58.0 174.11374499441044 231 232.11374499441047 15087.27292590008 0.4622707007985696 15028.81065519928
9 75.37870125071194 63.0 187.26228364310055 251 250.26228364310055 15448.80922250761 1.5791435813780765 15384.230078926234
44 422.19271370399156 59.5 182.50132933932943 237 242.0013293393294 15119.522993498955 0.0 15060.022993498955
22 244.63519884164086 61.5 181.70839587756367 245 243.20839587756365 15304.407258812635 0.21186521588271034 15242.695393596752
57 544.9878105294106 60.0 175.5432666287309 239 235.54326662873092 15015.19404437423 0.26224703139723715 14954.931797342831
66 633.4052029758482 60.5 180.0902519531329 241 240.5902519531329 14935.92274963664 0.0 14875.42274963664
30 296.16477872797276 63.5 188.82947972995066 253 252.32947972995063 15278.860274764584 0.2570029321880156 15215.103271832397
51 466.4484847831761 63.0 188.88843611951282 251 251.88843611951282 15111.575906039545 0.0 15048.575906039545
