# Cpu scheduler: srtf
# Quantum: None
pid arrival_time cpu_bursts_time io_bursts_time nbursts bursts_time tat ready_wait_time io_wait_time
5 18.22707111417997 20.0 0.0 1 20.0 68.53787211156822 48.53787211156821 0
0 7.264943225748187 40.0 16.852769816973126 3 56.85276981697312 166.0 103.85518692648205 22.144813073517966
8 32.382449515582714 80.0 41.28130201758073 7 121.28130201758071 459.3548724196771 153.38627847209858 225.96859394757854
3 10.931708584933485 100.0 58.97742674467601 9 158.97742674467602 531.1875579201078 164.80422206522024 266.3833358548876
6 20.296912154039347 160.0 109.86843586292609 15 269.8684358629261 1088.9027137539379 196.00271184288965 732.9000019110482
17 103.74982728211276 40.0 117.11212729826849 159 157.1121272982685 11123.475651759858 0.5846821612028066 11082.890969598653
11 61.60395917789497 41.5 121.98515500492172 165 163.48515500492172 11308.08404293985 0.6917183990905684 11265.89232454076
16 100.10751644306971 41.0 123.84066025934338 163 164.84066025934337 11395.502465768988 0.7610809518786397 11353.74138481711
24 181.49801131489752 41.0 112.8523382438612 163 153.8523382438612 11744.372145843712 0.428717900812984 11702.943427942899
42 333.1353629418988 41.0 124.32069605951129 163 165.3206960595113 11956.5690707893 0.32953472795304606 11915.239536061348
68 532.3247866574319 40.5 119.22030795993312 161 159.72030795993314 11913.749639995342 0.25879457516418825 11872.990845420176
27 229.34757676172947 43.0 125.3472230126669 171 168.34722301266692 12419.522153768037 0.0 12376.522153768037
36 283.4036640348423 43.0 124.63907156904553 171 167.63907156904554 12488.82298735597 0.044469221971269235 12445.778518134
62 471.6454281599769 42.5 125.32356359123273 169 167.82356359123273 12455.537339941995 0.0 12413.037339941993
7 20.82848578168775 49.0 145.2933532963207 195 194.2933532963207 12946.570484624384 0.03916639453262505 12897.531318229852
1 7.264943225748187 51.5 153.8876369397943 205 205.38763693979428 13007.787480283032 0.0 12956.28748028303
37 284.0551675156169 44.5 134.69799687896642 177 179.19799687896642 12905.432419861934 0.0 12860.932419861932
18 128.4638782759995 46.5 138.58421701439343 185 185.08421701439346 13146.96961127629 1.1874494074434665 13099.282161868847
29 232.45183646694008 45.5 132.71988662497176 181 178.21988662497176 13117.022177442439 0.2657819640205048 13071.256395478418
25 186.81277045066997 46.5 137.60943343192997 185 184.10943343193003 13294.93056150783 0.0 13248.43056150783
45 350.9538922635947 45.5 134.38835184143974 181 179.88835184143977 13204.718974010952 0.25006723595583935 13158.968906774995
73 565.5281848826452 44.5 133.2064486437717 177 177.7064486437717 13016.21315704602 0.7508725167159582 12970.962284529303
53 391.35427692008517 45.5 132.35575421131725 181 177.85575421131725 13224.631184983393 0.0 13179.131184983391
40 321.4223678234929 46.0 133.42989197373666 183 179.42989197373663 13319.02869541891 0.17291059333439307 13272.855784825575
66 517.9627198820895 45.0 135.45525741962857 179 180.4552574196286 13129.412579234244 0.4637003917069933 13083.948878842535
28 229.49368002188717 47.0 137.78258224148172 187 184.78258224148175 13490.483749077655 0.3538967398422983 13443.129852337814
56 411.7253670907042 46.0 133.35535942494795 183 179.35535942494798 13346.61658460593 0.0 13300.61658460593
41 326.1297447292886 46.5 138.9856821083583 185 185.4856821083583 13434.718531265815 0.0 13388.218531265815
2 10.345088378007086 54.5 164.56580029883048 217 219.06580029883048 13896.23925331335 0.0 13841.739253313352
21 137.92191834788525 49.0 147.22216169969613 195 196.2221616996961 13810.056583644388 0.0 13761.056583644388
95 828.43422111782 45.5 133.59142587660924 181 179.09142587660924 13237.020209235587 0.3846598888077324 13191.135549346778
96 879.1707601970479 45.5 133.11214948308455 181 178.61214948308452 13220.458232807878 0.0 13174.95823280788
19 129.64430040751043 50.0 146.8726789558784 199 196.8726789558784 13996.873708961382 0.12974705725639524 13946.743961904125
10 49.23940300546218 52.0 153.51624716479924 207 205.51624716479927 14088.39771849133 0.4963318357479807 14035.901386655582
54 397.41838949711706 48.0 142.45625994850462 191 190.4562599485046 13800.20501352263 0.0 13752.20501352263
4 13.316506734709394 55.0 164.32235314532394 219 219.32235314532397 14218.480289799909 0.4695654426856066 14163.010724357224
38 284.85598661975774 49.0 145.7396114773153 195 194.73961147731535 13983.532210318492 0.0 13934.532210318492
39 286.1999874775735 49.0 149.8526819591541 195 198.8526819591541 13984.156719612054 0.0 13935.156719612054
26 206.58558581175612 50.0 152.98899889758275 199 202.9889988975827 14092.273067813745 0.0 14042.273067813745
9 41.14932159383734 53.0 156.97483672202696 211 209.97483672202696 14282.448061695824 0.9295639106931617 14228.518497785131
14 80.3204321226022 52.5 156.80858714561737 209 209.30858714561737 14316.592062089105 0.0 14264.092062089105
35 260.8053882222565 50.0 152.5540124574361 199 202.55401245743613 14174.846787804125 0.4456996072135553 14124.40108819691
44 345.69281517767155 49.5 146.29591772581762 197 195.79591772581762 14092.793601047531 0.2933146012318275 14043.0002864463
101 890.0108549067353 47.5 138.9878435058746 189 186.4878435058746 13627.213929173075 0.0 13579.713929173075
46 351.39688274321475 50.0 146.7303631049403 199 196.7303631049403 14188.160946867112 0.307076756335789 14137.853870110777
47 353.304264746435 50.0 148.53863162530337 199 198.5386316253034 14188.511467679833 0.0 14138.511467679835
83 688.2269053605287 48.5 142.8675584424204 193 191.36755844242043 13880.426358104336 0.0 13831.926358104336
63 477.5446027636855 49.5 147.32772759772533 197 196.82772759772536 14093.779944468059 0.0 14044.27994446806
31 250.47487611861155 51.0 156.40202109032688 203 207.4020210903269 14335.064670854903 0.04595494470041217 14284.0187159102
33 254.25269188174403 51.0 147.3034436825151 203 198.3034436825151 14344.325983275963 0.0 14293.325983275963
99 887.9995088050885 48.0 144.8385624219147 191 192.83856242191467 13717.770062987312 0.47414727473915264 13669.295915712573
13 74.52154249450862 54.0 160.97576600547472 215 214.97576600547472 14582.346953220474 0.0 14528.346953220474
51 378.0592176077843 50.5 148.2300621921869 201 198.7300621921869 14280.69215649766 0.0 14230.19215649766
85 698.7687988747598 49.0 146.2337410574594 195 195.23374105745938 13966.519303114093 0.0 13917.519303114093
87 716.7752448806698 49.0 147.19420447469562 195 196.19420447469565 13952.442867832979 0.0 13903.442867832979
20 132.2148953463342 53.0 161.9094587344254 211 214.9094587344254 14573.618549740135 0.0 14520.618549740135
80 656.2066082904515 49.5 151.96960166320096 197 201.46960166320093 14057.948568535186 0.0 14008.448568535185
88 722.9378943321319 49.5 142.77788832192294 197 192.27788832192294 14024.30569589364 0.0 13974.80569589364
32 252.14905657696494 52.0 158.7443102203872 207 210.7443102203872 14501.723732771765 0.49582343722349265 14449.22790933454
15 91.56171213810127 54.5 163.40158016357262 217 217.90158016357262 14675.217151872588 0.626517611710085 14620.09063426088
69 532.4499429299852 50.5 151.27895999415333 201 201.77895999415333 14244.26470124354 0.6336383026108479 14193.131062940929
60 457.4776794916866 51.0 150.27616674095353 203 201.27616674095356 14332.651870196218 0.0 14281.651870196218
82 667.3478320521358 50.0 145.84644046380427 199 195.84644046380427 14126.855311537247 0.0 14076.855311537247
84 695.0876075490721 50.0 150.59582761803023 199 200.59582761803023 14114.366094479357 0.4290635131142153 14063.937030966243
76 605.6089271122647 50.5 151.2130431231031 201 201.7130431231031 14214.536598166324 0.0 14164.036598166325
77 609.4026541077905 51.0 148.9876654499566 203 199.98766544995664 14276.476289743596 0.04327413064584107 14225.433015612949
58 429.46151028945513 52.0 150.20924114949386 207 202.2092411494939 14474.4749769856 0.0 14422.4749769856
92 779.956611517464 50.5 146.34207206847603 201 196.84207206847606 14130.402134893233 0.0 14079.902134893231
71 552.2379940655504 51.5 153.71536239699373 205 205.21536239699367 14361.182447384515 0.0 14309.682447384515
72 553.6139249228308 51.5 149.71604045294592 205 201.21604045294595 14363.208669098862 0.2342293040842378 14311.474439794778
52 385.688076213433 52.5 154.4963915445766 209 206.9963915445766 14547.278956505917 0.0 14494.77895650592
90 727.6932638511544 51.0 152.9487495699154 203 203.94874956991538 14214.869340246656 0.0 14163.869340246656
74 567.6430424941553 52.0 157.46449423013382 207 209.46449423013382 14410.676086234549 0.0 14358.676086234549
104 944.2430525540019 51.0 152.37716003272078 203 203.37716003272072 14079.554606032421 0.23002451705792737 14028.324581515364
12 72.52096820628708 57.0 170.21006972214607 227 227.21006972214607 14954.541169796554 0.43451908394035854 14897.106650712614
89 726.5938834807212 52.0 152.56795362260377 207 204.56795362260377 14308.973535382567 0.23414002240110676 14256.739395360164
23 167.8501357528954 55.5 170.09671456953126 221 225.5967145695313 14882.52957224508 0.25572921485638744 14826.773843030222
94 805.5627512526139 52.0 155.8401948399394 207 207.84019483993936 14264.17103358868 0.0 14212.171033588678
67 525.1684427274382 53.5 161.12677798443835 213 214.62677798443832 14568.707967144948 0.0 14515.207967144948
43 338.65399744339265 54.5 161.4874042890112 217 215.98740428901124 14756.238660954785 0.0 14701.738660954785
86 711.7976367054714 53.0 158.8574514243429 211 211.8574514243429 14401.935600888097 0.0 14348.935600888095
64 479.57739060549557 54.0 165.31535283239614 215 219.31535283239614 14635.913533834853 0.0 14581.913533834851
98 887.4377430645825 52.5 158.4195699440929 209 210.91956994409287 14240.473558327778 0.0 14187.973558327778
65 501.0754855327921 54.5 162.4156594495377 217 216.9156594495377 14651.591141343733 0.0 14597.091141343733
50 367.3019832970156 55.5 158.51750316112899 221 214.01750316112896 14808.771301612433 0.0 14753.271301612433
97 886.1707249671098 53.5 159.46914206215408 213 212.96914206215405 14304.675989134363 0.0 14251.175989134363
59 440.6583498691629 55.5 162.877305402455 221 218.37730540245502 14760.742360317394 0.08244295744032115 14705.159917359953
61 460.1906585229673 55.5 160.67247261954432 221 216.17247261954435 14747.481636875917 0.0 14691.981636875917
30 236.42277214006296 57.0 165.0012809480819 227 222.00128094808184 14976.901107916996 0.0 14919.901107916996
78 623.952406248208 55.5 168.00443214616516 221 223.50443214616516 14619.65521478821 0.1302290120034968 14564.024985776208
48 356.8280084150563 57.0 169.81057115352195 227 226.81057115352195 14893.748054227752 0.0 14836.74805422775
93 800.3022669701622 55.0 159.9433475559185 219 214.94334755591848 14457.058546355258 0.0 14402.058546355258
22 140.3223820467658 59.0 174.44343152556428 235 233.44343152556425 15118.137517203106 0.0 15059.137517203108
91 735.8477206416038 55.5 165.7968167112964 221 221.29681671129637 14526.247986497274 0.11082793879529618 14470.63715855848
102 894.8045925482119 55.0 162.97071963618225 219 217.97071963618225 14372.515924894169 0.0 14317.515924894169
81 662.1391330402098 56.0 167.92710280061755 223 223.92710280061758 14611.958782594336 0.0 14555.958782594336
75 595.2960735585009 57.0 172.26932374012677 227 229.26932374012677 14697.14226550274 0.0 14640.14226550274
100 888.9098228565372 56.0 164.2325770329048 223 220.23257703290477 14408.167521322845 0.0638332232904304 14352.103688099554
49 365.0478535626135 58.5 177.45901284273427 233 235.95901284273424 14938.364792648883 0.0 14879.864792648883
70 540.2757530878673 58.5 170.21684479397175 233 228.71684479397175 14779.190529436593 0.33816186966214445 14720.352367566931
55 408.15691456358627 60.0 173.36062675130043 239 233.36062675130043 14922.579124563832 0.0 14862.579124563832
103 942.4071057633582 58.0 175.29346547403833 231 233.29346547403838 14394.216340716655 0.0 14336.216340716657
34 258.86122423379805 61.5 189.64233517111884 245 251.14233517111887 15080.98006832387 0.0 15019.48006832387
79 649.6699891570128 62.5 191.89128943104208 249 254.39128943104208 14710.711002006861 0.0 14648.211002006861
57 416.8804169262389 66.5 193.35917694199492 265 259.8591769419949 14954.027484468665 0.0 14887.527484468665
