# Cpu scheduler: srtf
# Quantum: None
pid arrival_time cpu_bursts_time io_bursts_time nbursts bursts_time tat ready_wait_time io_wait_time
9 47.93134270591635 40.0 17.69974686708659 3 57.69974686708659 188.24941058093606 111.02888836971046 37.220522211225614
6 22.425219862927005 80.0 46.17745787690522 7 126.17745787690522 445.57293609571076 186.47567894410463 179.09725715160613
4 12.078098360860714 100.0 65.8855597695412 9 165.8855597695412 569.2484223269545 201.77600893057812 267.4724133963764
11 49.027424060643185 100.0 52.75421837209382 9 152.75421837209382 593.1999905317849 192.33166045188 300.8683300799049
0 3.6807532868524278 120.0 74.33731051709321 11 194.33731051709324 694.1677839928548 209.80032555305405 364.3674584398007
3 10.983005672011117 44.5 123.36821133814492 177 167.8682113381449 11296.189806911869 0.49666306271502947 11251.193143849154
7 32.479467982632144 45.0 133.38378880657072 179 178.38378880657072 12030.709686921344 0.018937812849401325 11985.690749108495
48 423.7817191304987 40.0 119.00595863776961 159 159.0059586377696 11698.910887092252 0.3556493664342497 11658.555237725817
88 845.376190571113 39.0 115.36036101008925 155 154.36036101008926 11528.688731380247 0.3285648503797347 11489.360166529868
46 413.71708035156445 41.0 123.44817035279243 163 164.44817035279243 11967.35087111775 0.0 11926.350871117747
47 415.7685623209505 41.0 125.38102042979659 163 166.3810204297966 11976.524022833448 0.26588189198685086 11935.258140941462
5 17.032902780959272 48.0 142.39938855988197 191 190.39938855988203 12535.359519749212 0.19576206352593317 12487.163757685687
1 3.6807532868524278 50.5 150.77234247917426 201 201.2723424791743 12645.565051510113 0.07045033129455547 12594.994601178818
18 150.70926395386547 44.5 134.01268760672735 177 178.51268760672738 12505.280025535305 0.055751200393956424 12460.72427433491
39 365.28449229693007 43.0 130.70262798214867 171 173.70262798214867 12494.395205009325 0.0 12451.395205009327
27 241.3877930102724 44.5 131.82707428298724 177 176.32707428298727 12728.1209359516 0.0 12683.620935951598
49 426.76086230327974 43.0 131.68541074235927 171 174.6854107423593 12545.731779475904 0.0 12502.731779475904
98 928.6978197387069 41.0 115.72823097588753 163 156.72823097588753 12095.531230415127 0.0 12054.531230415127
67 622.4366692462839 42.5 123.10025755154696 169 165.60025755154697 12437.980596024327 0.0 12395.480596024327
32 286.0779724834201 44.5 134.26303607155455 177 178.76303607155455 12784.283460349947 0.40063986670941176 12739.382820483239
10 48.209915662387985 48.0 144.0164879601425 191 192.0164879601425 13079.355103596752 0.0 13031.355103596752
8 40.55701484033786 48.5 146.23571316766163 193 194.73571316766163 13173.40088481471 0.4417696929179442 13124.459115121792
34 287.1990269235112 45.5 135.32444673096836 181 180.82444673096836 13063.323787868503 0.7795854266183255 13017.044202441884
29 257.642701779127 46.0 132.7223679164036 183 178.72236791640358 13150.357750621686 0.0 13104.357750621686
22 201.51558547456378 47.0 139.20893878361838 187 186.2089387836184 13300.659717125272 0.560611635623161 13253.09910548965
35 295.2374484712312 46.5 136.22200982639123 185 182.7220098263913 13333.61051642266 0.0 13287.11051642266
26 236.0903959865803 47.5 144.0124876865561 189 191.5124876865561 13464.009624900587 0.7303585336634626 13415.779266366926
51 447.6955570503443 46.0 135.98256640427576 183 181.98256640427581 13303.739517370299 0.3215045000098371 13257.41801287029
15 120.44680252816755 49.5 149.59740228604966 197 199.09740228604966 13693.543165645908 0.06664796991938715 13643.976517675988
43 379.51293664655344 47.0 135.5807302067073 187 182.58073020670736 13514.396979230984 0.7840946559938402 13466.61288457499
55 487.0121416244366 46.5 136.019777405816 185 182.519777405816 13421.7389332551 0.0 13375.2389332551
31 278.1317892810859 48.5 143.2876139204089 193 191.78761392040892 13751.366327317284 0.0 13702.866327317284
59 516.1287353946259 47.0 140.10020018587838 187 187.1002001858784 13532.572584554922 0.3773089387774462 13485.195275616144
70 638.7403056617445 46.5 139.7673411105616 185 186.26734111056163 13414.812140927497 0.07606230119631618 13368.2360786263
63 550.3265206878152 47.0 140.7486108375921 187 187.74861083759214 13530.91283697018 0.0 13483.91283697018
74 679.3402572324569 46.5 137.80825731945853 185 184.30825731945853 13409.110091555365 0.11659795421007857 13362.493493601156
23 210.02362729385348 49.5 149.8476881643597 197 199.3476881643597 13892.158763261094 0.5247487442388774 13842.134014516854
44 393.18025763221453 48.0 144.9301338585719 191 192.93013385857196 13724.806178363919 0.0 13676.806178363919
66 604.4575631358313 47.0 141.18773975562053 187 188.1877397556205 13529.32283400413 0.0 13482.32283400413
24 214.16678864240296 49.5 146.61584107963156 197 196.11584107963154 13922.350669245632 0.4125250130963707 13872.438144232536
25 231.97375853475154 49.5 144.0937445798115 197 193.59374457981147 13914.815703470947 0.012134140607145127 13865.30356933034
60 525.527046258246 47.5 142.33799878672863 189 189.83799878672863 13645.101579443713 0.22677700528254263 13597.374802438433
38 360.12159105965816 48.5 142.4934790575499 193 190.99347905754993 13827.274055606717 0.0 13778.774055606717
16 137.00221005159074 51.0 149.3326410244053 203 200.33264102440523 14062.612260101323 0.0 14011.612260101323
17 141.47798974636453 51.0 153.79165204212467 203 204.7916520421247 14067.215263856868 0.16197667071202204 14016.053287186156
36 309.3853146318143 49.0 144.0408871764879 195 193.04088717648793 13906.221740998133 0.31748747348444795 13856.90425352465
57 495.85454904046026 48.0 140.4842482097022 191 188.48424820970214 13736.567006306457 0.40744776914772274 13688.159558537309
56 490.8274066670574 48.5 141.92214076376757 193 190.42214076376757 13829.543101384788 0.0 13781.043101384788
33 286.73887528089296 50.0 147.63238488805197 199 197.632384888052 14055.054854260181 0.23973706923658256 14004.815117190943
80 758.043011194188 47.5 141.99938259972615 189 189.49938259972618 13588.286522845485 0.0 13540.786522845485
13 98.99509915631013 52.5 151.30546676586914 209 203.80546676586914 14277.232036254882 0.30094844160041134 14224.431087813282
28 252.4056366594341 50.5 151.11563256120454 201 201.6156325612045 14134.033755586532 0.0 14083.533755586532
41 378.4301535575184 49.5 143.28000495469664 197 192.78000495469664 14014.283016905478 0.0 13964.783016905476
37 341.350776409 50.0 148.13936554492813 199 198.13936554492813 14091.643106970023 0.5178235193892533 14041.125283450634
2 5.553285189596229 58.0 176.97775728257793 231 234.97775728257795 14428.771973041667 0.08144880080413586 14370.690524240863
83 784.6720239990004 48.0 145.7035180223584 191 193.70351802235837 13671.643834602786 0.1487586089793922 13623.495075993807
12 79.22030642987269 53.5 159.90844409313698 213 213.40844409313698 14381.753456597056 0.0 14328.253456597055
85 822.0079986753587 48.0 140.96384292250954 191 188.9638429225095 13657.15874694985 0.0 13609.15874694985
20 186.34463321218263 52.0 157.85839557239638 207 209.85839557239638 14309.016426592836 0.18794378003440215 14256.8284828128
96 917.708402042984 48.0 141.58043720208292 191 189.58043720208292 13618.195941536442 0.0 13570.195941536442
62 546.0876746507737 50.0 150.53464566616103 199 200.53464566616097 14047.138411427431 0.0 13997.138411427431
89 857.1547137969721 50.0 150.4776136238604 199 200.47761362386044 13909.351827688171 0.2042020063450991 13859.147625681826
61 545.3242536994304 51.5 151.67833048085933 205 203.17833048085933 14243.581608627013 0.0 14192.081608627015
69 635.7713699442908 51.5 150.84994400231597 205 202.34994400231597 14199.985036625892 0.23968015959462718 14148.245356466297
101 972.9490104434204 50.5 148.17020124681008 201 198.67020124681008 13920.308975713931 0.0 13869.808975713931
79 746.7464992822922 51.5 154.0580636085835 205 205.5580636085835 14147.806382488945 0.18415017502286446 14096.122232313923
30 266.5952170109339 54.5 162.72035829496343 217 217.22035829496338 14669.006574882427 0.0 14614.506574882427
99 940.3684713339535 51.0 149.83889850036792 203 200.83889850036792 13996.421761487198 0.2571589604683595 13945.16460252673
77 720.1706500391364 52.0 157.76835207439854 207 209.7683520743985 14220.784084412553 0.5908275586273248 14168.193256853925
58 502.39027840442884 53.0 152.59955520184815 211 205.59955520184818 14444.328361107773 0.0 14391.328361107775
21 199.2479793769014 55.5 163.9918074096597 221 219.49180740965977 14768.34405965966 0.41185241601093026 14712.43220724365
19 170.53830043182342 56.0 167.13249928463443 223 223.13249928463443 14809.950072067099 0.0 14753.950072067097
75 699.5301438180952 52.5 160.58633327617542 209 213.08633327617542 14283.3989153012 0.0 14230.8989153012
54 478.7506362264029 53.5 160.26222054422013 213 213.76222054422016 14513.746637278738 0.446280406025096 14459.800356872714
103 997.7533130444 51.5 156.65626229618326 205 208.15626229618323 14010.58879106948 0.0 13959.088791069482
94 885.8736495891519 52.0 153.59479375203136 207 205.59479375203136 14134.631390444007 0.07208636368670795 14082.55930408032
95 898.8903909675811 52.0 153.07258701386183 207 205.07258701386183 14127.461404105945 0.0 14075.461404105945
97 923.2502851683242 52.0 157.2883719900088 207 209.28837199000876 14111.134839597464 0.0 14059.134839597462
84 815.0816714397553 52.5 158.05591386342383 209 210.55591386342383 14223.062629159625 0.0 14170.562629159625
64 563.120023957196 54.0 162.40456229832537 215 216.40456229832537 14508.659114878568 0.0 14454.659114878568
53 459.9374583307196 54.5 160.6825195975308 217 215.1825195975308 14615.21401986674 0.0 14560.71401986674
42 379.24066109843045 55.0 162.31314478961252 219 217.31314478961252 14698.84069860847 0.3192334867846398 14643.521465121685
86 825.9433107589996 53.0 159.50459185298465 211 212.50459185298467 14257.236584536586 0.4146689288664902 14203.82191560772
78 735.6550080380747 53.5 160.58978050242482 213 214.0897805024248 14351.609588894176 0.12745593400234156 14297.982132960173
71 662.6478798322362 54.5 162.93878931680518 217 217.43878931680518 14472.247497489361 0.0 14417.747497489361
73 678.456855186667 54.5 161.63518767571534 217 216.13518767571534 14463.468488329425 0.0 14408.968488329425
45 405.76018703112493 56.0 168.23628204497416 223 224.23628204497413 14746.906662409154 0.4316648954846869 14690.47499751367
102 989.2429230208896 53.5 158.34332490771783 213 211.84332490771789 14169.97041761231 0.17286417706918655 14116.29755343524
104 1000.7763512499491 53.5 157.2186813712632 213 210.71868137126322 14161.03060173091 0.0 14107.53060173091
52 455.7007845231655 56.0 170.352871754637 223 226.35287175463696 14718.848109482075 0.0 14662.848109482075
87 839.0702962493485 55.0 162.15982079538014 219 217.15982079538009 14363.377997662421 0.0 14308.377997662421
82 769.5415715142809 55.5 166.0094422141411 221 221.5094422141411 14443.768566580682 0.0 14388.26856658068
14 119.53132518001533 60.5 176.50853166142937 241 237.00853166142934 15106.744175246693 0.48212531807160985 15045.762049928622
72 670.8582851334007 56.5 170.32898306201062 225 226.82898306201065 14567.01777200632 0.2867170279696438 14510.23105497835
76 719.9072845153989 56.5 175.22980809701502 225 231.72980809701502 14524.817899615924 0.354193082364759 14467.96370653356
93 884.6075301962791 56.0 165.41821880235312 223 221.41821880235312 14369.328959768694 0.0 14313.328959768694
50 427.3965943707816 58.0 172.5668993683089 231 230.5668993683089 14827.984678104736 0.36426793249813727 14769.620410172238
40 366.0059726796737 58.5 176.13271764993306 233 234.63271764993306 14890.816262353372 0.4566848474848939 14831.859577505886
91 865.9089558349491 56.5 163.58824549428212 225 220.08824549428212 14397.916032605854 0.2880929773554044 14341.127939628499
68 632.6773801290748 58.0 175.33835805791992 231 233.3383580579199 14638.872124612626 0.3579448959029605 14580.514179716723
90 858.0367699438544 57.0 164.2868370760759 227 221.28683707607587 14414.92495190079 0.0 14357.92495190079
100 943.0274155704651 58.5 177.54675679063433 233 236.04675679063436 14355.991696272384 0.0 14297.491696272384
65 574.9405176268593 61.5 185.39481826862666 245 246.89481826862664 14738.290979833931 0.37210157312665615 14676.418878260805
81 764.5838672290805 61.0 182.57316031268223 243 243.5731603126822 14550.208598350107 0.2962882846687762 14488.912310065438
92 877.9983434762285 63.0 189.02583965037618 251 252.02583965037616 14450.319944081315 0.09311193145629204 14387.22683214986
