# Cpu scheduler: srtf
# Quantum: None
pid arrival_time cpu_bursts_time io_bursts_time nbursts bursts_time tat ready_wait_time io_wait_time
2 18.3871367591855 40.0 18.57444346542853 2 58.57444346542853 170.74893584567107 107.758534874832 22.990400970839076
5 27.873988256439286 60.0 36.06587133319493 3 96.06587133319493 328.76208434841726 164.34276052534403 104.41932382307323
7 35.934210580322365 60.0 34.36723224426657 3 94.36723224426657 354.44036234784477 176.60604242943631 117.83431991840845
4 25.255672779137335 100.0 58.01047941435938 5 158.0104794143594 567.3670727402092 200.12486106242994 267.2422116777792
0 10.636072604856565 140.0 86.8269863394067 7 226.8269863394067 796.6115301403811 221.0756255658882 435.53590457449286
6 27.99094208584905 35.5 103.88731117777333 71 139.3873111777733 8449.212175937328 0.6795826245501146 8413.032593312779
10 108.232640726659 40.0 117.14032382643373 80 157.1403238264337 10774.870198302917 0.4647640231721937 10734.405434279744
16 163.39049679758145 40.5 117.91450076453776 81 158.41450076453776 11196.855975340512 0.0 11156.355975340512
8 48.54431442387026 44.0 133.2892176897589 88 177.2892176897589 11514.982460265453 0.40148354803250186 11470.580976717421
3 18.620741409726172 49.0 145.44989805387198 98 194.44989805387198 11949.41238579253 0.0 11900.41238579253
18 166.18777878602918 43.5 130.85931680363947 87 174.35931680363944 12074.673353303275 0.03709726553807968 12031.136256037737
21 173.2209222666825 43.5 128.9157502392285 87 172.4157502392285 12083.485330085949 0.1792796129967087 12039.806050472953
26 208.89086936633933 43.5 126.96133095548237 87 170.46133095548237 12185.027214280248 0.0 12141.527214280248
90 1060.2998194589322 39.0 118.92268009331946 78 157.92268009331946 11434.826880908917 0.0 11395.826880908917
46 418.08842962596924 42.5 124.8416935528872 85 167.3416935528872 12147.978143875474 0.0 12105.478143875474
37 265.0372624694779 44.0 133.4961179941227 88 177.4961179941227 12471.33070887118 0.2676568539964137 12427.063052017185
45 415.7209273754731 43.5 128.79280971147531 87 172.2928097114753 12415.743498832453 0.30197876945823054 12371.941520062994
44 411.15692903163983 44.0 124.86119825469537 88 168.86119825469535 12540.87408360661 0.0 12496.87408360661
76 896.023987118289 42.0 124.49636409210187 84 166.49636409210183 12196.093249900347 0.0 12154.093249900347
95 1199.88557575889 41.0 123.31080330354597 82 164.31080330354595 11964.48732639412 0.0 11923.48732639412
60 547.303423721046 44.0 134.66913179899512 88 178.66913179899512 12634.617255004314 0.0 12590.617255004314
99 1318.8731059603508 41.0 121.67242082112969 82 162.6724208211297 11954.46830772391 0.0 11913.46830772391
33 245.37745386914142 46.5 136.35030908845178 93 182.85030908845175 13079.424659428762 0.0 13032.924659428762
97 1250.2092220702934 41.5 121.99979732895444 83 163.49979732895446 12087.745615473992 0.0 12046.245615473992
30 215.4369559179195 47.0 139.84515893485494 94 186.84515893485494 13133.616387160882 1.1180334866935766 13085.49835367419
81 959.5335982476633 43.0 126.67002855132984 86 169.67002855132984 12473.589682062708 0.3772491682977943 12430.21243289441
1 10.636072604856565 56.5 166.89690159658272 113 223.39690159658272 13436.717318038804 0.3848334654638279 13379.83248457334
12 122.69639285843365 49.0 147.2366049675961 98 196.23660496759607 13390.24756635049 0.0 13341.24756635049
38 281.62078336738716 47.5 135.88758432277166 95 183.38758432277166 13370.475767028942 0.45872893312417773 13322.517038095817
25 205.09299899780478 48.5 148.6727891770785 97 197.1727891770785 13463.053019707062 0.0 13414.553019707062
75 881.6089364615314 44.5 135.02513505831675 89 179.52513505831675 12809.004478346063 0.0 12764.504478346062
40 352.521992618126 47.5 136.3857637791632 95 183.88576377916317 13387.828251008094 0.0 13340.328251008094
83 992.0452670183076 44.5 133.58169535806783 89 178.08169535806783 12809.167954671002 0.4191049822380819 12764.248849688764
34 254.0938808360915 48.5 146.55652742267694 97 195.05652742267694 13556.802852868335 0.4058249873123714 13507.897027881023
36 262.98380776595945 48.5 147.83537028127944 97 196.33537028127944 13572.420359004258 0.0 13523.920359004258
24 200.7491141266801 50.0 147.65986184164908 100 197.6598618416491 13781.090657741719 0.23458136668648422 13730.856076375032
27 211.49732990096587 50.0 145.64893190944562 100 195.64893190944562 13790.090211379502 0.0 13740.0902113795
14 142.68434791802858 51.0 152.7929252589029 102 203.7929252589029 13860.068739259974 0.4573235024499809 13808.611415757525
72 814.1834276907293 46.5 137.91580499514973 93 184.41580499514973 13231.840404188235 0.0 13185.340404188233
17 164.613014967058 51.0 149.14973363313504 102 200.14973363313504 13922.988177048293 0.0 13871.988177048293
84 1003.8502906410228 46.0 133.50105004239862 92 179.50105004239862 13118.187037941454 0.4159516617287409 13071.771086279725
41 362.67201376707715 49.5 146.49425299990347 99 195.9942529999035 13803.792376645824 0.16098117059544848 13754.131395475228
68 707.0129067585631 48.0 144.76313528573255 96 192.76313528573257 13543.465008631116 0.11080146565632276 13495.35420716546
32 232.91866807038832 51.0 151.49858446717124 102 202.4985844671712 14054.402129526297 0.0 14003.402129526297
43 393.3832529721258 50.0 150.18583726499378 100 200.18583726499378 13914.52161326141 0.0 13864.52161326141
29 215.06316091566822 51.5 158.752334999157 103 210.25233499915703 14094.703532530633 0.4000668258230746 14042.80346570481
35 260.69315633236 51.0 151.3245051167377 102 202.3245051167377 14071.036314921961 0.6131005528490618 14019.423214369112
47 427.2957210347443 50.5 150.68687815509077 101 201.18687815509074 13978.295074156153 0.0 13927.795074156154
9 100.49015390637081 54.0 166.2142959730241 108 220.2142959730241 14312.909573139219 0.4912021502384505 14258.41837098898
15 149.6452783566322 53.0 157.21287410838607 106 210.21287410838607 14286.398131403883 0.27351328888335047 14233.124618115
66 696.353099179968 49.5 143.201224847989 99 192.701224847989 13798.794120609233 0.2206902545462981 13749.073430354685
49 435.59208814125816 51.0 150.96267511078761 102 201.9626751107876 14073.703409528038 0.6417945853909259 14022.061614942646
55 495.9018119448751 51.0 151.89774593418966 102 202.89774593418963 14080.50697149934 0.18890388663930935 14029.318067612701
13 132.13770467409554 54.5 160.69947089691996 109 215.19947089692002 14464.696941510165 0.0 14410.196941510167
71 805.5456937468856 50.0 148.94454869452917 100 198.9445486945292 13852.209979671436 0.17404269194707922 13802.035936979488
86 1019.4295735662794 49.0 147.6023139846748 98 196.60231398467482 13640.177431153217 0.3727671989573764 13590.80466395426
62 611.5650194081057 51.0 149.1658007804862 102 200.16580078048617 14064.310252783574 0.0 14013.310252783574
82 976.4810331215655 49.5 144.13950076404612 99 193.63950076404615 13742.128579626686 0.0 13692.628579626686
42 392.46483565618183 52.5 154.4428559335863 105 206.9428559335863 14333.821504377498 0.0 14281.321504377496
54 488.5812005052981 52.0 155.66122606964612 104 207.66122606964615 14243.942772125776 0.0 14191.942772125776
56 501.6676371953196 52.0 156.29366762391257 104 208.29366762391254 14235.22007392789 0.0 14183.22007392789
67 704.5768725118689 51.0 150.04611970109684 102 201.04611970109687 14039.492620184114 0.0 13988.492620184114
78 909.4173451013544 50.5 152.73260595964993 101 203.2326059596499 13899.413055079584 0.0 13848.913055079584
94 1177.4867211861283 49.5 148.63193546903358 99 198.13193546903352 13645.063118349786 0.0 13595.563118349788
69 721.3743502911148 51.5 154.75356285017662 103 206.25356285017662 14103.144871480143 0.0 14051.644871480143
52 451.97175664343536 53.0 156.9758796948464 106 209.9758796948464 14384.072342863788 0.2964260470561726 14330.775916816732
104 1360.8335098796483 49.0 143.1862498670023 98 192.18624986700235 13494.52516767122 0.0 13445.52516767122
39 312.2638742398431 54.0 163.81246182041443 108 217.81246182041446 14554.750276554214 0.04384434553696792 14500.706432208675
57 516.6444376834029 53.0 159.6755538364436 106 212.67555383644364 14361.767697619383 0.0 14308.767697619382
31 226.15016998102882 55.0 164.18662940198305 110 219.18662940198305 14660.624667607006 0.11714728302115418 14605.507520323985
23 198.33261303249188 55.5 161.21693080346668 111 216.7169308034667 14694.745807623836 0.29474978223925064 14638.951057841596
70 743.7110930517323 52.0 149.4997280532927 104 201.49972805329276 14167.033564680973 0.20134865232409993 14114.832216028648
58 530.6613546277333 53.5 158.41266974438972 107 211.9126697443897 14412.275674254553 0.0 14358.775674254553
51 451.7681826904915 54.0 163.58718614594088 108 217.58718614594088 14494.374386799082 0.017540410029596387 14440.356846389051
28 214.4632277414913 56.0 171.19131715163996 112 227.19131715164002 14756.800085348488 0.0 14700.800085348488
65 685.280419006084 53.0 155.30385762545646 106 208.30385762545643 14287.122206718645 0.0 14234.122206718645
53 453.61065387756196 54.5 164.99677413857026 109 219.4967741385703 14541.70147104621 0.489124422190514 14486.71234662402
79 911.4552956205587 52.5 161.65050720050198 105 214.15050720050198 14111.201770610152 0.0 14058.701770610152
22 189.78624990064367 57.0 168.89787923013682 114 225.89787923013682 14839.725038650078 0.4975357273968939 14782.227502922682
74 836.4233484274719 53.0 156.3679931282479 106 209.3679931282479 14198.050062769229 0.0 14145.050062769229
100 1332.002496267557 51.0 150.53877689584914 102 201.53877689584914 13705.990662273998 0.43067559090945906 13654.559986683087
61 559.4937757088209 54.5 158.73772143996598 109 213.23772143996598 14493.834745959773 0.0 14439.334745959773
11 115.95030846496657 58.5 170.47831331637963 117 228.97831331637957 14940.494514953649 1.1929922920909775 14880.801522661557
93 1100.7517173676483 52.0 155.69895493405105 104 207.69895493405105 13956.806443057618 0.2561497676358613 13904.550293289982
20 170.65934375737385 58.0 169.29229936389558 116 227.2922993638956 14917.672966760518 0.2466279184854443 14859.426338842033
96 1228.1515165537417 52.0 148.9646879402095 104 200.9646879402095 13861.845808700522 0.0 13809.845808700524
48 435.4927202623723 56.0 164.23156223948823 112 220.23156223948826 14662.369707971351 0.19661861430080307 14606.173089357051
80 925.7349846348189 53.5 159.3400736079108 107 212.84007360791082 14176.840782559764 0.21417005917078313 14123.126612500593
89 1056.0855664167796 53.0 157.78183655324685 106 210.78183655324682 14049.747714429202 0.0 13996.7477144292
19 170.4059716758593 58.5 172.98174882053127 117 231.48174882053127 14947.108749860217 0.6248129335230317 14887.983936926694
63 625.0330808863821 55.5 166.61336236292175 111 222.11336236292175 14506.306920690924 0.15963334733203283 14450.647287343592
50 437.5842538058586 57.0 167.01924937911198 114 224.019249379112 14712.035852945937 0.0 14655.035852945937
92 1069.8136712477478 54.0 160.09430475010876 108 214.0943047501088 14087.28148470081 0.32857913946941153 14032.95290556134
103 1349.135964418675 53.0 148.4635507699807 106 201.46355076998069 13811.943213433467 0.0 13758.943213433467
59 539.4041760337137 57.5 173.1695788662887 115 230.6695788662887 14655.166045617538 0.8374909753425754 14596.828554642196
88 1039.8813887271353 55.5 166.49996529552232 111 221.9999652955223 14165.80419633753 0.0 14110.30419633753
73 829.3543098499982 56.5 164.49979270252345 113 220.99979270252345 14377.415231375971 0.34759128720588706 14320.567640088764
102 1347.849789143005 54.5 162.7335362218997 109 217.23353622189967 13863.504195433306 0.0 13809.004195433306
91 1069.6422503872172 56.5 171.94072085671183 113 228.44072085671183 14161.644704319191 0.0 14105.144704319193
87 1019.7631736379533 57.0 173.96438814099977 114 230.9643881409998 14219.680200911685 0.5391671272834628 14162.141033784403
85 1010.2872955841077 58.5 176.41641108789844 117 234.91641108789844 14249.051440947382 0.0 14190.551440947382
64 660.4952140818181 61.5 189.47612043154913 123 250.97612043154913 14615.099428715315 0.19675777536156147 14553.402670939955
98 1251.9235922345965 59.5 175.44782261449745 119 234.94782261449748 14029.346040990815 0.0 13969.846040990813
101 1337.1303030884374 59.5 176.68771766913696 119 236.18771766913693 13947.018270642035 0.48200072460099364 13887.036269917433
77 904.0158149253068 62.0 184.6727635074105 124 246.67276350741048 14383.572943758309 0.0 14321.572943758309
