# Cpu scheduler: srtf
# Quantum: None
pid arrival_time cpu_bursts_time io_bursts_time nbursts bursts_time tat ready_wait_time io_wait_time
6 53.47419727666837 40.0 19.980333570039033 3 59.980333570039036 206.07455142186924 132.42746614492245 33.6470852769468
0 30.04874869853762 100.0 70.34281004535015 9 170.34281004535018 524.7032707701866 177.30519095077736 247.39807981940916
2 39.05269292972133 100.0 65.93093649039317 9 165.93093649039315 566.4788035019608 184.91253587695115 281.5662676250097
4 47.62338175454708 100.0 45.95401016302782 9 145.95401016302782 584.9081146771351 198.75378728077828 286.15432739635685
8 59.364880651577806 140.0 82.53074848743125 13 222.53074848743125 893.5263007769338 224.10373581174937 529.4225649651844
1 30.04874869853762 47.5 140.93169084431116 189 188.43169084431113 11340.549830126474 0.8916467253728797 11292.158183401103
5 52.62353538358129 45.0 130.42943702948102 179 175.42943702948105 11909.890650274558 0.4609501068772772 11864.42970016768
14 160.6850490468078 42.5 122.98447621731155 169 165.48447621731154 11915.573270230147 0.17185837101698098 11872.90141185913
87 843.7956593217956 38.5 116.08573800391943 153 154.58573800391946 11378.626738638744 0.0 11340.126738638744
3 39.972035246105214 49.0 142.583296409853 195 191.583296409853 12390.905558534998 0.4367336507332311 12341.468824884263
9 73.07555144767124 46.0 135.82446543454722 183 181.82446543454716 12502.950623138557 0.08680468467719038 12456.86381845388
45 463.3491537697005 41.5 124.7771861241049 165 166.2771861241049 12121.361763261615 0.16513533872171138 12079.696627922895
16 170.2399512341721 44.5 127.53563180725124 177 172.03563180725124 12509.5025852935 0.091619959743241 12464.910965333756
49 503.35908472193915 43.5 132.38961031518107 173 175.88961031518107 12677.11396419129 0.461838545178864 12633.152125646111
50 518.934582247805 43.5 130.01509056831657 173 173.51509056831657 12667.894334503419 0.0 12624.394334503419
15 166.2503914668466 47.0 140.32815363614597 187 187.328153636146 13177.994931966296 0.0 13130.994931966296
78 753.9987344883205 43.0 127.68712915120275 171 170.68712915120278 12618.73493851485 0.0 12575.734938514852
90 868.0304639417668 43.0 125.5192168950184 171 168.51921689501842 12631.856997358978 0.11438003250384554 12588.742617326474
26 231.29903019537772 47.0 141.4368236541948 187 188.4368236541948 13346.083993944058 0.800212896427638 13298.28378104763
21 193.25922518667565 47.5 139.85945059290648 189 187.3594505929065 13416.960433057997 0.3630764553378185 13369.097356602659
89 867.41929876322 43.5 127.76505904570037 173 171.26505904570035 12764.465862787507 0.22554521105064396 12720.740317576458
32 289.0886052104572 47.0 141.4515677082746 187 188.45156770827464 13426.759429780584 0.0 13379.759429780584
22 207.53941667337236 48.0 141.0021416364811 191 189.00214163648107 13552.93793124567 0.0 13504.93793124567
34 307.9112111346712 47.0 136.05705670302072 187 183.05705670302072 13456.192225148916 0.0 13409.192225148916
47 492.8575093432935 46.0 132.43680521091898 183 178.43680521091892 13322.380112707682 0.0 13276.380112707682
59 611.2160728150786 45.5 137.2068570020348 181 182.70685700203484 13213.03248905616 0.0 13167.53248905616
33 292.1657230711432 47.5 144.7666270408748 189 192.26662704087482 13568.848745078189 0.0 13521.348745078189
28 241.20965658253036 48.0 140.19706718952597 191 188.19706718952594 13626.953847637633 0.10397096907371406 13578.849876668559
41 436.7699775460739 46.5 136.98838325695556 185 183.48838325695556 13435.49843533791 0.0 13388.99843533791
62 655.3282274113265 45.5 139.24347013968654 181 184.7434701396865 13218.62181700928 0.0 13173.12181700928
10 75.30416454657345 51.0 151.23286099794475 203 202.23286099794473 13846.797287435198 0.185874121808979 13795.611413313389
73 720.7103891021756 45.5 132.84670119520925 181 178.34670119520928 13246.419446004611 0.0 13200.919446004611
36 365.1262377791092 47.5 142.6422589099076 189 190.14225890990758 13634.919123497404 0.0 13587.419123497404
37 394.39954675611745 47.5 141.2905799984845 189 188.79057999848447 13645.271201711736 0.29923438057079466 13597.471967331165
18 178.17884365307532 50.0 150.17343807528837 199 200.1734380752884 13964.133972454545 0.0 13914.133972454545
82 804.8986626735302 46.0 138.8428350631657 183 184.8428350631657 13342.125572636074 0.0 13296.125572636074
24 222.39299403085366 49.5 144.41163024693483 197 193.9116302469348 13926.17155376681 0.0 13876.67155376681
83 816.7458261651972 46.0 133.95339737077913 183 179.95339737077916 13345.154681617925 0.13285527298683064 13299.021826344939
19 186.00190227040474 50.0 148.156882780349 199 198.156882780349 14000.892892700253 0.37079005747744986 13950.522102642775
29 264.89882375978226 49.5 151.45126510542994 197 200.95126510542994 13959.061157157212 0.21033332823208184 13909.35082382898
57 569.4749850543402 47.5 141.8887402356042 189 189.38874023560413 13668.527768760692 0.0 13621.02776876069
17 173.53298432536263 51.0 147.7294396368062 203 198.7294396368062 14141.570812857462 0.0 14090.570812857462
100 1032.2228934533869 46.0 139.37163829036547 183 185.37163829036547 13288.459345566862 0.0 13242.459345566862
42 447.0734546993047 49.0 146.73801432561763 195 195.73801432561763 13960.112974323118 0.2754252881937873 13910.837549034923
99 1030.9058554242529 46.5 136.718628624004 185 183.218628624004 13382.181444382346 0.0 13335.681444382346
13 160.35690741782477 52.0 155.98167647630677 207 207.9816764763068 14318.617950517963 0.0 14266.617950517963
74 733.7003667616527 48.0 143.19905289250696 191 191.19905289250693 13746.746649571669 0.0 13698.746649571669
67 676.096709128041 48.5 142.11219980389802 193 190.61219980389802 13832.189330067846 0.0 13783.689330067846
102 1043.6213530741065 47.0 138.972734275542 187 185.972734275542 13472.536741640017 0.0 13425.536741640015
95 956.6027889383903 47.5 142.98539461607055 189 190.48539461607055 13590.943079578346 0.0 13543.443079578345
51 524.2626731747437 49.5 149.30912617584718 197 198.80912617584718 14032.57007168823 0.0 13983.07007168823
75 745.5914140920798 48.5 144.0176094126899 193 192.51760941268986 13828.315035088279 0.0 13779.815035088279
25 228.68014756532503 52.0 151.22505302707947 207 203.22505302707944 14388.797235321044 0.0 14336.797235321044
97 972.0721919306349 48.0 142.69031949207402 191 190.69031949207402 13669.238602090836 0.0 13621.238602090834
20 186.04168179572758 52.5 153.31292699533083 209 205.81292699533083 14460.01187530326 0.46022047467715765 14407.051654828583
12 110.11395914101182 54.0 162.07504604002278 215 216.07504604002278 14541.304110146944 0.608839755212415 14486.695270391732
65 668.4642663382243 49.5 143.65139670422653 197 193.1513967042265 13997.849261663145 0.264199066281094 13948.085062596863
53 541.0511466245916 50.5 154.6618332106581 201 205.1618332106581 14188.96159162431 0.0 14138.46159162431
79 755.9489088339244 49.5 146.73349017260978 197 196.23349017260975 13985.05479715312 0.0 13935.55479715312
39 418.1971079785737 51.5 150.03599938645942 205 201.53599938645937 14371.10552732398 0.3742812287838433 14319.231246095196
77 750.7547516381003 50.0 153.14927398031875 199 203.14927398031875 14055.998444117988 0.0 14005.998444117986
30 271.506203039122 53.0 162.48164821147037 211 215.48164821147037 14564.64803843791 0.2674844409148136 14511.380553996994
96 962.9000082940964 49.5 147.18614760525747 197 196.68614760525747 13895.518241794514 0.10257523004463565 13845.91566656447
64 661.7122129168371 51.0 147.97285219464973 203 198.97285219464973 14214.290512093197 0.3334087238857819 14162.95710336931
56 560.2550465149026 51.5 154.84511000409174 205 206.34511000409174 14328.59103148234 0.38407208542730586 14276.706959396912
48 493.9137008328698 52.0 152.44184770481502 207 204.44184770481496 14410.3551025919 0.0 14358.355102591899
66 669.5120196844534 51.5 152.7382742922456 205 204.2382742922456 14269.101629614235 0.0 14217.601629614235
38 410.76844586079966 53.0 157.73309897997387 211 210.73309897997387 14566.180206772733 0.0 14513.180206772733
98 973.800092322076 50.5 147.96038392870673 201 198.46038392870676 14009.739015316458 0.0 13959.239015316456
92 926.5143462614484 51.0 148.88253120738767 203 199.88253120738767 14089.2670819562 0.0 14038.267081956203
69 703.8771281086334 52.0 152.60204589316666 207 204.6020458931667 14319.819694675361 0.0 14267.819694675361
40 423.16241701476696 53.5 158.69539102521523 213 212.19539102521526 14619.168281148775 0.20050529288994312 14565.467775855885
55 558.3265783796783 53.0 158.29866179119122 211 211.2986617911912 14501.431287472764 0.07287986961330262 14448.358407603151
68 677.5394845009077 52.5 150.8043645287729 209 203.3043645287729 14383.851748872297 0.0 14331.351748872296
44 455.46525632206163 53.5 156.89134527348838 213 210.39134527348835 14610.340165829295 0.4009020176677609 14556.439263811628
93 938.6391167251086 51.5 150.2049701136592 205 201.70497011365921 14137.269829299581 0.0 14085.769829299581
35 322.4846022728057 54.5 168.52742893612853 217 223.0274289361285 14754.814945384243 0.0 14700.314945384242
84 823.1529896464567 52.0 148.90643794710783 207 200.90643794710786 14264.276322570584 0.4156100355464787 14211.860712535037
11 84.00154765945935 58.0 172.8857242104453 231 230.8857242104453 15015.404563151904 0.04720103907827422 14957.357362112827
80 780.0048426890244 52.5 154.88207828113684 209 207.3820782811368 14327.907748837986 0.0 14275.407748837986
7 55.09548121194118 59.5 180.92028125570735 237 240.42028125570732 15082.888526272325 0.04036279859002434 15023.348163473735
23 213.89184845232438 56.5 160.2003731610136 225 216.70037316101357 14936.958701892754 0.41496765835131555 14880.043734234403
72 713.65178350029 53.5 163.63289990751232 213 217.13289990751232 14452.204652465456 0.0 14398.704652465456
94 945.6068799999606 53.0 160.20778620585602 211 213.207786205856 14248.234139503038 0.0 14195.234139503038
85 836.2826775006496 53.5 163.1886585253708 213 216.68865852537084 14367.976300635422 0.0 14314.47630063542
52 538.297234485818 55.0 163.44066509151648 219 218.4406650915165 14670.27214061069 0.0 14615.272140610688
76 748.8279245325427 54.0 163.21125277436334 215 217.2112527743634 14462.232907484842 0.3755532254750733 14407.857354259368
60 613.530586993603 55.0 162.0081300126223 219 217.0081300126223 14615.725918189752 0.42758410000317326 14560.298334089748
91 888.4462911871439 54.0 159.36753154341287 215 213.3675315434129 14354.273512938651 0.4915497316079609 14299.781963207042
58 581.2534571786778 56.0 169.82737438150014 223 225.82737438150014 14689.242045501798 0.0 14633.242045501798
88 844.2091409840806 55.5 170.0515463108932 221 225.5515463108932 14467.209405398096 0.586518337715006 14411.122887060383
101 1033.1877658525343 55.0 164.47076997693472 219 219.47076997693472 14283.147391279987 0.0351276008525474 14228.112263679133
46 472.5020656827275 57.5 174.13122246336826 229 231.63122246336826 14849.301898719266 0.0 14791.801898719266
71 705.7501788171692 56.5 168.05220336352932 225 224.55220336352932 14621.014478563933 0.4912306030877289 14564.023247960844
31 279.0657865785042 59.0 177.18524835896966 235 236.18524835896966 15048.709149636954 0.3976038590267308 14989.311545777926
27 233.76919596282113 59.5 175.32766504613951 237 234.82766504613951 15095.486765412243 0.0 15035.986765412243
103 1050.4847911824083 55.5 167.10755107686546 221 222.6075510768655 14286.917050971235 0.0 14231.417050971235
81 800.9311287596684 56.5 165.69044216617587 225 222.1904421661759 14539.865953831353 0.4655389880747407 14482.900414843278
54 555.3567918291906 58.0 173.3590782126864 231 231.3590782126864 14792.059123992116 0.0 14734.059123992116
104 1054.3306484772188 56.0 166.89904478535337 223 222.8990447853534 14295.776036334159 0.0 14239.776036334159
70 705.7414094202569 57.5 172.22919747700226 229 229.72919747700226 14645.955750934037 0.25222264828710195 14588.20352828575
43 451.8407223065261 59.0 172.29174824336204 235 231.29174824336206 14906.036476417692 0.4832950528997344 14846.553181364792
86 841.7398894489054 57.5 173.72512975082924 229 231.22512975082924 14518.535441958988 0.055068215773644624 14460.980373743214
63 659.2282748653712 59.5 182.5624989639741 237 242.0624989639741 14708.45687376231 0.0 14648.95687376231
61 621.8500576030789 62.0 186.83598901937745 247 248.83598901937748 14755.866035189661 0.0 14693.866035189661
