# Cpu scheduler: srtf
# Quantum: None
pid arrival_time cpu_bursts_time io_bursts_time nbursts bursts_time tat ready_wait_time io_wait_time
8 26.05792562140862 20.0 0.0 1 20.0 104.9132377618345 84.9132377618345 0
2 7.197014623203296 60.0 32.86135534406024 5 92.86135534406024 285.27414876003985 163.95686395113233 61.31728480890754
4 9.58672920613046 80.0 42.739590190235994 7 122.739590190236 401.38443417711267 184.89550849574863 136.4889256813641
0 2.971163383243125 120.0 71.796065011221 11 191.796065011221 634.3234087703455 207.9905018481125 306.332906922233
7 21.98035968708343 180.0 128.24360548417442 17 308.24360548417445 1258.542817086046 237.29404830342153 841.2487687826243
10 59.371418196872696 36.5 107.9017489040008 145 144.4017489040008 9547.361150128085 0.0 9510.861150128085
14 131.88341052961928 43.0 125.06701332645285 171 168.06701332645287 11796.629719844765 0.40292149301694735 11753.226798351747
5 14.800841222485413 49.0 144.6698594070549 195 193.66985940705493 12407.583633615603 0.0 12358.583633615604
37 328.9838830536967 42.0 126.97013169528111 167 168.9701316952811 12128.36676144648 0.04186201275319945 12086.324899433726
40 342.30558997653407 42.0 120.02759430812445 167 162.02759430812443 12161.112575569889 0.5356414672340293 12118.576934102653
6 20.968669508960588 49.0 146.4609406291024 195 195.46094062910242 12614.767374121806 0.0 12565.767374121806
3 8.12710511507203 51.5 150.63604734150897 205 202.13604734150897 12808.542038650608 0.5701094075539501 12756.471929243056
1 2.971163383243125 53.0 159.35019630179602 211 212.35019630179602 12905.135865721288 0.3983597233934937 12851.737505997893
12 74.27863071494828 47.5 139.90563863327205 189 187.40563863327202 12863.71117378734 0.0 12816.21117378734
93 831.8930542860578 41.0 119.83706608168173 163 160.83706608168174 12113.822647574661 0.0 12072.822647574661
68 635.3054986838878 42.0 123.10538400067742 167 165.10538400067745 12346.611554486584 0.0 12304.611554486582
9 43.86243637278144 48.5 145.03590598740067 193 193.53590598740067 12949.605892467682 0.48527732817194646 12900.62061513951
47 376.80273526077207 44.0 131.33669126189898 175 175.33669126189898 12757.833064059207 0.1719851953895386 12713.661078863815
78 718.5797508345622 43.0 128.03345959436112 171 171.0334595943611 12612.388215537905 0.0 12569.388215537905
48 389.5358453392766 45.0 134.33068509930655 179 179.33068509930655 13026.867778474527 0.2517229658280371 12981.616055508699
50 399.80268223943034 45.0 132.88932922117442 179 177.8893292211744 13042.800520224071 0.0 12997.800520224071
58 514.2567221248069 44.5 131.55549404159945 177 176.05549404159945 12958.553622430583 0.07533025020563855 12913.978292180376
45 368.9549688709898 46.0 136.061503002128 183 182.06150300212803 13264.295291693204 0.30628373114120677 13217.989007962064
90 822.0489503787625 44.0 134.38978491727295 175 178.38978491727292 12876.711851859287 0.0 12832.711851859287
24 231.66520340748076 47.5 135.41532669260505 189 182.9153266926051 13472.345290055557 0.21436579633746078 13424.63092425922
32 305.6829909034593 47.0 137.68129920490313 187 184.68129920490315 13439.408505947022 0.0 13392.408505947022
61 552.7432436702996 45.5 135.957177812372 181 181.45717781237204 13208.90115261897 0.0 13163.401152618972
51 419.7381731022122 46.5 136.58692574420797 185 183.08692574420797 13412.82767646711 0.0 13366.32767646711
33 307.3958990615982 47.5 136.5621179869227 189 184.0621179869227 13562.107993128766 0.0 13514.607993128766
72 653.7424041739478 45.5 136.33715113373097 181 181.83715113373097 13228.523741397905 0.0 13183.023741397907
26 279.2869282777343 48.0 141.1026535279922 191 189.10265352799217 13653.039726767029 0.14971513433761174 13604.89001163269
18 212.15700362243018 49.0 148.90546417183248 195 197.90546417183248 13796.18069967074 0.5176383549662376 13746.663061315774
29 291.4198564314174 48.5 148.60566052823245 193 197.10566052823242 13787.417248859603 0.0 13738.917248859603
11 59.92821468386856 52.5 158.17830731659427 209 210.67830731659427 14035.26722867741 0.4457971507483691 13982.321431526661
66 611.4741190215125 47.0 139.8872166745493 187 186.88721667454928 13547.32202387302 0.23151909547777905 13500.09050477754
39 334.76222310826444 49.0 149.15461955484008 195 198.1546195548401 13905.984729111606 0.0 13856.984729111606
75 688.2599645845986 47.0 140.6827328213884 187 187.68273282138844 13564.821302768356 0.0 13517.821302768356
23 228.76995912329303 50.0 146.25365155907969 199 196.2536515590797 14025.596673675205 0.0 13975.596673675205
13 124.44762871673352 52.0 149.04155589164026 207 201.04155589164031 14140.681139778011 0.4696113946686751 14088.211528383341
95 837.3728942887913 46.5 133.0021191907431 185 179.50211919074314 13438.125500046113 0.0 13391.625500046115
70 649.1088040370734 47.5 140.811547757855 189 188.311547757855 13660.318498894087 0.41584524951997537 13612.402653644567
83 769.5914748330827 47.0 141.76553335849812 187 188.7655333584981 13553.32561564849 0.2640784971863468 13506.061537151303
20 214.3191546012036 51.0 148.4398288080282 203 199.4398288080282 14209.916813852573 0.0 14158.916813852573
38 330.9350907983118 50.0 143.73670226218178 199 193.73670226218178 14094.99128184711 0.0 14044.99128184711
63 578.2084998825757 48.5 136.94381406217389 193 185.44381406217389 13855.689635737432 0.0 13807.189635737432
86 798.7119172434838 47.5 137.92968351624415 189 185.42968351624415 13642.112840536725 0.19193501749714414 13594.420905519228
31 298.0216613655636 50.5 146.86204526777527 201 197.36204526777527 14189.929044413975 0.22962697149955602 14139.199417442474
44 355.9659212289991 50.0 150.16260493826186 199 200.16260493826184 14135.570994561574 0.32089735097952143 14085.250097210595
54 467.5001957923367 49.5 146.8646632225234 197 196.3646632225234 14039.668251606761 0.0 13990.16825160676
34 317.73064177924005 50.5 149.98508781711791 201 200.48508781711791 14191.040531771963 0.0 14140.540531771963
56 491.5381320558769 49.5 146.8610827277676 197 196.36108272776758 14043.425023930964 0.0 13993.925023930964
43 351.9771349201491 50.5 151.63069384943543 201 202.13069384943543 14220.599770175126 0.0 14170.099770175126
19 213.33940281714194 52.0 153.91250676752955 207 205.91250676752958 14390.965215960283 0.02666600420263876 14338.938549956081
62 575.593556837756 49.5 148.3310984243665 197 197.83109842436653 14033.309617156092 0.0 13983.809617156092
64 580.191770136646 49.5 149.18436349740352 197 198.68436349740352 14035.680071091345 0.2068433635548672 13985.973227727789
77 704.9603949317894 49.0 140.28185463272595 195 189.28185463272592 13920.643339329024 0.0 13871.643339329024
17 196.86865154782546 52.5 156.60377660407983 209 209.10377660407983 14430.823138748998 0.0 14378.323138748998
49 389.90966802725563 51.0 153.68075620169324 203 204.6807562016933 14296.937345477161 0.3327663968698289 14245.604579080291
87 800.8365492995862 49.0 147.23221269842867 195 196.23221269842867 13892.128042066719 0.0 13843.128042066717
67 627.942178364255 50.5 147.32984043293513 201 197.82984043293516 14167.80139444314 0.31130347501778033 14116.990090968124
100 864.4604602128834 49.5 147.68022801094705 197 197.18022801094705 13933.144423687814 0.0 13883.644423687814
82 758.1264640105393 50.0 148.144510422606 199 198.144510422606 14055.37230943361 0.0 14005.372309433611
74 670.3463408318031 50.5 148.47114915230327 201 198.97114915230327 14158.35821451076 0.0 14107.858214510761
15 145.32874836608698 55.0 162.86791208077648 219 217.86791208077648 14691.118136604975 0.37731986025983133 14635.740816744714
30 292.8100054170761 53.0 158.67077560627231 211 211.6707756062723 14574.126270509934 0.0 14521.126270509934
21 217.2874593846047 54.0 164.10856600007227 215 218.10856600007224 14677.121485282874 0.026683013420267798 14623.094802269454
76 694.7136988617373 51.0 154.2693524695525 203 205.26935246955253 14206.75413672628 0.0 14155.75413672628
89 817.8221532265154 50.5 149.36697855246834 201 199.86697855246834 14085.066528377256 0.0 14034.566528377258
102 871.9569674702003 50.5 147.2859939368611 201 197.78599393686108 14058.313933028552 0.209620466903516 14007.604312561649
16 154.6017253572032 55.5 163.6453737331201 221 219.1453737331201 14780.809676209927 0.0 14725.309676209925
79 719.8671181965623 51.5 153.93168312683474 205 205.43168312683477 14246.88384258661 0.5019878504415374 14194.881854736168
97 852.9181015877649 51.0 151.3187414459144 203 202.31874144591444 14121.714519024723 0.0 14070.714519024725
98 859.6590779362468 51.0 150.67098329548645 203 201.6709832954864 14116.407750307051 0.0 14065.407750307051
104 898.901742896401 51.0 153.9138618751428 203 204.91386187514277 14092.42306815375 0.0 14041.42306815375
73 663.7306865581419 52.0 156.58104874264853 207 208.5810487426486 14335.675488667057 0.0 14283.675488667057
71 650.1361472489534 52.5 154.46516039762437 209 206.96516039762435 14387.004877130144 0.36747207750704547 14334.137405052637
25 266.19617673039244 55.0 163.55830064164354 219 218.55830064164354 14776.147631181328 0.7591295531182709 14720.38850162821
88 802.2566561309916 52.0 155.2567394201896 207 207.25673942018966 14246.663708191114 0.4836990360888649 14194.180009155027
65 584.6205653705897 53.0 161.81499911562082 211 214.81499911562082 14466.178858442308 0.2516162441521601 14412.927242198155
91 823.6973377396694 52.0 153.32933870925885 207 205.32933870925882 14231.479299359722 0.0 14179.479299359722
53 426.0704822198521 54.0 154.97657565129538 215 208.97657565129538 14636.718294320877 0.10457868234777834 14582.61371563853
59 516.2883555301817 53.5 161.82646022424169 213 215.32646022424166 14547.619808530277 0.0 14494.119808530275
81 750.369862818457 52.5 152.87685849282872 209 205.37685849282872 14327.314628636568 0.0 14274.814628636568
69 648.0084638349017 53.0 158.9362182602365 211 211.93621826023653 14430.692098497542 0.0 14377.692098497542
46 373.76472182946037 54.5 162.3024985286516 217 216.80249852865163 14705.977657997226 0.06532702609001717 14651.412330971136
94 832.3158459410926 52.5 156.0225327867929 209 208.5225327867929 14261.872596912395 0.5772083449652428 14208.79538856743
52 422.63222070906465 54.5 162.70353740000795 217 217.20353740000792 14673.06486610213 0.0 14618.56486610213
41 347.00272947360753 56.0 163.40020487310142 223 219.40020487310142 14804.119585561442 0.6976126037752692 14747.421972957669
42 349.69823349107196 56.0 163.34002207122006 223 219.34002207122006 14803.17961894811 0.5799606927375862 14746.599658255373
60 527.0412716473691 55.0 162.60884504759517 219 217.60884504759517 14635.174794888648 0.04408364522601005 14580.130711243422
35 322.8286255698799 56.5 167.97094684978072 225 224.47094684978072 14840.971015896677 0.0 14784.471015896677
92 829.2377756404904 54.0 160.92119285473132 215 214.92119285473132 14346.499243141057 0.4991556389699099 14292.000087502087
28 289.5516529209808 57.0 168.95104287306688 227 225.95104287306688 14891.004160555167 0.49767068981111606 14833.506489865358
55 476.06831783443414 56.0 162.11567728564668 223 218.11567728564668 14712.623169910077 0.0 14656.623169910077
36 325.4807977872019 57.5 171.0562231304221 229 228.5562231304221 14878.974077308123 0.0 14821.474077308125
101 871.1665879371038 55.0 163.53825724527778 219 218.5382572452778 14344.395016118617 0.0 14289.395016118615
85 795.1917812591947 55.5 165.41151559328006 221 220.91151559328006 14425.619230013575 0.0 14370.119230013574
27 280.93512685282286 58.5 173.77031532523623 233 232.2703153252362 14944.297304102338 0.4864767489431756 14885.310827353394
80 742.2578632070679 56.0 168.4003817194086 223 224.40038171940859 14489.538184020017 0.42151755139991565 14433.116666468615
84 772.2661213280256 56.0 167.21189641527778 223 223.2118964152778 14461.319811918323 0.0 14405.319811918325
57 501.45789576290963 57.5 163.32569793219625 229 220.8256979321962 14735.149799182285 0.0 14677.649799182285
22 219.7370243774413 60.0 177.51235124188884 239 237.51235124188884 15022.109963527933 0.11500921264996578 14961.994954315285
96 844.3079306608273 57.0 170.2028818731872 227 227.2028818731872 14403.786112203963 0.0 14346.786112203963
103 875.3847793315438 57.0 171.66835259735785 227 228.6683525973578 14375.874757757027 0.0 14318.874757757027
99 862.0605875604639 58.0 173.47859925017477 231 231.47859925017474 14392.400124523474 0.0 14334.400124523472
