# Cpu scheduler: srtf
# Quantum: None
pid arrival_time cpu_bursts_time io_bursts_time nbursts bursts_time tat ready_wait_time io_wait_time
6 34.80881501704943 20.0 0.0 1 20.0 61.398929560234585 41.398929560234585 0
5 27.53855932957786 60.0 27.61215439432823 5 87.61215439432823 287.66918524770614 140.30339098496768 87.36579426273848
0 12.707744577284032 100.0 52.276754211511516 9 152.2767542115115 476.4731096124227 143.13591460563225 233.33719500679047
8 44.948729326725655 100.0 52.55303065084075 9 152.55303065084075 545.958206040441 148.99565011071456 296.9625559297265
12 68.82149412755719 100.0 62.41507194617472 9 162.4150719461747 597.1314973429357 151.1726169541384 345.9588803887974
19 119.22775215156297 40.5 119.0125908668733 161 159.5125908668733 11162.904323115814 0.09206570477959986 11122.312257411033
26 194.42860733740895 40.0 120.34696568342261 159 160.34696568342258 11293.915891981052 0.08485064105366291 11253.83104134
74 781.9862011521758 38.0 115.98982266042339 151 153.98982266042339 11146.782499784142 0.3164687358404308 11108.466031048301
3 23.8039996860441 47.5 142.6093386583869 189 190.1093386583869 12149.745681081762 0.5026372474901635 12101.74304383427
10 47.200749333784174 45.5 134.81410240220654 181 180.3141024022065 12149.793731565615 0.37868751595034666 12103.915044049663
89 879.34494043257 38.5 111.60673603579916 153 150.10673603579914 11335.735709344548 0.0 11297.235709344546
2 15.45717769134302 50.0 150.7768370047245 199 200.77683700472454 12520.103897398012 0.8764182980513482 12469.227479099962
17 114.19341484609205 45.0 133.77565343071203 179 178.77565343071203 12426.359132380465 0.22255033919547884 12381.136582041268
1 12.707744577284032 52.0 150.65810925376417 207 202.65810925376414 12809.044722810911 0.0 12757.044722810913
41 395.2047533561166 44.5 136.0380399353869 177 180.5380399353869 12765.219873057615 0.6909187143502322 12720.028954343265
34 262.95196487272773 45.5 136.8736868600243 181 182.3736868600243 12931.762671978375 0.3403657230095405 12885.922306255365
72 762.7070307296132 43.0 124.97411366072896 171 167.97411366072896 12530.046039871442 0.0 12487.046039871442
45 416.6948926745491 45.0 133.54005655128032 179 178.54005655128026 12918.673168236806 0.0 12873.673168236806
28 215.86396641016154 47.0 138.13537901711985 187 185.13537901711982 13282.67860987983 0.0 13235.67860987983
29 216.95320068559707 47.0 137.79507659846985 187 184.7950765984698 13291.449985395646 0.2031201262023501 13244.246865269442
18 118.00016005484822 48.5 143.3721518382418 193 191.8721518382418 13400.189342915164 0.7691409819710202 13350.920201933191
13 92.38264110112507 49.5 146.53514428217304 197 196.03514428217306 13476.962461620222 0.0 13427.462461620222
16 112.95305284779697 49.0 151.10961662911143 195 200.10961662911143 13502.825198138316 0.5906596321181041 13453.234538506198
46 416.741134467157 46.5 134.0188876898916 185 180.51888768989164 13312.450516686682 0.45375820739212713 13265.496758479288
25 193.33723240101514 48.5 146.9567902609299 193 195.4567902609299 13631.29610246084 0.0 13582.79610246084
68 690.0894167180534 45.5 134.67476677031468 181 180.17476677031465 13137.747023030282 0.23424704356352777 13092.01277598672
14 103.26993124799823 50.5 150.2117268540258 201 200.7117268540258 13780.61714055854 0.1516796446680928 13729.96546091387
40 373.82354819509777 47.5 140.230156938967 189 187.73015693896696 13523.251528598172 0.0 13475.751528598172
70 698.9942053430586 46.0 136.0432252655386 183 182.0432252655386 13258.845806412612 0.00874000798353336 13212.837066404627
58 570.0983034800502 47.0 132.0439586973685 187 179.0439586973685 13453.326347135528 0.0 13406.326347135528
7 41.11545498995196 53.0 156.83651715609787 211 209.83651715609787 13987.658960564113 0.12092731590780659 13934.538033248204
43 403.1776583804962 48.0 142.57952835570495 191 190.57952835570498 13647.120336984783 0.43338782025875844 13598.686949164525
47 420.4433850195521 48.0 144.94398632620818 191 192.94398632620818 13648.781592708157 0.0 13600.781592708157
35 271.216490215442 49.0 145.39427723172076 195 194.39427723172076 13801.686810986035 0.0 13752.686810986035
49 439.257884795726 48.0 140.90616419275617 191 188.90616419275617 13663.903078026373 0.0 13615.903078026373
30 217.46288697598152 49.5 140.64785191942755 197 190.14785191942752 13888.154779119428 0.9112970417756117 13837.743482077653
23 178.84575226653428 50.0 149.32421865538805 199 199.32421865538808 13935.795388205937 0.6510844200673205 13885.14430378587
11 47.931352875629884 53.0 152.29183696290107 211 205.29183696290107 14098.09767537029 0.4383216867761206 14044.659353683515
88 875.5459396339502 46.0 134.0170421168604 183 180.0170421168604 13278.39561338467 0.0 13232.39561338467
4 26.78747907765601 55.0 161.7467155364206 219 216.7467155364206 14168.27123330671 0.2545092581174231 14113.016724048593
96 977.3024020206685 46.0 138.1556083161724 183 184.15560831617242 13256.313075661987 0.0 13210.313075661987
87 872.2978226274676 46.5 139.957302967901 185 186.45730296790097 13373.574901772154 0.0 13327.074901772154
62 585.9539280288172 48.0 139.4870030008259 191 187.48700300082587 13670.359811108794 0.7601771951028695 13621.599633913693
75 783.3857174845805 47.0 142.8297976942761 187 189.82979769427607 13475.81388431887 0.12304688179972345 13428.69083743707
27 207.80456858033486 50.5 149.8359698404884 201 200.33596984048836 14052.52564055372 0.4407801337486035 14001.584860419973
65 598.9475798509094 48.0 139.06804894320342 191 187.06804894320345 13674.840463254612 0.0 13626.840463254612
101 1043.4495413403336 46.0 129.03008900879357 183 175.0300890087936 13235.237185023076 0.0 13189.237185023074
94 931.554258541037 46.5 139.25976130427574 185 185.75976130427574 13364.076319636053 0.1725354004718156 13317.403784235581
21 143.57347350375804 51.5 154.19762230511193 205 205.69762230511188 14179.688146149307 0.33695307854230805 14127.851193070765
31 233.97877081141704 50.5 151.6877604040776 201 202.1877604040776 14091.204023516168 0.0 14040.704023516168
97 985.9308745366059 46.5 140.8310600648372 185 187.33106006483723 13349.40039324766 0.0 13302.900393247659
32 253.84167228745244 50.5 147.62363142171355 201 198.12363142171355 14083.991513153991 0.0 14033.491513153991
104 1067.9484984948142 47.0 138.76550013156393 187 185.76550013156393 13396.628053958331 0.0 13349.628053958331
86 866.8236754983885 48.0 142.39657992503118 191 190.3965799250312 13633.213088495335 0.1398318349888541 13585.073256660346
54 485.3264030963839 50.0 151.00277903804187 199 201.00277903804184 14017.837555873202 0.02965655610438489 13967.807899317097
22 173.68552868456635 52.5 150.6971687971782 209 203.19716879717822 14364.511682037637 0.36016429956043794 14311.651517738075
55 529.770597399685 50.0 150.84144211229108 199 200.84144211229108 14012.063332950867 0.5912608497699239 13961.472072101098
36 284.3317184764792 51.5 151.36193150423213 205 202.86193150423216 14259.083513645863 0.5207317515080376 14207.062781894356
50 442.9086293323329 50.5 147.5264069296582 201 198.02640692965824 14104.313076791557 0.0 14053.813076791557
56 538.2958864770245 50.0 142.8479618260852 199 192.84796182608522 14009.987576204623 0.24600674973146397 13959.74156945489
57 544.453391035384 50.0 149.81544483379494 199 199.81544483379497 14010.298524845986 0.0 13960.298524845986
93 931.2267939415088 48.5 144.18867290536588 193 192.6886729053659 13679.72116530864 0.0 13631.22116530864
95 947.6584558433217 49.0 141.7873151931837 195 190.7873151931837 13733.910143243404 0.0 13684.910143243404
39 365.9239563834822 52.0 151.64298129255667 207 203.6429812925567 14318.771115576206 0.0 14266.771115576206
81 840.5238371762526 49.5 148.79204234477942 197 198.29204234477942 13845.742034013436 0.14865256941425287 13796.093381444021
53 457.68316072341923 51.5 146.49370821824266 205 197.99370821824266 14231.002396927397 0.0 14179.502396927399
37 351.58908875539413 52.5 157.8393784671456 209 210.3393784671456 14389.551637103974 0.0 14337.051637103974
20 120.29600397521756 55.0 159.55967097984987 219 214.55967097984984 14629.606571973121 0.0 14574.606571973121
92 921.4817227616836 50.0 145.76618530435192 199 195.7661853043519 13876.187335050887 0.35120737558304427 13825.836127675304
38 356.0216584668148 53.0 158.11022003700597 211 211.11022003700594 14442.971473572552 0.0 14389.971473572552
42 402.4082096473973 53.0 160.13210160195376 211 213.13210160195376 14418.135966545808 0.10007370927428383 14365.035892836533
73 776.3088117312053 51.5 147.8401870129489 205 199.34018701294883 14098.814476920043 0.09584971628703443 14047.218627203754
99 1020.2643597520885 50.5 157.19998113740826 201 207.69998113740826 13858.638669773021 0.0 13808.138669773023
24 181.37074998604632 55.5 165.10833161016276 221 220.60833161016276 14724.906106953471 0.4804138263758375 14668.925693127096
51 445.2580436985968 54.0 162.76724220321628 215 216.76724220321626 14507.836894755517 0.46819166044895155 14453.368703095068
15 106.39740312310553 57.5 168.80505814658474 229 226.3050581465848 14855.575150021434 0.4087523839210121 14797.666397637515
59 573.2317188949058 53.5 155.9072049110536 213 209.4072049110536 14393.749412968966 0.2105288765063733 14340.038884092459
61 585.7141052239201 53.5 159.04965545415894 213 212.54965545415897 14386.380116080549 0.0 14332.880116080549
90 904.5777586361638 52.0 155.83457672170974 207 207.83457672170974 14080.57828390905 0.0 14028.57828390905
66 607.183323722028 53.5 159.39318955307485 213 212.89318955307482 14388.21316058619 0.0 14334.71316058619
33 255.58318584373876 56.0 167.2954687457249 223 223.2954687457249 14756.364847039427 0.2302742647070204 14700.134572774721
44 410.0418066981311 55.0 162.33212371983106 219 217.33212371983103 14614.139776610695 0.0 14559.139776610695
9 46.196134721493394 60.0 177.82958882377 239 237.82958882377002 14999.464656060378 0.0 14939.464656060378
64 592.1794951731608 55.5 167.05042424609002 221 222.55042424609002 14530.848692530193 0.0 14475.348692530193
71 755.1953237743081 55.0 165.5896123127185 219 220.5896123127185 14388.549473547155 0.0 14333.549473547155
60 584.2974111635773 56.0 161.774421990158 223 217.77442199015798 14563.34261966198 0.2778933592436488 14507.064726302737
98 1019.5418490129708 54.0 159.77497307795235 215 213.77497307795238 14131.622175946937 0.20448389988371218 14077.417692047053
102 1046.234764930103 54.0 155.0569778411334 215 209.05697784113337 14117.328449763341 0.0 14063.328449763341
67 619.7041888506066 56.0 166.79002521818157 223 222.7900252181816 14548.629653326827 0.3315192504943525 14492.298134076333
52 457.0520594141742 57.0 162.06963968131657 227 219.06963968131657 14713.394407801616 0.0 14656.394407801616
79 806.4763887716174 55.5 164.19917744038952 221 219.69917744038955 14380.699408592145 0.0 14325.199408592145
77 803.5761750724344 56.0 164.65751388266497 223 220.65751388266494 14401.608820368674 0.0 14345.608820368672
78 803.6091377776904 56.0 168.40477248517377 223 224.40477248517374 14403.34125344749 0.46703729474393185 14346.874216152746
63 588.3782966265971 57.5 170.6513719172431 229 228.1513719172431 14631.750753607743 0.0 14574.250753607743
91 919.5126705770011 56.0 165.6709677256443 223 221.67096772564423 14309.138125682664 0.5400429284427446 14252.59808275422
103 1048.8980415527296 55.5 169.35326525358687 221 224.85326525358687 14181.401469643248 0.0 14125.901469643248
100 1024.9431293170328 56.5 167.29205570909014 225 223.79205570909014 14231.096526857898 0.0 14174.596526857898
80 828.85675419478 58.5 175.37414480166774 233 233.87414480166774 14451.16920421053 0.0 14392.66920421053
76 788.6272465591462 59.5 178.05288244135573 237 237.55288244135573 14512.14021918313 0.0 14452.64021918313
48 427.3667886719848 61.5 189.24590423270183 245 250.74590423270183 14874.696760633906 0.0 14813.196760633906
85 861.6172092361674 60.0 178.63861668210498 239 238.638616682105 14454.199730754282 0.0 14394.199730754282
82 849.6780194512141 61.0 180.28964093990984 243 241.28964093990984 14475.008270013901 0.2533944047103205 14413.754875609191
69 694.4148695979629 62.0 188.26852130892146 247 250.26852130892152 14634.595050592161 0.4356699500143577 14572.159380642148
84 859.8861488037289 61.5 181.7274821015293 245 243.22748210152935 14472.668620942191 0.45638664255170625 14410.712234299639
83 851.7548859599104 62.0 183.6894966684485 247 245.6894966684485 14482.656584831226 0.0 14420.656584831224
